400,454.714266929366,7.19527918964954E-4
401,364.718116221069,5.84129455256111E-4
402,499.340231620101,7.86667313406783E-4
403,544.847755777005,8.55133006767485E-4
404,317.907410463687,5.1370313596586E-4
405,315.701355549267,5.10384144609908E-4
406,156.931512556326,2.71516230200803E-4
407,156.995836340663,2.71613004801834E-4
408,336.619965789873,5.41856020542497E-4
409,224.043131403023,3.72485105173124E-4
410,246.151160917238,4.05746452556267E-4
411,64.9971768567982,1.33201783217888E-4
412,20.1443214073076,6.57210335078241E-5
413,176.03348117217,3.00254983847978E-4
414,108.254306230073,1.98281776256481E-4
415,218.761936340941,3.64539590922515E-4
416,-2.20664309793134,3.20941924418181E-5
417,41.7111972794478,9.8168219716399E-5
418,173.584954623748,2.96571195925967E-4
419,260.983932605621,4.2806223476856E-4
420,260.390917780576,4.27170048873545E-4
421,151.219393486659,2.62922394348181E-4
422,193.688622540444,3.26816997878722E-4
423,258.795304508192,4.24769461914504E-4
424,215.844935960874,3.60150987999048E-4
425,365.469815071192,5.85260379953194E-4
426,452.237523611257,7.15801679146542E-4
427,1424.61852676021,0.00217874084854252
428,2534.01652656817,0.00384782095511882
429,1934.87337444101,0.00294641504274114
430,899.568260443403,0.00138880706948968
431,468.348791516742,7.40040948333453E-4
432,233.897030138148,3.87310214244765E-4
433,61.9473052456943,1.28613276627299E-4
434,104.576476241789,1.92748511485968E-4
435,40.6879276793078,9.66287190741106E-5
436,146.873177455974,2.563835483101E-4
437,274.434902675317,4.48299107884763E-4
438,-23.4323185176099,1.60339489348852E-7
439,124.812796074274,2.2319388714787E-4
440,-23.3301493204409,3.14052200683424E-7
441,-2.1232085088094,3.22197190904401E-5
442,229.798766252144,3.81144410155688E-4
443,40.1805466393722,9.58653684998739E-5
444,82.3234218450404,1.59268975367638E-4
445,-2.09996644786865,3.22546865787164E-5
446,166.579494141322,2.86031538624757E-4
447,18.9751672382816,6.39620507393498E-5
448,123.911745977965,2.21838264737303E-4
449,40.1871429336751,9.58752925700452E-5
450,124.145842255124,2.22190460648326E-4
451,82.0122285814523,1.58800787678779E-4
452,252.589752416976,4.1543326016584E-4
453,82.483987134149,1.59510544515865E-4
454,19.0704172204885,6.41053535490545E-5
455,104.61612677009,1.92808165377551E-4
456,231.587221158553,3.83835125756683E-4
457,40.5514645321632,9.64234113989397E-5
458,298.811320736885,4.84973227058579E-4
459,-23.5388923771107,0
460,-2.14813669427244,3.21822148417786E-5
461,127.342078946495,2.26999172290496E-4
462,191.770349493702,3.23930971960292E-4
463,127.924687906789,2.27875702648139E-4
464,193.54354188022,3.26598725226463E-4
465,323.311624250239,5.21833730869024E-4
466,370.158451362486,5.9231439443864E-4
467,457.140373333572,7.23177975965597E-4
468,347.82623898959,5.58715765800505E-4
469,306.629632908104,4.96735812996398E-4
470,306.109080147612,4.95952645677626E-4
471,529.222922816984,8.31625574929079E-4
472,488.045089374464,7.69673865404888E-4
473,666.762195243624,0.00103855227167815
474,894.508303171264,0.00138119440566253
475,970.071407530658,0.0014948784706232
476,1421.42394409023,0.00217393462536185
477,1631.0122195576,0.00248925845072909
478,1387.32107554804,0.0021226271419602
479,2094.33619692313,0.00318632553905489
480,2335.66082607755,0.00354939644581538
481,2113.4844562334,0.00321513393666863
482,2844.67815815609,0.00431520880803516
483,3559.96367529197,0.00539134994708562
484,4652.00640137813,0.00703431918802284
485,5747.87403476137,0.00868304297032409
486,5882.76793858978,0.00888598973191675
487,7594.35516165803,0.0114610585396737
488,8956.44001400535,0.0135103039240311
489,11230.8680045525,0.0169321620069911
490,12691.7817039557,0.019130094573591
491,15656.8477554037,0.0235910119017394
492,18662.6907669125,0.0281132778287279
493,22484.2429525669,0.0338627714553823
494,26276.5111239392,0.0395682075249764
495,32719.754064246,0.0492620131883776
496,37643.1910463995,0.056669283369428
497,46731.6626591868,0.0703428136720898
498,54584.9375546213,0.0821580007390521
499,63860.0268073438,0.0961122957360851
500,79135.0336437502,0.119093417067542
501,94933.8322871464,0.142862578836413
502,115839.465341772,0.174314930700127
503,138273.506599612,0.20806676005267
504,166771.64079595,0.250941967029683
505,195941.971714917,0.29482848841112
506,236525.410317645,0.355885935819533
507,286070.808540231,0.430426577284575
508,336507.428357336,0.506308054260605
509,390140.142496573,0.586998028685463
510,459955.391650304,0.692034493072754
511,514862.264890211,0.774641429316463
512,580264.134033017,0.873038000013418
513,613342.264944781,0.922803774133353
514,651796.485193766,0.980657830155263
515,663587.572021296,0.998397422674946
516,664652.767197937,1
517,639848.781640824,0.962682609068747
518,607813.734349269,0.914486145620265
519,563899.342777289,0.848417307044855
520,520069.918191429,0.782476300596665
521,474606.281627033,0.714076635755569
522,425559.963736579,0.640286856518591
523,383041.151851434,0.576317656028741
524,344932.56789499,0.518983606947614
525,307369.639806333,0.462470492602368
526,273740.228231905,0.411875321289223
527,238408.516941644,0.358719054146069
528,218050.071918612,0.328089942146001
529,190995.253495497,0.287386191801336
530,170763.974017593,0.256948399311174
531,150374.741344664,0.226272967546711
532,134611.942250024,0.202557966800921
533,120798.117072868,0.181775181179437
534,106222.093374055,0.159845674191966
535,96074.5955428631,0.144578847710847
536,88347.3261931673,0.132953234944314
537,76929.7076207029,0.115775522322626
538,67605.8708037812,0.101747887018812
539,63829.6640907155,0.0960666152802752
540,54574.7381638853,0.0821426558401252
541,48788.5799446744,0.0734374286999469
542,44674.7045280962,0.0672481371923612
543,37986.931588872,0.0571864381699268
544,33622.9794375677,0.0506209082852022
545,29691.9341625238,0.0447066832119982
546,27312.691781389,0.0411271327461036
547,25375.2173010754,0.0382122184298252
548,22352.7069021222,0.0336648765564074
549,19374.1026529516,0.0291835911218611
550,17961.6109245443,0.0270585090097639
551,15146.2776630677,0.0228228634245667
552,13477.7879393142,0.020312634447747
553,14842.94515997,0.0223665021847899
554,11565.2843635493,0.017435288650641
555,10564.2353256586,0.0159292186603039
556,8673.39182767904,0.0130844602709133
557,8534.33934451764,0.0128752569611409
558,6984.04950384108,0.0105428587298943
559,6409.19435417216,0.00967799391614722
560,6514.59106280307,0.00983656239175735
561,4145.67458008325,0.00627254715454511
562,4887.87062740791,0.00738917496348616
563,3960.92385258377,0.0059945912144783
564,3554.50885386075,0.0053831432134
565,2801.41022911213,0.00425011256698143
566,2747.94256016914,0.004169670901688
567,2989.00898375852,0.00453235334031344
568,2836.71347001772,0.00430322600066654
569,1616.74404365853,0.00246779209820782
570,2176.70398969565,0.00331024720140061
571,1681.71569374518,0.00256554140789635
572,1337.42852177857,0.00204756420784879
573,873.339718390123,0.00134934644510311
574,1540.0774780967,0.00235244788500306
575,960.36150233082,0.00148026999863335
576,781.335198008451,0.00121092640584694
577,784.227867861951,0.0012152784036946
578,831.663760747669,0.00128664531184383
579,876.890432595908,0.00135468846523118
580,609.827558541179,9.52894582091858E-4
581,658.107569059694,0.00102553145823162
582,778.840743682385,0.00120717351996367
583,390.300746704966,6.2261831103371E-4
584,395.047550006918,6.29759837305157E-4
585,675.366544388361,0.00105149744373543
586,602.030477322298,9.41163937946072E-4
587,404.965193052738,6.44680849164532E-4
588,815.345694940477,0.00126209491692578
589,243.894357589396,4.02351110632441E-4
590,371.957360262852,5.95020837987E-4
591,499.058246724386,7.86243069465587E-4
592,292.919004784682,4.7610828648794E-4
593,424.861381538291,6.74614500030748E-4
594,167.726117945403,2.87756624645689E-4
595,300.312034639936,4.87231038702081E-4
596,171.295524771833,2.93126767666772E-4
597,348.220595679987,5.59309072176531E-4
598,486.475164207283,7.67311925987466E-4
599,130.333215559945,2.31499312563352E-4
600,447.46440754951,7.08620565545814E-4
