400,860.04802664759,8.37246994402025E-4
401,643.595148792991,6.40027851340103E-4
402,770.087990720242,7.55280695911278E-4
403,685.451503564049,6.7816490223757E-4
404,510.120307479828,5.18413419205869E-4
405,401.509215795769,4.19453374685978E-4
406,574.54072721255,5.7710952018315E-4
407,442.86279866788,4.57132329373087E-4
408,313.386164926605,3.39160829035034E-4
409,184.659985117175,2.21873098221381E-4
410,269.976491691693,2.99608485629656E-4
411,332.134519123421,3.56243227685335E-4
412,331.492901180355,3.55658623118471E-4
413,519.545720938526,5.27001302091757E-4
414,264.552973517728,2.94666894567195E-4
415,474.541362343677,4.85995975093566E-4
416,535.514891352583,5.41551471790058E-4
417,680.153461845015,6.73337637947575E-4
418,618.127340994146,6.16823081417257E-4
419,428.324606391218,4.4388598286621E-4
420,364.911939606562,3.86108087157463E-4
421,552.431861284699,5.56965220714466E-4
422,446.819987515564,4.60737887318122E-4
423,651.050560572396,6.46820784457379E-4
424,467.022690170185,4.79145402822516E-4
425,813.88065065684,7.95181994294105E-4
426,1139.43434772366,0.00109180739282213
427,2105.37189673897,0.00197191292690563
428,3075.02819178763,0.00285540676385316
429,2925.90093870117,0.00271953077388065
430,1927.54233266554,0.00180988507777167
431,1815.6650857856,0.00170794910456363
432,1636.23778668303,0.00154446549315748
433,2430.04608743408,0.00226773697090945
434,2821.64714345854,0.00262454084183403
435,3274.27549726889,0.00303694920040513
436,4951.39997803431,0.00456504647581725
437,6014.7208000348,0.00553388192579313
438,7738.33836878012,0.00710434097093814
439,9014.49825353913,0.00826710286801598
440,11607.2485562513,0.0106294645882326
441,15071.763883202,0.0137861273717373
442,19191.2970633916,0.0175396039328478
443,25594.8469511981,0.0233741423041778
444,33318.1392846625,0.0304111524410711
445,43624.0503640798,0.0398012930190143
446,56964.2451333991,0.0519560945941248
447,76470.4286947574,0.0697289828297055
448,99124.9821106928,0.0903704806717559
449,129478.177835718,0.118026528996978
450,164033.484294191,0.149511293697404
451,220831.057158122,0.20126190454281
452,287867.240163149,0.262341335305909
453,366071.067946295,0.333596067755873
454,468859.41141426,0.427250766258537
455,587162.598892148,0.535041678937257
456,717879.606367008,0.65414333493431
457,831361.441830208,0.757541314970319
458,943115.944055655,0.859365450461922
459,1036230.42772077,0.944205896369153
460,1086844.34680644,0.990322325256671
461,1097465.83373013,1
462,1081691.50370616,0.985627357415904
463,1035862.72089332,0.943870863515231
464,965316.275514029,0.879593087947307
465,881015.935467018,0.802783571766753
466,799796.2816252,0.728780995828589
467,710085.264545885,0.647041588679284
468,645416.03825581,0.588118789787354
469,575872.523603689,0.524754825763653
470,510309.86279294,0.465017981836629
471,459419.561040052,0.41864972930358
472,413011.621478041,0.376365541805563
473,365698.56955133,0.333256669107192
474,327824.787276943,0.29874830424412
475,296017.167242502,0.269767069953276
476,264162.728242898,0.240743176972559
477,233721.41506495,0.213006841202205
478,212430.764651639,0.193608051630256
479,191047.44617359,0.174124828363094
480,175420.746523092,0.159886697900225
481,155365.239224829,0.141613298155027
482,143948.198221799,0.131210761283086
483,132130.820272521,0.120443460910387
484,115450.702723253,0.105245517959272
485,106300.58304978,0.0969084665936232
486,97661.633879215,0.0890371637527399
487,91805.1148828914,0.0837010477850111
488,83438.7287950311,0.0760780884086918
489,74345.0487533649,0.0677924615190302
490,68508.891660448,0.0624748981211761
491,63666.3433167917,0.0580626526290493
492,58155.6661035086,0.0530416473716158
493,53265.2211563343,0.0485857613088715
494,49159.1780177299,0.0448445760809494
495,45961.3362844534,0.0419308906056836
496,42218.693657027,0.038520814569347
497,39034.0686516578,0.0356191713999068
498,37779.9747457003,0.0344765147260682
499,34546.5425049792,0.031530401271794
500,32012.7253712211,0.0292217359920879
501,30176.6052628128,0.0275487712436945
502,28614.1718341716,0.0261251737154837
503,24917.3813787555,0.0227568754839102
504,26166.6877794692,0.0238951700642947
505,23205.8422889329,0.021197421639002
506,21799.1560031541,0.0199157317553285
507,21848.1939551355,0.0199604122555978
508,20105.8991610421,0.0183729356202298
509,19326.1126208376,0.0176624399467389
510,19209.9560000635,0.0175566048595038
511,16548.7018771717,0.0151318264837721
512,16637.9260375807,0.0152131222957321
513,15131.5260424475,0.0138405791394881
514,13584.6576597049,0.0124311635664644
515,13126.9058699541,0.0120140870341285
516,11769.7511821729,0.0107775274319667
517,12023.7015027157,0.0110089120413753
518,11181.608524591,0.0102416464029125
519,10576.0660613057,0.00968991169335152
520,8704.54957723646,0.00798469584742348
521,10096.3640726402,0.0092528354296058
522,8507.92316821402,0.00780554141771524
523,7836.03429338324,0.0071933557566127
524,8038.29095242661,0.00737764013929435
525,7091.15208185218,0.00651466285635518
526,6728.90694529849,0.00618460637423505
527,5516.23864155374,0.0050796942748748
528,4652.42012240883,0.00429263360007419
529,4653.91911861569,0.00429399939733361
530,4933.55873842362,0.00454879058667381
531,5321.02105333708,0.00490182347989943
532,3665.29580522036,0.00339322392781162
533,4073.70634951724,0.00376534361668815
534,3054.63916539573,0.00283682948110814
535,4124.48094711644,0.00381160644639538
536,3314.78348995364,0.00307385770300222
537,3000.76911680094,0.00278774625834912
538,3283.04668740296,0.0030449409934412
539,2694.4358152895,0.00250863335481914
540,2232.69597245261,0.00208792314285786
541,2439.53041547773,0.00227637853330319
542,2023.72426418496,0.00189752040191387
543,2052.12029558682,0.00192339319711503
544,2040.32199885903,0.0019126432824301
545,1775.12672700717,0.00167101293416635
546,2119.41999288572,0.00198471272661804
547,1938.16097595362,0.00181956016156132
548,2182.30884378662,0.00204201335207406
549,1639.51327702137,0.00154744992747888
550,2265.72403726368,0.0021180163747132
551,1604.99043441988,0.00151599474193729
552,1377.5263419983,0.00130874282720472
553,1031.43617234326,9.93405801621842E-4
554,1670.90458899899,0.00157605184633151
555,1737.88663028224,0.00163708194633921
556,993.323274902185,9.58679569069812E-4
557,1824.40526748182,0.00171591264453325
558,1524.47482664755,0.00144263365140637
559,1231.43765820654,0.00117563540302065
560,1359.73847609543,0.00129253556904749
561,834.899731474375,8.143333456084E-4
562,1130.64783103846,0.0010838016351333
563,1231.80312828035,0.00117596839787609
564,984.922241356384,9.51025040965777E-4
565,1219.81300865892,0.0011650437054424
566,836.213062746535,8.15529975889406E-4
567,776.951761873601,7.61534560856183E-4
568,551.748712734197,5.56342775898534E-4
569,1158.37943687998,0.00110906904480696
570,864.238674166189,8.41065266169461E-4
571,633.958807392163,6.31247783307929E-4
572,671.229677088098,6.65206809657962E-4
573,644.263063196011,6.40636415696041E-4
574,895.034799035498,8.69124885503481E-4
575,863.349122006687,8.40254758513732E-4
576,518.327124123279,5.25890988281088E-4
577,592.980676976069,5.93910918836344E-4
578,382.063632036758,4.0173570142932E-4
579,966.592961675384,9.34324478388562E-4
580,571.156671519703,5.74026167490259E-4
581,353.587564481623,3.75789981988391E-4
582,431.425363624074,4.46711210649588E-4
583,733.72473684539,7.22148635763947E-4
584,399.993273078606,4.18072136762171E-4
585,633.219505822706,6.30574175160798E-4
586,444.142176013198,4.58298022831161E-4
587,680.373697249601,6.73538303506725E-4
588,335.851527019441,3.59629946860767E-4
589,611.518919713837,6.10801876271766E-4
590,261.120846386884,2.91539742004782E-4
591,344.099056616938,3.67144611187331E-4
592,385.625323680102,4.04980905562032E-4
593,512.216061585247,5.20322947195684E-4
594,352.571709221867,3.74864394369553E-4
595,519.339111276925,5.26813051508936E-4
596,482.048495699441,4.92836033871947E-4
597,-58.8512171065138,0
598,615.713324915927,6.14623571819589E-4
599,281.644278661721,3.10239487492351E-4
600,712.890322234252,7.03165541445536E-4
