400,233.58542442507,4.1191235512886E-4
401,121.214196560852,2.64204098270869E-4
402,255.264485194463,4.40408762415917E-4
403,590.789800548614,8.81445675553274E-4
404,165.79834200301,3.22808480655314E-4
405,365.414005480274,5.85196658253636E-4
406,142.748485416221,2.92510207672348E-4
407,164.808040361837,3.21506761950612E-4
408,8.87634771483776,1.16539717026665E-4
409,164.117437946935,3.20598987951645E-4
410,-79.7829552639069,0
411,228.981996336433,4.05861301389683E-4
412,74.6251762673232,2.02964374303503E-4
413,205.537493769967,3.75044279338631E-4
414,182.241291625442,3.44422193279938E-4
415,138.595082396113,2.87050696979182E-4
416,441.953794401958,6.85805675497459E-4
417,137.799386013048,2.86004780440184E-4
418,331.812772518745,5.41028950528454E-4
419,245.382620187772,4.27419378190197E-4
420,330.128432086404,5.38814940822008E-4
421,308.930154646254,5.10950507295839E-4
422,372.456984078382,5.94454420330168E-4
423,264.352597728975,4.5235478530911E-4
424,413.912949576009,6.48946913794942E-4
425,519.196152539356,7.87338196703527E-4
426,580.153380927985,8.67464454281299E-4
427,1579.77520315822,0.00218143422826339
428,2330.17262574022,0.00316780678418356
429,1902.67381765254,0.00260587376136565
430,1358.04010632932,0.00188997078820549
431,828.342163173456,0.00119370038757094
432,762.476130259821,0.00110712166904363
433,997.392421934964,0.00141591135311478
434,1181.08565692854,0.00165737002588369
435,1471.49863340992,0.00203910826386787
436,1891.51506061595,0.00259120594486223
437,2388.78819157853,0.00324485500390386
438,3462.44835644716,0.00465614572684795
439,3905.43973023699,0.00523844321410766
440,5012.69248195809,0.00669389027975297
441,6788.26764045448,0.0090278250116824
442,8243.36296930169,0.010940499623069
443,11051.6868234895,0.0146319483068551
444,14633.3850196349,0.0193399719459961
445,17834.0240450476,0.0235471059273622
446,24705.8460765868,0.0325798883665065
447,31928.8879470827,0.0420743376502003
448,41920.8359544028,0.0552084223338731
449,54316.5469897281,0.0715021738959336
450,72888.2815545125,0.0959141038136907
451,94369.6980344951,0.124150714229061
452,127250.84361993,0.167371890950446
453,168781.785002691,0.221962937732738
454,210707.842851991,0.27707335202251
455,265303.178993966,0.348837112972522
456,341393.155766107,0.448854867045286
457,398149.61878638,0.523459357691945
458,475913.127122731,0.625676913572029
459,540111.366830384,0.710063373173832
460,600617.675241008,0.789596911376729
461,658188.568255979,0.865271943274348
462,706192.270559799,0.928371219884503
463,727551.134409725,0.956446738927081
464,746162.421645887,0.980910659521226
465,756733.076113811,0.994805434678369
466,757023.260526005,0.995186872476168
467,760684.918047562,1
468,758040.534741716,0.996524045736665
469,730740.013040708,0.960638414259519
470,707085.307902335,0.929545087890417
471,693020.802316359,0.911057761168455
472,667924.437958502,0.878069421508667
473,633857.707264892,0.833289832433749
474,605142.921555077,0.795545197762919
475,565894.723921952,0.743954742026225
476,527987.69452042,0.694127207505284
477,494721.307103481,0.650399643157085
478,451787.28655653,0.593964295288874
479,417369.971968658,0.548723875297642
480,380333.655616049,0.500040864238126
481,342294.969904612,0.45004027185878
482,311070.483343886,0.408996718550424
483,285757.203656137,0.375723250874569
484,257003.465863192,0.337927414980707
485,237722.094870294,0.312582691484098
486,210334.140492273,0.276582132649127
487,193887.513854656,0.25496358670984
488,172862.594548362,0.227327026708332
489,161233.063635857,0.212040393538871
490,143354.405907078,0.188539490164658
491,130820.991200923,0.172064731688571
492,120139.588526113,0.158024381681887
493,107808.870013683,0.141816060638369
494,98913.3056132141,0.130123135889438
495,91592.0342362179,0.12049956717319
496,85485.295430813,0.112472461292285
497,77045.4437805285,0.101378555858503
498,70047.8397962163,0.0921804372088232
499,62499.9021305441,0.082258923164175
500,58138.9528762437,0.0765265998208971
501,51814.9035179827,0.0682138464164281
502,51536.0862120878,0.0678473503033364
503,45582.6613441766,0.0600217705149163
504,41831.0826117,0.055090444537868
505,39708.7019222007,0.0523006454229753
506,36048.348451482,0.0474892320307744
507,34313.80813099,0.0452092362341693
508,31768.0652994409,0.0418629416069431
509,29787.0991485348,0.0392590272188349
510,26578.4516075791,0.0350413663090606
511,24118.1610249506,0.0318073958325317
512,23087.9818704301,0.030453259457431
513,20453.5427684776,0.026990376520723
514,18797.5546776156,0.024813635028013
515,18751.1069280562,0.0247525809997462
516,17718.8448549449,0.0233957066971522
517,17008.5715626411,0.0224620759814164
518,14995.5917317078,0.0198160806713293
519,14220.0163340343,0.0187966125011433
520,12530.9771625525,0.016576426457738
521,11851.8333390435,0.0156837143976047
522,11989.6635738063,0.0158648876757301
523,10555.0090001182,0.0139790817599233
524,9635.31976535573,0.0127701807244913
525,8615.4672782167,0.0114296184116044
526,8453.85804000268,0.0112171884210949
527,8609.03749444635,0.0114211666738176
528,8316.92442688751,0.0110371937224257
529,7249.06011071528,0.00963352145061205
530,6482.41503755807,0.00862579189619578
531,6402.1952237104,0.00852034560808339
532,6271.18965597553,0.00834814312870682
533,5155.52029540121,0.00688163270951457
534,4274.40540413149,0.00572343637087234
535,4955.41561246074,0.00661860173203008
536,4332.05884554533,0.00579921990990596
537,4204.94436011649,0.00563213212933296
538,4524.09734961359,0.00605164816244596
539,3710.85051138002,0.00498266213146744
540,4031.82267425466,0.00540456940772716
541,3465.79204119313,0.00466054088969076
542,3954.17783932731,0.00530250784411228
543,2895.97460143534,0.00391153473968581
544,2539.22901121025,0.00344260447812815
545,2680.81499674238,0.00362871456623489
546,2158.34121606939,0.00294194008789188
547,2740.04712596535,0.00370657323810135
548,2697.35570744765,0.00365045678256468
549,2615.80034934799,0.00354325496577146
550,1915.46256982952,0.00262268415248938
551,1899.75793184523,0.00260204092605735
552,1845.92821051195,0.00253128354041324
553,2111.77062723505,0.0028807245914671
554,2055.36700278625,0.00280658389543526
555,1763.44930027288,0.00242286774492437
556,1938.37260717186,0.00265279863770686
557,1722.52871553033,0.00236907899172827
558,1986.71968970936,0.00271634927626011
559,1781.56424195906,0.00244667923573396
560,1397.25688618327,0.00194151994631214
561,1315.67204083102,0.00183427936950211
562,999.978658776925,0.00141931087577737
563,1002.55060003817,0.00142269160737264
564,1675.94687684864,0.00230784870775179
565,1088.9474422706,0.00153625739468972
566,990.32969726695,0.00140662763548342
567,1036.77209902746,0.00146767463424571
568,702.174171851295,0.00102785674214963
569,945.788782597867,0.00134808007851821
570,1028.14074470812,0.00145632900489677
571,859.314147903837,0.00123441203558715
572,827.489584905911,0.00119257970167894
573,874.953173517996,0.00125496901673196
574,627.687320119294,9.2994624284043E-4
575,594.326067803524,8.8609398172501E-4
576,566.182990599224,8.49100838947484E-4
577,1306.41480329446,0.0018221110373958
578,943.779285369171,0.00134543866097341
579,956.919795814646,0.00136271142668948
580,807.658953005439,0.00116651299291297
581,662.412431913016,9.75591252063319E-4
582,788.23982663653,0.00114098719453758
583,1058.86469098247,0.00149671461457851
584,640.10133262312,9.46264051076619E-4
585,529.325478118378,8.00652859654726E-4
586,847.240250430341,0.0012185412972924
587,776.032670457556,0.00112494129208853
588,744.560066141452,0.00108357159620935
589,380.606934230578,6.05167259847372E-4
590,466.781911556964,7.18441413094481E-4
591,-24.8465480096646,7.22120876294946E-5
592,639.504888986395,9.45480045672663E-4
593,478.963590549527,7.34453826625899E-4
594,821.841084064171,0.00118515493442266
595,399.972669426864,6.30622877294867E-4
596,577.765659174545,8.64325873126978E-4
597,756.356056468507,0.00109907703476546
598,453.293345673539,7.00711140034172E-4
599,547.557319735495,8.24618011551343E-4
600,373.44635769235,5.95754919173851E-4
