400,49.5304911516299,6.60996592088551E-5
401,318.125283783838,4.5922090338847E-4
402,295.806360896986,4.26554437117687E-4
403,363.524142957595,5.25667671875011E-4
404,272.768970107397,3.92836405427265E-4
405,473.872794637298,6.87176384745961E-4
406,272.749815325183,3.92808370066853E-4
407,182.248824532429,2.60349130067169E-4
408,93.3647594190225,1.30256458043659E-4
409,204.81876073702,2.93382984948909E-4
410,137.285845191161,1.94540324887294E-4
411,136.869129900995,1.93930411226149E-4
412,268.025546589593,3.85893826471374E-4
413,4.36878971442564,0
414,91.4900769307009,1.27512631534483E-4
415,199.394449477054,2.85443843722685E-4
416,220.088522563722,3.15732144099805E-4
417,285.718685801142,4.11789894046339E-4
418,306.044249305795,4.4153883569668E-4
419,370.052265222989,5.35222375158638E-4
420,133.748414819359,1.89362864016465E-4
421,132.735137549956,1.87879809125703E-4
422,347.25534606388,5.01856303033917E-4
423,368.532190146579,5.32997559854408E-4
424,153.368171313005,2.18078771006684E-4
425,515.57170906639,7.48207832752292E-4
426,536.715000267906,7.79153618639413E-4
427,1421.56106868074,0.00207423377977349
428,1741.02897301401,0.00254181402880282
429,1419.04081303766,0.00207054507820058
430,718.805880449229,0.00104566583456559
431,784.317333448454,0.00114154983759738
432,340.28088135745,4.91648323139708E-4
433,717.355589999831,0.00104354315757584
434,781.925379336017,0.00113804892096573
435,924.582771930671,0.00134684541742284
436,1050.68283275109,0.00153140823904362
437,1158.22262437704,0.00168880584258056
438,1087.03911697893,0.00158462009601721
439,2340.73875189642,0.00341956244719366
440,2279.91241508385,0.00333053568322586
441,2994.98407211414,0.00437713028297395
442,3951.33179593418,0.00577686183909271
443,5095.09854507398,0.00745090400151398
444,6557.77799444479,0.00959171380403305
445,9183.29025302722,0.0134344712737063
446,10083.1196946297,0.0147514814292851
447,14215.407965116,0.0207995893999667
448,17278.926256195,0.0252834221293864
449,24299.9725540032,0.0355595798649405
450,30243.3827261061,0.0442584856725682
451,40877.5014459937,0.0598228156469039
452,55198.6478845323,0.080783560458163
453,70285.1469870546,0.102864492256492
454,89874.276144133,0.131535572403496
455,122993.706460341,0.180009898822237
456,148400.149201721,0.217195327038435
457,183755.296681836,0.268941898255728
458,227395.591255041,0.332814792926754
459,269964.122298986,0.395119030931135
460,312854.741432404,0.457894684145125
461,355318.949738443,0.520046233096528
462,394593.332819945,0.577529083713549
463,438283.106519748,0.641474397122179
464,475523.506584824,0.695980265474496
465,514950.773785825,0.75368688065033
466,550227.904475757,0.805319264778129
467,578800.01551731,0.847138034723063
468,612238.86534159,0.896079870557002
469,634241.611224679,0.928283573213189
470,657201.033480889,0.961887488443837
471,675700.199569417,0.988963274678331
472,681474.571948195,0.997414773054958
473,683240.893421511,1
474,660078.431928525,0.966098912078116
475,657280.19909412,0.962003356976003
476,628118.857931215,0.91932217686986
477,605744.414563005,0.886574449601814
478,575429.411166307,0.842204744084335
479,536887.408336672,0.785793821307036
480,508115.014421689,0.743681912944864
481,466810.78571126,0.683228135634454
482,431586.608857766,0.631673255905978
483,404300.964340439,0.591737386651869
484,365221.69968465,0.534540115652856
485,336506.389601244,0.492511756441701
486,306004.520792605,0.447868550598634
487,275991.142174757,0.403940309739405
488,257269.888499282,0.376539471229544
489,232765.650198264,0.340674529269329
490,213562.756736417,0.312568752178159
491,193934.476678969,0.283840369912551
492,176700.084127081,0.258615734035281
493,161714.497413671,0.236682499828451
494,147697.951698203,0.216167575332836
495,134452.266608905,0.196780899398852
496,123440.486527017,0.180663815951326
497,115480.569100475,0.169013505788485
498,102466.710115126,0.14996613563748
499,91944.3891246374,0.134565435278025
500,87737.8325782995,0.128408626625846
501,80391.6630091919,0.117656611321825
502,73013.3726438619,0.106857583314201
503,65094.5306766443,0.0952673920967672
504,62790.6224378301,0.0918953413416414
505,57929.221260689,0.0847800876895318
506,53637.4702294817,0.0784985865160981
507,49397.9392765562,0.0722935157974181
508,46000.2412870085,0.0673205703135993
509,41607.0218709707,0.0608905577811088
510,38523.4539562921,0.0563773799817509
511,36510.3157022693,0.0534309065696222
512,33537.1805314239,0.0490793605622602
513,29722.7549147812,0.0434964833606961
514,28286.3196002868,0.0413940850510207
515,28358.0521549348,0.041499074395211
516,26683.6530241438,0.0390483870118144
517,22970.7256681873,0.0336140648962667
518,20759.7214896573,0.0303779905664852
519,19855.3640007059,0.0290543530612468
520,19214.5961132422,0.0281165110923781
521,16640.4056351917,0.0243488693091205
522,13949.3407025866,0.0204101675044191
523,13787.7539454864,0.0201736655738654
524,13438.8153241688,0.0196629513354755
525,12914.9109241519,0.0188961533363503
526,12056.7472975186,0.0176401261836804
527,11341.9719341392,0.0165939652458345
528,9761.93675282913,0.0142813910137096
529,8627.66284112459,0.0126212427768808
530,9585.25691873292,0.014022798523808
531,7901.52722027789,0.0115584547164239
532,7462.9140534117,0.0109164908414649
533,7605.20158539866,0.0111247460018043
534,6502.67225020751,0.00951105982513903
535,6275.48455083744,0.00917854291308941
536,4883.58566324656,0.00714132909706723
537,5399.06960461838,0.00789580272777604
538,5434.04988333365,0.00794700063282673
539,5567.78149807228,0.00814273316455972
540,4347.29523905494,0.00635640264062429
541,4503.91250434025,0.00658563111369182
542,4083.40782460941,0.0059701712186614
543,3910.34730152257,0.00571687603193217
544,3948.65981792885,0.00577295107333445
545,3308.66801229678,0.00483624499489848
546,3014.00174343191,0.00440496496486251
547,2983.68959108577,0.00436059943220531
548,3133.99265887318,0.00458058630698256
549,1928.17944302887,0.00281573157165626
550,2974.68673180616,0.00434742264941482
551,2376.14200438821,0.00347137942596374
552,2555.52093239875,0.00373392236906417
553,2204.59841481958,0.00322030445648509
554,2273.40774228746,0.00332101530110067
555,2646.06786123544,0.00386644884499501
556,1995.59468606802,0.00291440200364974
557,1874.30175641377,0.00273687500489977
558,1736.28503410729,0.00253487069551238
559,1707.99337927926,0.00249346240744804
560,1622.03266832558,0.00236764842084948
561,1150.77222994706,0.00167790128147854
562,1316.87538259134,0.00192101350785402
563,1462.03228060539,0.00213346833540042
564,841.256038594371,0.00122488657837921
565,1211.54228689084,0.00176684567299292
566,1597.50062606259,0.00233174278439918
567,1204.55217416215,0.00175661479030927
568,1172.99755637644,0.00171043075791623
569,1120.2368224243,0.00163320898763606
570,847.51655093348,0.0012340496018907
571,1027.83301919833,0.00149796474952134
572,755.651796348217,0.00109959432721877
573,1012.28633215072,0.00147521027652828
574,691.94858673956,0.00100635690897187
575,920.747904939704,0.00134123262177637
576,777.700521529282,0.00113186532618644
577,524.603467469634,7.61426912935559E-4
578,680.780252068936,9.90010688786049E-4
579,719.76762056167,0.00104707345854026
580,613.35230120653,8.9132165734303E-4
581,1002.37661672909,0.00146070619914897
582,737.113351266376,0.00107246105138603
583,744.921601748991,0.00108388937847498
584,870.544020558926,0.00126775311274714
585,598.284165931281,8.69267603246069E-4
586,762.865337942628,0.00111015222530289
587,369.471106702008,5.34371778769204E-4
588,732.917247321527,0.00106631954139121
589,741.688807362608,0.00107915778953055
590,869.752125409809,0.00126659407759523
591,791.71816354604,0.00115238185525273
592,594.327468861968,8.63476494418207E-4
593,890.827267330521,0.00129744011869655
594,1108.56934584887,0.00161613221238357
595,823.379418031745,0.00119872196346455
596,525.25808927579,7.62385031804436E-4
597,746.300524964053,0.00108590760081139
598,360.182676773618,5.20777028498212E-4
599,582.959632278676,8.46838278846494E-4
600,585.72253434292,8.50882123056569E-4
