400,117.235398351819,3.22007542468315E-4
401,192.167211414221,4.83699565222142E-4
402,166.46967196003,4.28247989124762E-4
403,316.424063632556,7.51827893566129E-4
404,141.743314581103,3.74892083581636E-4
405,264.582398278981,6.39961072367424E-4
406,215.62879573515,5.34326273302744E-4
407,91.5412263911909,2.66563232935343E-4
408,-31.9903245130291,0
409,165.524966057139,4.26209450323911E-4
410,238.602307161789,5.83899790618253E-4
411,285.800810553453,6.85747339375629E-4
412,237.281707452057,5.81050127309867E-4
413,113.939280996412,3.14894997600544E-4
414,378.005694650978,8.84712152960149E-4
415,427.692149645782,9.91928341695451E-4
416,88.7416554296258,2.60522163420031E-4
417,112.359789361961,3.11486682936059E-4
418,304.657734983695,7.26437856919927E-4
419,469.001775164033,0.0010810685431168
420,350.544775149533,8.25455457580699E-4
421,470.963668600308,0.00108530202560139
422,633.039941052907,0.00143503919680045
423,372.104121769652,8.71977411631843E-4
424,585.037684310823,0.0013314572644787
425,581.916844462347,0.00132472294313817
426,1196.29127512412,0.00265045416946261
427,1925.47049874398,0.00422391754634599
428,2332.53061986059,0.00510229445564284
429,2829.23313627346,0.00617410669804555
430,2701.15411930394,0.0058977306905829
431,3038.71961473664,0.00662614824165639
432,3100.37036777129,0.00675918165637127
433,4323.52197514976,0.00939856604397334
434,6277.79246756969,0.0136155993174689
435,8408.70468787943,0.0182137999098633
436,11923.1137258867,0.0257973866791639
437,15080.8819810423,0.0326113941840767
438,19935.2643423475,0.0430864497197844
439,24821.495926891,0.0536302312760978
440,31834.777180019,0.0687638785964341
441,43365.6196576313,0.0936457701197075
442,54123.6462177038,0.116860036587394
443,66457.5309231649,0.143474777175316
444,87153.2378103225,0.188133121503887
445,104283.551943562,0.225097863572856
446,127336.617311633,0.274843046796108
447,158666.344291311,0.342448069557944
448,194064.322606446,0.418831790720593
449,226136.580997857,0.488039088951479
450,262836.131557594,0.567231414902786
451,304833.576564681,0.65785583137104
452,346094.946325539,0.746891903842298
453,368465.656983386,0.795164664221065
454,413771.641262283,0.892928430257357
455,441031.259029606,0.951750745588552
456,456596.400389096,0.985338071024935
457,463391.07647999,1
458,461157.520599491,0.995180309223923
459,449672.799832057,0.970397941685281
460,425947.809818052,0.919202842188833
461,398860.641237483,0.860752647278714
462,371605.340889994,0.801939648315529
463,344565.399650955,0.743591363182699
464,316576.886407846,0.683196196761439
465,286958.960786607,0.619284993925837
466,256735.692655872,0.554067549444411
467,233876.489049854,0.504740691884985
468,216253.265435342,0.466712322395242
469,196289.523594931,0.423633452847229
470,177375.941359099,0.382820675947174
471,155556.698506254,0.335737903388401
472,145890.535657835,0.314879721004276
473,128154.968003334,0.276608929313231
474,117820.393486843,0.254308411154407
475,106040.552702125,0.228889217271926
476,98068.2621278338,0.211686166441367
477,89111.8392726031,0.19235950038439
478,82681.9571550599,0.178484744080437
479,74858.7324267678,0.161603355801177
480,69104.804089839,0.149187210060732
481,61583.370659115,0.13295704378397
482,56188.3764188919,0.121315425947759
483,51351.7876832887,0.110878766484617
484,48687.351513472,0.105129298318975
485,45249.1713064197,0.0977102023495839
486,40131.1739894272,0.0866663038395609
487,39390.7406997949,0.0850685558147638
488,35911.3680963039,0.0775605726073617
489,33552.5375082328,0.072470557118197
490,30671.40450845,0.0662534885125073
491,29587.2530444874,0.0639140463448173
492,27626.2703421756,0.0596825290924855
493,26232.7241993281,0.0566754579243269
494,24598.9052264169,0.05314991271533
495,21766.0735346765,0.0470370713514463
496,20602.2549248592,0.0445257189972309
497,19739.3235032836,0.0426636377082568
498,18435.5253687805,0.0398502297708977
499,16320.453389047,0.0352862101282895
500,15474.6604088141,0.0334611111187279
501,14378.6152841795,0.0310960041502891
502,13822.7568475674,0.0298965419818542
503,12499.8425098905,0.0270418840408955
504,11930.352606273,0.0258130071368079
505,12266.4077382631,0.0265381655418637
506,10728.6069847422,0.0232198137728752
507,10372.3835688111,0.0224511351259805
508,8889.80406036197,0.0192519428227743
509,8764.92463723643,0.0189824710763922
510,8863.95326587977,0.0191961605444763
511,8817.64821086343,0.0190962409281835
512,7621.94356866372,0.0165160831245493
513,7639.99485502172,0.0165550351915719
514,7363.87146132112,0.0159592008158586
515,6732.64390491671,0.0145971029799503
516,6602.06433235772,0.0143153311349289
517,6319.63070743817,0.0137058801922578
518,5777.05421726413,0.0125350785446071
519,4949.21617563167,0.0107487236975324
520,5539.71914945669,0.0120229437701256
521,4595.3446177617,0.00998512002042139
522,4730.55455956352,0.0102768835330453
523,4963.55221866429,0.01077965880642
524,4744.03850055925,0.0103059799288909
525,4535.15266293685,0.00985523448140431
526,4078.75111289601,0.00887038589976613
527,3530.4141013698,0.00768715387960101
528,3694.94712654132,0.00804219236809498
529,3555.14650062024,0.00774052282262962
530,2457.65859253342,0.00537230253602529
531,2494.84904116686,0.00545255414907054
532,2919.57623700235,0.00636905405220259
533,3014.81153680606,0.00657455806489751
534,2895.34279144153,0.00631676177912281
535,2152.1430249832,0.00471304409717182
536,2299.87020545637,0.00503181800174204
537,2392.61456872439,0.00523194693340599
538,2228.78650288667,0.00487842964526712
539,2092.19339821275,0.00458368146707266
540,1810.40731703292,0.00397562783020288
541,1889.048755035,0.00414532468742742
542,2447.43477202152,0.00535024100900119
543,2134.15283073845,0.0046742238581
544,1797.26576919067,0.00394727026929667
545,1810.90402518688,0.00397669965461029
546,1716.05003087944,0.00377201844406656
547,1670.20598900977,0.0036730936275144
548,1448.545790472,0.00319478295544058
549,986.109878566936,0.00219691309304087
550,1365.39782013443,0.00301536165276157
551,1610.91588057969,0.00354515414267411
552,1277.02429817123,0.00282466436491921
553,1361.61881210218,0.00300720709960496
554,1366.09173001252,0.00301685900998824
555,1307.18830564769,0.0028897539334736
556,1285.98439177568,0.00284399895192248
557,1429.23427506605,0.00315311149627238
558,836.318250515207,0.00187368440896909
559,1094.66757450257,0.00243116491111325
560,1133.41844779378,0.00251478369504305
561,1288.31196991175,0.00284902152913712
562,1193.93313217397,0.00264536563779669
563,1122.65304073446,0.00249155350252467
564,1059.2217502966,0.0023546779454333
565,847.777602714505,0.00189841203480419
566,1224.47212557681,0.00271126437178381
567,1046.61495594158,0.00232747430526504
568,943.487139817205,0.00210493938304919
569,832.770154744327,0.00186602813109896
570,840.538529777127,0.00188279116166273
571,731.261736304579,0.00164698763503628
572,851.107239018255,0.00190559690871802
573,822.275763985913,0.00184338275258818
574,308.831380337068,7.35443980378892E-4
575,671.837632795367,0.00151875900818141
576,842.449984168827,0.00188691580397905
577,1135.60300204629,0.00251949764738808
578,522.900945687584,0.00119737516310274
579,571.835749733204,0.00130296939772521
580,867.910569835382,0.00194185606804945
581,831.262701888438,0.0018627752657069
582,1057.12635954911,0.00235015639504537
583,632.27976425295,0.00143339884513389
584,506.072891424568,0.00116106265414833
585,512.547644868162,0.00117503423628869
586,646.016838997241,0.00146304146702367
587,871.96182328208,0.00195059808746302
588,659.821695070913,0.00149283035122588
589,526.398669226004,0.00120492274497547
590,530.803479772029,0.00121442768951006
591,859.364598513473,0.00192341509707915
592,907.025867867861,0.00202626122790089
593,870.215132821633,0.00194682898189714
594,598.418853668172,0.00136033189398218
595,552.648804313155,0.00126156674258258
596,558.06652262075,0.00127325739567188
597,612.917877259402,0.00139161869135981
598,663.209034496659,0.00150013974013719
599,719.611720428555,0.00162184858454327
600,529.863061730162,0.00121239840329358
