400,449.757764133516,0.00441142395115037
401,253.292981660275,0.00338264203607747
402,277.541981261801,0.00350962119200867
403,350.081535176462,0.00388947238088535
404,495.003657032276,0.00464835270631753
405,373.747968692945,0.00401340094706158
406,227.823849992951,0.00324927369533924
407,178.555526265206,0.0029912816023087
408,468.728953215507,0.00451076601128596
409,708.491805439666,0.00576627696428899
410,417.616528687384,0.00424311733996633
411,969.593225432088,0.00713352668460284
412,1032.90974621999,0.00746508173834792
413,1928.65763623518,0.0121556385807065
414,2492.78702548646,0.0151096851335633
415,3018.88817789936,0.0178645979697869
416,5409.232733306,0.0303815652269098
417,7128.6702186443,0.0393853478221717
418,9888.70517811637,0.0538381877435484
419,13878.9366020931,0.0747329143925953
420,21060.7422296961,0.11234022321525
421,28755.3156614773,0.152632625197754
422,42283.5593471094,0.223472865729785
423,58235.7337364451,0.307005946372739
424,77382.2416253643,0.407266058159459
425,103856.93699449,0.545900002930353
426,129288.607061634,0.679072177127743
427,155559.416147309,0.816638477517265
428,173103.207765433,0.90850601383254
429,190575.663129042,1
430,189514.970645963,0.994445715764887
431,183384.133841175,0.962341773523292
432,172267.475974603,0.904129729485628
433,155077.215244069,0.814113447013374
434,132275.637979118,0.694713674545174
435,117301.649045769,0.61630283257542
436,101803.217189524,0.535145761038357
437,89068.7619716407,0.468462169905432
438,72577.9012015216,0.382108274257012
439,65905.1564654403,0.347166647457749
440,56393.2088752796,0.297357620441869
441,49730.9160973939,0.262470725006841
442,43992.4316155197,0.232421323884872
443,38714.6449747125,0.204784353129488
444,33323.723212265,0.176554953717742
445,30783.4596281925,0.163252939983204
446,28291.8159161214,0.150205522743766
447,23993.1816074134,0.127695853679219
448,23229.6901911837,0.123697853877716
449,20383.4916927819,0.108793821180342
450,18935.1666226216,0.10120971058011
451,17346.4435073054,0.0928904098458007
452,16786.381489031,0.0899576619585378
453,15199.0967749367,0.081645893368896
454,13591.7557255716,0.0732291003837903
455,13046.9721705861,0.0703763577092883
456,12505.6910637782,0.0675419554991595
457,11512.5328227687,0.0623413122882302
458,10716.8862887583,0.0581749331811156
459,8861.15646726858,0.0484574598732968
460,8058.77669167329,0.0442558223494565
461,8613.99316416704,0.0471631966822072
462,7495.81823781535,0.0413079073645134
463,7827.90272886715,0.0430468577981201
464,6186.77472997696,0.0344531404696316
465,5807.03407477025,0.0324646399680324
466,6530.18693942136,0.0362514081593624
467,5723.70006385378,0.0320282639302404
468,4956.67577235427,0.0280117643338113
469,4692.21194874198,0.0266269074882318
470,5015.37812778662,0.0283191574496701
471,3823.94643285695,0.0220802612701208
472,3715.72485361061,0.0215135622304879
473,4622.68072981884,0.0262628093549144
474,3599.75501233084,0.0209062896501273
475,3640.35807372128,0.0211189063579628
476,2774.70582324835,0.0165859444254597
477,2910.22358734111,0.0172955791147646
478,3021.55301180399,0.0178785522922524
479,3023.40712527862,0.0178882613016086
480,2397.18322622143,0.0146090587187018
481,2436.01536285624,0.0148124020324021
482,2680.40623468275,0.0160921474706374
483,2274.42745035903,0.0139662517963202
484,2627.44340311825,0.0158148091986139
485,2205.20700470134,0.0136037810178456
486,1967.51154792435,0.012359095918823
487,2248.58198769086,0.0138309128096328
488,2194.1980299199,0.0135461328530394
489,1906.31850954352,0.0120386604167343
490,1556.82877710692,0.0102085679609355
491,2186.95837417996,0.0135082226138462
492,1641.7150353203,0.0106530722949376
493,1922.47928000482,0.0121232858044244
494,1518.3505808525,0.0100070780453748
495,1272.51641932064,0.00871977486407545
496,1981.9131327558,0.0124345093839564
497,920.675403217892,0.00687736998218941
498,1230.94187827515,0.00850207103229136
499,1559.82506278405,0.010224257920623
500,1384.39161980465,0.0093056059812569
501,1138.32774507635,0.00801709991372432
502,1089.14900690686,0.00775957693277091
503,910.455628211014,0.00682385443822864
504,1490.33988985518,0.00986040090576755
505,1282.39840362856,0.00877152157721683
506,947.6773517171,0.00701876487209289
507,1238.81439147084,0.00854329521048728
508,1136.80666729044,0.00800913483571969
509,1007.83887891664,0.00733379889695424
510,1040.32941089697,0.00750393458891734
511,698.259173148986,0.00571269409354891
512,833.897742370705,0.00642296137527241
513,814.72206761419,0.00632254853206216
514,573.247930297867,0.00505807648622513
515,307.219726627778,0.0036650278115987
516,553.028863782086,0.00495219995349885
517,771.003593314729,0.00609361805837794
518,860.138655278295,0.00656037112522599
519,313.439903782269,0.00369759958189021
520,451.270913880042,0.0044193475142156
521,594.675265309779,0.00517028008053327
522,429.027228896847,0.00430286912787475
523,514.637138837476,0.00475116284234714
524,630.161340929301,0.00535610184652457
525,463.710225325235,0.00448448559387381
526,238.497139224979,0.00330516405287825
527,182.869847598448,0.00301387341600466
528,384.600147207438,0.00407022805293932
529,501.580375713385,0.00468279149557264
530,243.819550974583,0.00333303470167155
531,623.705604871101,0.00532229657912981
532,216.941638151076,0.0031922893208474
533,189.094149839605,0.00304646678718823
534,71.0057208308903,0.00242810028600584
535,520.044704599499,0.00477947939756127
536,222.405368242603,0.00322089997888107
537,283.864552711818,0.00354272914694416
538,285.890976656317,0.00355334045488509
539,532.957788537404,0.00484709837260554
540,412.176762992348,0.00421463217077297
541,384.088011183922,0.00406754626807988
542,74.8359848356222,0.00244815734808291
543,294.171352485162,0.00359670039347297
544,359.817189033689,0.00394045283902975
545,-177.718944414123,0.00112566106908672
546,-210.40495526519,9.54501757905676E-4
547,45.0531903761096,0.0022922006420791
548,271.278946744006,0.00347682500042527
549,208.353855320001,0.00314731965475273
550,341.684120510195,0.00384549957195101
551,210.66902315804,0.00315944296139399
552,79.7452718230687,0.00247386468150423
553,381.804856455455,0.00405559059712251
554,249.556661432403,0.00336307690775795
555,454.579279000573,0.00443667166850735
556,-54.7847275837955,0.00176940239222141
557,151.074231162358,0.0028473766283552
558,221.481263805883,0.00321606093383611
559,257.903652850817,0.00340678567687387
560,-20.9987207581852,0.00194632179918664
561,120.329294229962,0.00268638169227593
562,263.196377923667,0.00343450087227864
563,229.378194861206,0.00325741297541843
564,50.6693539664595,0.00232160951353743
565,50.8788976559157,0.00232270678275492
566,51.2956625070244,0.00232488915934304
567,-392.684578856722,0
568,201.511672875432,0.00311149077249715
569,-60.0409711667562,0.00174187823103947
570,91.262662719564,0.00253417515198132
571,15.2652687199621,0.00213621708766458
572,-100.215792655489,0.00153150398854886
573,287.729888168714,0.00356296985962398
574,93.9597206795695,0.00254829821474212
575,-181.892013647645,0.00110380891775584
576,214.571885998901,0.00317988018508947
577,136.408821824031,0.00277058165413906
578,16.1815583884661,0.00214101521091119
579,179.218454208207,0.00299475300451204
580,180.553212919678,0.00300174242829609
581,348.145154456527,0.00387933258157738
582,100.221883589589,0.00258108984217767
583,142.765622125713,0.00280386884742517
584,-110.461962003006,0.00147785023141844
585,59.7594456779964,0.00236920950495297
586,-370.238215375801,1.17539706188661E-4
587,147.509294297241,0.00282870894385195
588,-332.725553776262,3.13973628614998E-4
589,17.6522292542085,0.00214871633459684
590,-70.9712238055543,0.00168464229236173
591,-340.919301993262,2.7106731290695E-4
592,63.1664937644804,0.00238705040962318
593,63.8134505815829,0.00239043817950687
594,-165.274345089596,0.00119082683856577
595,-74.10755893865,0.00166821896791693
596,-168.271403438259,0.00117513283280704
597,-122.161203820781,0.00141658750407019
598,209.326147558439,0.00315241103376976
599,19.1485167959185,0.0021565515992345
600,-28.9301833501706,0.00190478893425282
