420,-158.749754155059,0.00110813420091966
421,283.765174552303,0.00207078181603922
422,-158.749754155059,0.00110813420091966
423,141.765174552303,0.00176187481092126
424,283.765174552303,0.00207078181603922
425,464.170183536147,0.00246323513317638
426,554.725363665153,0.00266022900283532
427,464.678615942404,0.00246434117776738
428,283.765174552303,0.00207078181603922
429,551.327152516001,0.00265283652939276
430,638.904537681389,0.00284335249958644
431,-158.749754155059,0.00110813420091966
432,812.315320228132,0.00322059056642922
433,1074.42946363469,0.0037907940526178
434,1331.38440165121,0.00434977419594847
435,982.762813549093,0.0035913822896098
436,2294.92109723021,0.00644585331533271
437,2111.91574656914,0.00604774321115473
438,2821.55071753765,0.00759148415206214
439,2551.92265463323,0.0070049348745441
440,3674.58023187724,0.00944716578975136
441,7267.17847360045,0.0172625091942778
442,5669.5582025584,0.0137870437489022
443,8446.18063048313,0.0198273121894204
444,9584.74851265639,0.022304154404953
445,13515.1665748873,0.0308543915349901
446,19929.4565086742,0.044808047122345
447,26503.0058908834,0.0591081559438467
448,32182.0238047931,0.0714622997170657
449,38066.843874207,0.0842641457966481
450,43254.4246592045,0.095549216529754
451,53571.4924520611,0.117992980709263
452,67977.4940746357,0.149331817448375
453,83629.3163485066,0.183380814231897
454,96280.2722127219,0.210901721893123
455,113261.021819726,0.247841669116769
456,135009.87551113,0.295154156853107
457,161515.788927591,0.352815159186875
458,182013.771466382,0.397406500010946
459,216791.84555913,0.473062772628984
460,241959.183968252,0.527811836958224
461,276270.880212837,0.602453550531686
462,302192.077273341,0.658842560060085
463,346784.466262181,0.755848907479787
464,382133.035749663,0.832746236603605
465,397645.165462558,0.866491345988194
466,425124.267060858,0.926269423298495
467,441734.352854287,0.962403027926669
468,451116.810826018,0.982813640551264
469,459017.127106604,1
470,456593.97204899,0.994728664987437
471,442084.033322103,0.963163723321468
472,432510.12320755,0.942336625428824
473,413027.680452347,0.899954491316912
474,397266.68932099,0.865668008443121
475,367378.94465175,0.800650165517028
476,358843.747834996,0.782082686032832
477,339056.047466664,0.739036494068374
478,306920.017728289,0.669127728555254
479,292561.165301689,0.637891460245173
480,268394.624079387,0.585319531561786
481,256295.622389595,0.558999345808892
482,225239.326354147,0.491439434552787
483,197221.020167073,0.430488370801188
484,180174.128577817,0.393404538213812
485,171321.710452104,0.374146975035882
486,152720.917762682,0.333682783750605
487,147863.323259875,0.323115565652438
488,141927.456363247,0.310202672231197
489,127041.5129826,0.277819769498303
490,121018.725653145,0.264717789241934
491,97201.7969993397,0.212906408245068
492,92612.1732710827,0.20292213415694
493,86975.4336167181,0.190659962570606
494,77353.9254450016,0.169729319795656
495,71411.6509248309,0.156802487220904
496,66645.453781019,0.146434095069519
497,63783.3159991974,0.140207796404607
498,54169.3909427574,0.119293649949584
499,54000.5070024231,0.118926259581829
500,49343.254014001,0.108794864703448
501,44630.0920298322,0.0985418453149588
502,43095.9789915409,0.095204533595445
503,39261.4590917123,0.086862913466422
504,38008.8364018486,0.0841379562574882
505,32869.8224111123,0.0729585377987724
506,32287.5335664027,0.0716918258048792
507,30454.1742134492,0.06770353322019
508,26766.2588528979,0.0596808368176801
509,26774.5900404705,0.0596989604951598
510,21764.3431647211,0.0487996622043898
511,19560.7503719361,0.0440059632598915
512,19519.6155560241,0.0439164785219377
513,18781.827027737,0.0423114922917718
514,19284.5616766147,0.0434051419731369
515,13969.7787040954,0.0318433554175535
516,14693.1787153034,0.0334170408468813
517,12288.7707087128,0.0281864881961943
518,13749.327312215,0.0313637851412163
519,11995.7543690212,0.0275490600275694
520,10266.4937142041,0.0237872239011759
521,11465.4403595334,0.0263954141652948
522,11752.7582996041,0.0270204460271534
523,10206.469238314,0.0236566465696195
524,8985.23370877808,0.0209999690346014
525,10739.143046035,0.0248154259403794
526,8736.28499084765,0.020458405634011
527,6231.57499740266,0.0150096558962355
528,7138.68875887394,0.0169829924832593
529,4973.85401093982,0.0122736078455155
530,6763.77869029704,0.0161674125785223
531,5594.55877831434,0.0136238898930656
532,5493.01602784862,0.0134029936470247
533,6314.07138667028,0.0151891186606137
534,4899.91371480278,0.0121127580184928
535,4026.99564426988,0.0102138107869318
536,4958.75199552871,0.0122407548993754
537,4302.28558328208,0.0108126769179132
538,5449.28839738875,0.013307868496558
539,3676.57721851427,0.00945151003736619
540,3461.10224196125,0.00898276546212071
541,3479.56467014838,0.00902292865506785
542,3624.82194564544,0.00933892154200722
543,4690.36969601601,0.0116569156573393
544,3777.1785128781,0.0096703582384431
545,4753.49699946721,0.0117942428844539
546,3944.6266537308,0.0100346251659317
547,3607.94557543223,0.00930220866186761
548,1955.30234760935,0.00570704619683071
549,2447.95419307568,0.00677876173309013
550,3683.27396792237,0.00946607815570198
551,3094.35448824767,0.00818494186892777
552,2121.37281596652,0.00606831613358247
553,2761.24221188703,0.00746028894175458
554,1900.46671788178,0.00558775668871167
555,903.86294897765,0.0034197434102508
556,2942.8597631042,0.00785538002501763
557,2832.74929311675,0.00761584554955318
558,2334.64420551364,0.00653226702247222
559,1968.3252226872,0.00573537617808649
560,3023.13014291053,0.0080300003251983
561,1991.49307485929,0.00578577555716745
562,951.376100045787,0.00352310358771683
563,1618.75065856974,0.00497491116634749
564,2295.10350735022,0.00644625013057127
565,566.529232858626,0.0026859071569294
566,975.011062471798,0.0035745191191189
567,1253.89683224022,0.00418120762552158
568,991.965061185271,0.00361140087241012
569,1412.84347688477,0.00452698038587859
570,725.964110182307,0.00303274201936185
571,1721.22867673976,0.00519784199510329
572,1446.08523990964,0.00459929456518038
573,1173.96000726638,0.00400731294100532
574,2055.56908294528,0.00592516659771504
575,1482.07957019302,0.0046775966832724
576,175.867291817032,0.00183606060607921
577,771.362366184801,0.00313150145104712
578,924.959679242794,0.00346563726774367
579,1683.99504741447,0.00511684390408535
580,2610.0172226652,0.00713131388175802
581,639.614765174401,0.00284489752950065
582,1569.33184759206,0.00486740541356154
583,498.031500049536,0.00253689709003204
584,1746.41927286499,0.00525264165430175
585,1131.47274643528,0.00391488609242081
586,1942.30130975224,0.00567876372029643
587,671.741410672803,0.00291478588052458
588,1161.29985540566,0.00397977202836003
589,685.094015847997,0.00294383315711044
590,686.72389686325,0.00294737880262537
591,859.880367910803,0.00332406363986547
592,868.771748502974,0.00334340596204921
593,871.12305979112,0.0033485210080219
594,-642.853824873102,5.50135061948469E-5
595,717.194337775518,0.00301366424380025
596,1064.92592112358,0.00377012003251135
597,729.443072394778,0.00304031015878419
598,559.311063328658,0.00267020474050732
599,-668.14272331257,0
600,926.340900580515,0.00346864197863691
601,931.576684042553,0.00348003190954328
602,1477.62067804271,0.00466789680284776
603,-146.103592736535,0.0011356446787368
604,1137.86981852255,0.00392880229227999
605,775.896856690165,0.00314136578824253
606,973.308565617008,0.00357081550500175
607,-526.686929781252,3.07723137579884E-4
608,227.669507357959,0.00194875122059486
609,2154.0888336922,0.00613948660580096
610,1198.35043481512,0.00406037191232666
611,429.139514254178,0.00238702936461884
612,434.60153807308,0.00239891145912434
613,238.624441653461,0.00197258260048562
614,-361.126638986743,6.67883233324885E-4
615,649.431367150039,0.00286625257961847
616,-367.935194400716,6.5307189204242E-4
617,248.030271822197,0.00199304405702134
618,1719.93783674624,0.00519503389991678
619,675.110748654975,0.00292211554323798
620,1324.61689942683,0.00433505216183394
