400,434.105123509289,9.57374182124353E-4
401,720.430386221605,0.00152422629153466
402,806.35400133527,0.00169433346969265
403,1063.90352385137,0.00220421684055872
404,633.012281886771,0.0013511604000606
405,746.158273188655,0.00157516104615529
406,946.587622947924,0.00197196082072821
407,1513.44208762431,0.00309419029495139
408,1881.22405179101,0.00382230621534234
409,2246.07067277673,0.00454461089344812
410,3374.13834918611,0.0067779015778706
411,4325.76561064841,0.00866188455381305
412,5389.90494290293,0.0107686131724506
413,6356.38629299898,0.0126820035132746
414,8894.26943453085,0.0177063747426468
415,13683.2109801169,0.0271872762573887
416,18688.9695343877,0.0370974209956058
417,23973.2768533199,0.0475590223301643
418,31856.4288169371,0.0631656833598206
419,44523.9544977288,0.0882442027511765
420,60270.6362985361,0.119418677928272
421,81615.1396592574,0.161675433897782
422,110820.015721107,0.219493753678245
423,140653.90869131,0.278557368959278
424,184756.154163417,0.365868738688859
425,233260.635127822,0.461895429069129
426,293323.858233885,0.580805525904915
427,357191.067918061,0.707246560791872
428,410815.727392057,0.813409918685252
429,461241.678715929,0.913240637798842
430,492499.067626186,0.975122417529329
431,505065.09713955,1
432,481008.732563105,0.952374439908915
433,452485.986530863,0.895906566269713
434,408973.262793327,0.809762301515847
435,370570.307932392,0.733734095816157
436,324044.882128376,0.641625437612579
437,277643.52530748,0.549762404835576
438,242365.688486661,0.479921147980062
439,211720.664334562,0.419251696674955
440,188425.241104471,0.373132609338778
441,162627.039336996,0.322058649072901
442,142164.896991405,0.281548746307855
443,126956.735457212,0.251440406008971
444,111791.60314924,0.221417252771189
445,98873.7260958493,0.195843100537982
446,89207.3789497386,0.17670616089752
447,79740.4885384329,0.157964095498294
448,72995.6126143131,0.144610935148138
449,63434.9209114536,0.125683166749885
450,57578.8042451212,0.114089526517732
451,53390.3160033496,0.105797371740338
452,47474.8012121473,0.0940861381388173
453,45600.8117158706,0.0903761095897664
454,39180.4754945492,0.0776654563428118
455,36784.9470528893,0.0729229116667187
456,36712.8636866265,0.0727802047052985
457,34090.3627199539,0.0675883114339649
458,29117.2343989268,0.057742766362468
459,27549.8293183188,0.0546396979575826
460,27084.505660898,0.0537184739822029
461,25078.893050778,0.0497478647249655
462,23411.6011709034,0.0464470455441615
463,21935.7250752135,0.0435251815418551
464,19176.7104873667,0.0380630255860736
465,18969.2415162288,0.0376522891291762
466,18235.6733600357,0.0362000084159926
467,17763.2464288612,0.035264721742572
468,16067.1581248703,0.0319068928742566
469,16285.1271737439,0.0323384168479701
470,13414.0475070866,0.0266544001813551
471,13781.2561415182,0.0273813810528626
472,12927.5480606052,0.0256912534619474
473,11053.857354134,0.0219818164416701
474,11860.391987019,0.0235785524531296
475,11025.5243679361,0.0219257242448446
476,10988.3138899777,0.0218520568439207
477,10840.6777186816,0.0215597743036667
478,9926.56602849611,0.0197500627367943
479,9711.8736665448,0.0193250257802451
480,8681.04883229196,0.0172842515006949
481,7434.15700028669,0.0148157188309499
482,7938.4954526767,0.0158141823017798
483,7227.16433913589,0.0144059253482014
484,7882.36243324105,0.0157030530211384
485,7438.82717334278,0.0148249646006843
486,7037.57643093761,0.0140305889050847
487,7274.74003298249,0.0145001132733538
488,6590.3797735971,0.0131452518372571
489,6240.56138032417,0.0124526992756743
490,5396.80748778345,0.0107822784777358
491,6130.47476205281,0.0122347554198167
492,5505.01839003768,0.0109965088869666
493,4856.83662589525,0.00971327178520035
494,5022.64088280885,0.0100415225720515
495,4904.40105789243,0.00980743741471936
496,4383.16182674466,0.0087755146465898
497,5290.25800631347,0.0105713372643909
498,4096.84347491644,0.00820867621899435
499,5041.25388134267,0.0100783716344828
500,5018.37889048752,0.0100330848976572
501,4678.4788012462,0.00936016808706902
502,4107.34328754864,0.00822946321097191
503,3259.51887117794,0.00655098379816453
504,4063.94216100901,0.00814353988064221
505,3639.44391465873,0.00730313996585578
506,3822.0921802988,0.00766473765960254
507,2770.50367437618,0.00558285652495467
508,3629.54963248564,0.00728355177210792
509,3410.58982689555,0.00685006634892499
510,2959.29387144784,0.00595661370038623
511,2946.0872111558,0.00593046782986859
512,3136.1330695718,0.00630671089940186
513,2972.87570240212,0.00598350231459079
514,2572.02290536608,0.0051899144508779
515,2199.3744825036,0.0044521641644833
516,2241.69183559915,0.00453594189558407
517,2448.05244955977,0.00494448408363514
518,2234.1887632361,0.00452108769670632
519,1882.41519966713,0.00382466438897956
520,1830.5040204144,0.00372189329158271
521,1541.42253539809,0.00314958455423737
522,1878.78957950082,0.00381748657162692
523,1987.34276074563,0.0040323946072956
524,1960.34284272932,0.00397894155066876
525,1438.41333816399,0.00294565221453501
526,2147.70776534483,0.00434987704063568
527,1519.17167000845,0.00310553342908396
528,1154.78267454875,0.00238413473458676
529,1603.32107659541,0.00327212811995262
530,1131.06093226069,0.00233717164258609
531,1413.45046845856,0.00289623200195784
532,1457.8178318104,0.00298406823850478
533,1703.54554785046,0.00347054740160203
534,1475.2830799289,0.00301864504337196
535,1727.44767255086,0.00351786760547597
536,1418.37750434533,0.00290598629558566
537,1107.71711160444,0.00229095674050116
538,1186.66068619955,0.00244724519147375
539,724.874156252697,0.00153302384014073
540,1491.75406013472,0.00305125344748301
541,1357.34325708495,0.00278515381479761
542,1253.05000302489,0.0025786793650715
543,706.965877598556,0.00149756994608037
544,635.920633047244,0.00135691820492421
545,1014.8920716805,0.00210718647451576
546,456.869945416524,0.00100244281210211
547,760.762282550402,0.00160407331688591
548,1150.06759576642,0.00237480006279259
549,387.805478249192,8.65712512692815E-4
550,698.842290302513,0.00148148728347799
551,898.273818908126,0.00187631162277004
552,1024.33362351439,0.00212587837589552
553,1031.16563239629,0.00213940403761857
554,718.513708324338,0.00152043175067286
555,725.432456943512,0.00153412913529099
556,567.327439544533,0.0012211209090102
557,653.077858583423,0.00139088520243844
558,656.550973828783,0.0013977610983493
559,824.908590514766,0.00173106689627194
560,583.052087910924,0.00125225176352086
561,544.474701954748,0.00117587822806107
562,886.900729052922,0.00185379576121502
563,639.032660950262,0.00136307923858453
564,430.2903854179,9.49821958777146E-4
565,733.891396761749,0.00155087571166333
566,697.082279024732,0.00147800290317586
567,397.220363099419,8.84351620142334E-4
568,706.931357301909,0.0014975016045628
569,670.510788834783,0.00142539802604533
570,854.983336663791,0.00179060734035662
571,410.166391437896,9.09981504849799E-4
572,594.479251886955,0.00127487467825437
573,417.765432195571,9.25025697046387E-4
574,744.114928862736,0.00157111573757712
575,283.5715041336,6.59355422368558E-4
576,851.089134674277,0.00178289779844853
577,193.774031794775,4.81578979826289E-4
578,625.777112143879,0.00133683658108686
579,868.949855386915,0.00181825753972892
580,440.383035298896,9.69802870766495E-4
581,151.608258616045,3.98101338891426E-4
582,348.664616955089,7.88223437581093E-4
583,650.759827819714,0.0013862960837011
584,304.966366194212,7.01711875916233E-4
585,358.240399200553,8.07181081463705E-4
586,766.539881394599,0.00161551151155004
587,415.403887181027,9.20350431021026E-4
588,5.16480597481368,1.08180082022047E-4
589,472.582939587636,0.00103355059423308
590,477.61577559254,0.00104351434552303
591,427.488730086895,9.44275384859159E-4
592,432.355608889925,9.5391058256965E-4
593,381.128766608225,8.52494300503801E-4
594,601.064586999206,0.0012879119878658
595,443.213038045776,9.75405565448442E-4
596,-49.4785302516769,0
597,339.002378506613,7.69094632130046E-4
598,341.599932850637,7.74237137353894E-4
599,287.983756384179,6.68090573684927E-4
600,460.203578682007,0.00100904256872379
