400,220.45510468456,3.35785053826737E-4
401,360.627584888746,5.44010365958547E-4
402,304.723090248495,4.60964600990412E-4
403,473.636667536103,7.11884626824142E-4
404,190.906031661811,2.91890097096253E-4
405,106.870357958746,1.67055647698354E-4
406,414.944159298129,6.24697285700917E-4
407,22.3835971173032,4.15511112758791E-5
408,78.160289625997,1.24407027004734E-4
409,-5.5876531747518,0
410,356.762735702508,5.38269157506113E-4
411,132.692853903067,2.05414798297646E-4
412,298.719749444794,4.52046677080787E-4
413,186.739828001394,2.85701228522826E-4
414,240.554287815713,3.65642260283971E-4
415,103.24808451176,1.61674783936602E-4
416,320.519548166037,4.8443013699053E-4
417,184.482516972214,2.82348007598542E-4
418,318.723109710287,4.81761539291258E-4
419,346.453467773637,5.22954806720477E-4
420,426.644351930067,6.42077846130744E-4
421,209.905166783144,3.20113189354528E-4
422,236.706519036125,3.5992642466507E-4
423,504.288346030399,7.57417496846429E-4
424,637.59991407269,9.5545096836631E-4
425,1595.41225133558,0.0023782749963049
426,2690.04440400815,0.00400434397452187
427,1805.01958215738,0.00268964532963928
428,1690.09687392105,0.00251892839034646
429,1186.59671772124,0.00177098216701932
430,947.125660645738,0.00141524946161634
431,1526.81557129917,0.00227637507207598
432,2126.212906558,0.00316677593423834
433,1976.81132490741,0.00294484085163964
434,3127.95260684493,0.00465485377564647
435,3704.61614241445,0.00551148372550598
436,4681.18506551041,0.00696217054030494
437,5392.70522639417,0.00801912913426204
438,6480.41078621738,0.00963490870363094
439,8536.48614422833,0.0126891953408133
440,11535.9541107581,0.0171448855922109
441,17070.1925977271,0.0253659610464111
442,21409.2967780338,0.0318116722231033
443,25657.4944063222,0.0381223423051295
444,35717.9838129315,0.0530671342060678
445,45379.1282614859,0.0674187017564196
446,60848.2943675512,0.0903980478888572
447,76271.5592103821,0.113309207991838
448,106633.938400051,0.158412325769476
449,138355.74250205,0.205534860456035
450,180393.13446886,0.267981134152167
451,235022.702472122,0.349133003852519
452,300316.940668258,0.44612717210148
453,371103.285201891,0.551279828769285
454,441884.427461506,0.656424757492705
455,517039.798180007,0.768067574281321
456,583928.981281211,0.867431022864103
457,629338.305472569,0.93488628005629
458,660033.658570717,0.980484028419931
459,673171.360764392,1
460,660293.762343926,0.980870410891613
461,629327.121144374,0.934869665809142
462,592643.153095979,0.880375868695875
463,548002.582039661,0.814062589310338
464,501111.34744733,0.744405963808591
465,445498.48277722,0.66179341327364
466,400543.994758534,0.59501381227221
467,354355.316060367,0.526400829004225
468,325012.985266699,0.482812986516982
469,292464.299028726,0.434462123769104
470,258219.247451847,0.383591321289342
471,230687.134953493,0.342692546363859
472,205320.552769165,0.305010652704312
473,189025.603326232,0.280804610769518
474,167744.656052329,0.249191901326736
475,153720.332641286,0.228358859666576
476,137773.742735839,0.204670303570095
477,123979.31934653,0.184178776904283
478,113774.33670093,0.169019341232
479,103635.585300116,0.153958291645189
480,93177.3698851107,0.138422680332905
481,85407.7939841307,0.126881025617538
482,79079.5445483611,0.11748045203782
483,71926.0508846794,0.106853983498608
484,66983.7412789871,0.0995122145665166
485,59596.4450767268,0.088538433869442
486,56344.3790781592,0.0837075108762941
487,52458.0005250207,0.0779343206886708
488,48075.3439403587,0.0714239126971846
489,44999.9153502325,0.0668553834310599
490,41396.2208225977,0.0615021185337606
491,38600.7090475266,0.0573494038847482
492,36287.0204026022,0.0539124343771572
493,32961.778407299,0.0489728089144615
494,30746.7932982733,0.0456824628706278
495,30190.7367651318,0.0448564444895044
496,26504.0887228934,0.0393799526831457
497,24979.3294090214,0.0371149325907966
498,26192.0235100185,0.0389163818291399
499,23000.4695467261,0.0341753490727528
500,21889.9197739529,0.032525634572897
501,22175.0658981853,0.0329492172949475
502,21290.3916009337,0.0316350393520883
503,16671.325258727,0.0247734461958391
504,18337.829044352,0.0272490267835917
505,17216.6835105385,0.0255835723492873
506,15720.0084215838,0.0233602711912887
507,14698.7087616568,0.0218431371564294
508,14389.7769807053,0.0213842209952661
509,14261.9392136531,0.02119431881969
510,13664.173889733,0.0203063422998087
511,11807.5120961133,0.0175482832219033
512,11285.7157416288,0.0167731581144393
513,11044.9938195462,0.0164155672571639
514,11878.2620296083,0.0176533817902089
515,10313.6956199183,0.0153292285146581
516,9284.17214356456,0.0137998780537223
517,9850.80313457814,0.0146416047235757
518,7139.11253030172,0.010613405881279
519,7877.59371824441,0.0117104149064375
520,7323.93092881543,0.0108879524161064
521,6355.70747790991,0.00944966274623355
522,6574.57476202243,0.00977478868024986
523,5315.17780136752,0.00790396264615086
524,5656.75647855829,0.00841137556038347
525,5396.31007000047,0.00802448410610825
526,4954.36225695923,0.00736797349016972
527,4493.75018446591,0.00668373723761223
528,5486.17446108942,0.0081579770774588
529,4055.04762324076,0.00603204742224288
530,4468.92040439997,0.00664685276002531
531,4921.21842663988,0.00731873854474079
532,3050.8903663242,0.00454037831610811
533,4671.94424111515,0.0069484433554734
534,3599.5826691926,0.00535545718082297
535,3383.8545289053,0.00503499442464213
536,3325.53234234238,0.00494835719397044
537,2689.83033545087,0.00400402597706551
538,3652.3331605309,0.0054338176942991
539,2682.51564394699,0.00399316005017797
540,3166.40434774355,0.00471197358788754
541,2974.78488900483,0.00442732412211311
542,2736.53336753565,0.00407340302896035
543,2420.79739477152,0.00360437928489673
544,2371.37503565464,0.00353096269029548
545,2309.00865540207,0.00343831783607227
546,2024.98033210853,0.00301639560008187
547,2936.15329178248,0.00436993713446719
548,2014.85575219013,0.00300135560214046
549,1801.48929208995,0.00268440110659253
550,1505.99771947571,0.00224545028792762
551,1823.65703028575,0.00271733113821038
552,1877.3941931623,0.00279715734587074
553,1191.77506586786,0.00177867456967628
554,1631.74248372225,0.00243224332138209
555,1170.83771310662,0.00174757226765828
556,2050.80101414553,0.00305475205613357
557,1302.58343926435,0.00194327969119295
558,1556.48149336997,0.00232044360731107
559,1363.80003286928,0.00203421654479264
560,1611.14266393041,0.00240164242240558
561,1264.00380101914,0.00188596988827129
562,1063.45545581658,0.00158805661944356
563,1236.9334567203,0.00184575706701758
564,1206.22507644578,0.00180013996686775
565,1214.40319101436,0.00181228850312973
566,1353.72985833977,0.00201925736570431
567,933.474491267536,0.00139497073785687
568,1115.90560011254,0.00166597096933217
569,1210.95790636968,0.00180717055508832
570,1132.18161407534,0.00169014888273379
571,1099.1615683063,0.0016410978184532
572,1151.72363795202,0.00171917843272449
573,1025.4846985696,0.00153165130530403
574,579.495146683752,8.69136712470406E-4
575,540.37542283984,8.11024615887374E-4
576,820.587144143075,0.00122727731432265
577,1522.99568556184,0.00227070065653589
578,1020.835171549,0.00152474446300718
579,697.126474381691,0.00104387728844297
580,941.604304564211,0.00140704752289205
581,851.462955719601,0.00127314313258797
582,714.880611562109,0.00107025094431778
583,624.061540981618,9.35339802761343E-4
584,967.790025804535,0.00144594624231771
585,237.635711467499,3.61306734008041E-4
586,639.139898876054,9.57738605824759E-4
587,843.628273022182,0.00126150476214787
588,1001.82981171544,0.00149651212397917
589,501.490593146434,7.53261453044659E-4
590,966.841334749318,0.00144453696789522
591,352.716904327497,5.32259101183594E-4
592,1090.55045560689,0.00162830606627028
593,937.615671444669,0.00140112243420783
594,947.819471339872,0.00141628011291206
595,686.361335658866,0.00102788574454336
596,583.046949830125,8.74412893056687E-4
597,1028.18848548592,0.00153566776326902
598,756.592498325049,0.00113221368214027
599,377.383064647365,5.6890052269669E-4
600,883.511670106446,0.00132075129038687
