400,266.805305582708,0.00138805519218449
401,435.930021655025,0.00208543479953252
402,210.905202695207,0.00115755315376137
403,69.96702159787,5.76399696853391E-4
404,42.0720272771801,4.61375703683639E-4
405,-42.0585492530639,1.14466335324149E-4
406,-69.818303420745,0
407,97.6382222672538,6.90500885052353E-4
408,13.9276914429299,3.45323559863523E-4
409,41.7384449761757,4.60000189214226E-4
410,69.278037139445,5.73558694531294E-4
411,235.199453271852,0.00125772961123853
412,289.166899291933,0.00148026240945454
413,13.6907138264662,3.44346391292556E-4
414,-13.6166795347083,2.31745349279446E-4
415,95.0436580943403,6.79802294177132E-4
416,176.280948370011,0.00101478130203688
417,121.530545384938,7.89020009290341E-4
418,94.6568006720055,6.78207101685148E-4
419,94.3932751602945,6.77120463834979E-4
420,255.303157214969,0.00134062650228843
421,40.352633121159,4.54285844500137E-4
422,200.759326014686,0.00111571700077331
423,66.9019321723065,5.63760912234991E-4
424,226.554475583058,0.00122208236058141
425,1294.01760066098,0.00562372768075467
426,2034.64718012525,0.00867768677858568
427,2103.99032472553,0.00896362070992747
428,1017.84367672027,0.00448493456340109
429,197.578820213756,0.00110260230093445
430,92.1476208840367,6.6786059021162E-4
431,485.741546489641,0.00229083080809532
432,276.185881616329,0.00142673565582664
433,354.548877320218,0.00174986261469897
434,405.709113519323,0.00196081998545434
435,485.493737703036,0.00228980897758874
436,458.156506976039,0.00217708490228431
437,562.035107318802,0.00260542452762875
438,534.517627077363,0.00249195720001605
439,1135.03554564769,0.00496817096689658
440,1003.36481481786,0.00442523150365416
441,2142.35763684245,0.00912182692413719
442,2069.88861645596,0.00882300355783267
443,2789.07700048609,0.0117885506671608
444,3487.94133429496,0.0146702922955859
445,4539.46549802221,0.0190062138891129
446,6532.96819428109,0.0272263496554891
447,8331.06108460403,0.0346407202037448
448,11671.6016545257,0.0484153175842129
449,15646.8699618022,0.0648071916734276
450,20816.0156539937,0.0861219756793554
451,26541.8895723508,0.109732408250316
452,34188.4156790675,0.141262580171482
453,46971.7527052468,0.193974204840833
454,61171.9383236379,0.252528153079767
455,77807.2721440704,0.321123346243823
456,99722.6922320258,0.411490782835825
457,123431.706526687,0.509254039818025
458,151794.900105685,0.626208635577998
459,181963.986764315,0.750609765682766
460,208576.277809414,0.860344578610568
461,229824.598507752,0.947961255164665
462,240744.499836274,0.992989070599447
463,242444.75236987,1
464,241372.782043309,0.99557976939866
465,236923.938461492,0.977235124912078
466,219982.778279766,0.907378867885161
467,204590.346199084,0.843908734779559
468,193936.848666317,0.799979425694377
469,176130.89737028,0.726557234002546
470,168261.662469577,0.694108730480237
471,155678.523930464,0.642222616981248
472,148323.210676271,0.611893250651742
473,139775.639216426,0.576647651032245
474,133478.468659878,0.550681497579837
475,127200.672785085,0.524795234922034
476,119154.709630253,0.491617998880114
477,110921.26937611,0.457667707846943
478,107054.906131544,0.441724899817587
479,99269.8278078355,0.409623412875608
480,95136.6244583284,0.392580299391614
481,88101.2687084176,0.36357026617844
482,83951.6392638214,0.346459420289569
483,76625.9781172084,0.316252323345766
484,72897.2630923375,0.300877102737293
485,66880.7631634525,0.276068284396269
486,62240.5322446353,0.256934461195731
487,55203.2207901163,0.22791636370583
488,54550.1598101161,0.225223490538716
489,48102.7197305357,0.198637706180769
490,48754.5120463054,0.201325348057132
491,43304.4390257585,0.178852170443861
492,39552.9501726118,0.163383042783896
493,36779.589330372,0.151947190354328
494,33269.7365285,0.137474440151619
495,31097.9919546238,0.128519330494302
496,28542.5875417892,0.117982213463602
497,27055.9822075646,0.111852250508809
498,24934.3596302739,0.103103817079014
499,22550.1089272538,0.0932724461374634
500,21422.2393292099,0.0886217169259661
501,19171.4756031761,0.0793407746725379
502,18742.788727959,0.077573099954986
503,15213.3190121825,0.0630194601222218
504,16375.359456176,0.0678110915725192
505,14172.5314021063,0.058727810316659
506,14148.5670063853,0.0586289940036663
507,13000.5225745647,0.0538950745998413
508,11652.6790238535,0.0483372908057821
509,9702.3250747209,0.040295077326741
510,10061.8358427859,0.0417775068857853
511,9559.42513065149,0.0397058346116633
512,8707.11927643822,0.0361913824620584
513,8398.3341389479,0.0349181181933052
514,7253.13568101264,0.0301959340591485
515,7252.15493152792,0.0301918899743662
516,6861.75758610921,0.0285821007384665
517,6585.68671785227,0.0274437325674717
518,6092.0700730776,0.0254083223098354
519,5128.31559038214,0.021434315799547
520,5299.370654748,0.0221396551277819
521,4782.49409655571,0.020008333464274
522,4200.25832409841,0.0176075054610706
523,3987.08894600958,0.016728509293966
524,4461.27013079189,0.0186837781401464
525,4316.47267411614,0.0180867111009424
526,4052.14385914589,0.0169967608590398
527,3705.22197956742,0.0155662411231934
528,3881.50424407408,0.0162931346208387
529,3143.12747099047,0.0132484648880731
530,2557.52730922116,0.0108337639480697
531,2569.4609420274,0.0108829718483337
532,3054.53830294849,0.012883170679993
533,2704.54979728963,0.0114400058231879
534,2272.13928197663,0.00965697681131251
535,2662.5403861666,0.0112667815463686
536,2300.82005651471,0.00977524094059121
537,1825.62332419284,0.00781578452111676
538,2295.12159917091,0.00975174355926694
539,1814.06198278759,0.00776811175088629
540,1718.97242333087,0.00737601341554617
541,1447.66887323522,0.00625730310736786
542,1808.62621377603,0.00774569755533316
543,1937.31027499884,0.00827632159522299
544,1472.97214637293,0.00636164023262785
545,1334.34778095439,0.00579002771040422
546,1379.07036640527,0.00597443966275295
547,1575.7470705345,0.00678542888943408
548,950.803216582112,0.00420849566757707
549,1555.30104566878,0.00670112045052685
550,1190.22798924734,0.00519575499801861
551,1158.68803502998,0.00506570114546124
552,1206.59074166474,0.00526322621169441
553,1138.25916961313,0.00498146346291646
554,1416.06335562268,0.00612697890653823
555,1115.81389151837,0.00488891117613041
556,1080.30971542981,0.00474251099906065
557,1249.99744436937,0.00544221216946231
558,777.803595416601,0.00349513803019794
559,822.188679451717,0.0036781583077503
560,949.103228432657,0.00420148582835489
561,1037.54782820966,0.0045661839144594
562,800.369395569175,0.00358818728530012
563,1174.64708051821,0.00513150768831727
564,1146.2813179051,0.0050145424992387
565,1237.86394065942,0.00539218010880609
566,738.369111659676,0.00333253137259612
567,746.699577207245,0.00336688174389316
568,709.435314705218,0.00321322391459832
569,802.341694851566,0.00359631998956162
570,806.193534115757,0.00361220290848685
571,816.682481776596,0.0036554537021679
572,911.331474980483,0.0040457353786095
573,692.082013110951,0.00314166820746663
574,746.430416915875,0.00336577187123428
575,795.118894355567,0.00356653703476453
576,1123.63896471828,0.0049211775804878
577,346.80052553149,0.00171791256828643
578,862.236631351514,0.00384329457889728
579,258.418748745091,0.00135347353049573
580,354.247880505576,0.00174862146529584
581,787.291355302119,0.00353426046254985
582,936.738774294521,0.00415050145201903
583,606.303056904265,0.00278796180554389
584,122.060431628871,7.91204975919198E-4
585,616.013112067358,0.00282800086437708
586,422.563099804127,0.0020303167840921
587,574.334088868419,0.0026561389301303
588,631.924280732407,0.00289360998889638
589,279.468563418653,0.00144027167468609
590,947.073961629519,0.0041931182205963
591,696.149461835344,0.00315844018414869
592,547.358157415082,0.0025449046592226
593,551.611725324051,0.00256244409158396
594,712.977077578416,0.00322782824481801
595,560.619190601908,0.0025995860466131
596,833.254429212298,0.003723787523883
597,189.845234828251,0.00107071314324782
598,246.042515674669,0.00130244058416157
599,247.864997652494,0.00130995552222391
600,472.894849157053,0.00223785791951003
