400,841.157018327671,1.30584882854194E-4
401,1175.68981085031,3.18327909172627E-4
402,724.848787989192,6.53115833823342E-5
403,725.996844225534,6.59558836034555E-5
404,892.263599528355,1.59266388625429E-4
405,1114.62668064678,2.84058692171694E-4
406,833.435055101969,1.26251242692401E-4
407,667.433852355896,3.30897683238189E-5
408,914.662618123273,1.71836933670839E-4
409,801.982343006468,1.08599677623986E-4
410,608.472340877334,0
411,1043.9605474684,2.4440017737831E-4
412,740.240097782414,7.39493347303986E-5
413,1006.91695331498,2.23610955431992E-4
414,1058.63683605441,2.52636651935805E-4
415,1297.10779311753,3.86468850658308E-4
416,1130.33925862703,2.9287674232167E-4
417,1185.36938156574,3.23760177518803E-4
418,1129.27741590134,2.92280825953376E-4
419,885.124990414767,1.55260132411851E-4
420,1070.15809501764,2.59102493470934E-4
421,1125.25936910114,2.90025859376047E-4
422,694.234015229648,4.81302779426324E-5
423,983.906507512256,2.10697271546585E-4
424,1223.67397173685,3.4525708257969E-4
425,2093.47042592465,8.33395232980029E-4
426,3123.79547480632,0.0014116235773826
427,3798.12160704334,0.00179006189978777
428,1948.25996693712,7.51901724323289E-4
429,1682.87010449222,6.02962376542407E-4
430,1465.96404412887,4.81232605621162E-4
431,1494.8215516984,4.97427716905341E-4
432,1256.20760688881,3.63515272081862E-4
433,1280.60073682791,3.77204931626477E-4
434,1279.71139497585,3.76705824410475E-4
435,1149.22540120632,3.03475827501273E-4
436,1617.77489381262,5.66430317130033E-4
437,1949.32657652792,7.52500315902208E-4
438,2059.4447182861,8.14299678022573E-4
439,2363.21889759613,9.84780674253171E-4
440,2515.26878588517,0.00107011253653042
441,2821.41185637788,0.00124192297731652
442,2616.54708665786,0.00112695089471968
443,3879.11318256807,0.00183551515230944
444,4790.98647611124,0.00234726723035772
445,5057.40489723732,0.00249678381518043
446,6185.41997938706,0.00312983674747644
447,7659.90970087316,0.00395733458557999
448,10520.0419452012,0.00556246835788348
449,13739.4536898382,0.00736923324734454
450,16551.8518044116,0.00894757816612118
451,20272.0728512715,0.0110354020611845
452,26756.9953703152,0.014674803059768
453,35735.4374635427,0.0197135912679324
454,43812.4910194318,0.024246511544249
455,60589.5876043429,0.0336619797915801
456,77638.0581487217,0.0432297457195968
457,94494.6303470266,0.0526898164468957
458,117769.279557175,0.0657517738300949
459,147600.455157635,0.0824933169943212
460,180511.493951419,0.10096330905649
461,222143.663148869,0.124327683527497
462,275028.098341252,0.154006938088131
463,335616.769260294,0.188009883967294
464,396225.791118293,0.222024250989478
465,467097.426762409,0.261798095746605
466,542324.109415544,0.304016034845177
467,632614.563948378,0.354687907858985
468,723597.221880185,0.405748252089533
469,824241.982263438,0.462231061308205
470,921801.476664302,0.516982389531655
471,1035291.30746611,0.580673976028838
472,1147653.16399571,0.643732532496651
473,1240983.00601251,0.696110139050334
474,1355475.26952932,0.760364300445406
475,1453715.19523317,0.81549749327191
476,1546929.33501695,0.86781016661765
477,1617427.18019987,0.90737423656656
478,1694375.6549973,0.950558462005628
479,1736078.64430209,0.973962581403209
480,1752842.94861037,0.983370870501645
481,1782473.81819521,1
482,1766486.50749952,0.99102776720312
483,1754419.56695268,0.984255683905745
484,1724636.15957562,0.967540948728726
485,1687976.76937924,0.946967345744825
486,1625197.1613004,0.911734824822352
487,1555287.29095481,0.872500732017169
488,1490788.93355504,0.836303632415991
489,1422120.43045335,0.797766206868405
490,1343467.3980502,0.753625367277948
491,1254284.85196245,0.703575263157993
492,1159393.72036249,0.650321445847536
493,1096128.4214453,0.614816350547053
494,1005193.67424219,0.563782894279061
495,921852.042799272,0.517010767733795
496,859679.152261331,0.482118742540875
497,786144.346166032,0.440850300867443
498,725083.847784165,0.406582560870181
499,658278.933758762,0.369090999467503
500,600391.546399735,0.336604039948532
501,555896.606729882,0.311633051106207
502,506834.37388623,0.284098853329816
503,475368.949061898,0.266440153755497
504,418817.061130334,0.23470268938248
505,389829.140228034,0.218434388879447
506,350323.759696314,0.196263588698821
507,319132.036784597,0.178758493274922
508,288826.372919287,0.161750662724865
509,263388.983440263,0.147474954665215
510,237639.108205267,0.133023876588577
511,215704.559937224,0.120713996765685
512,195863.366017118,0.109578927571894
513,179464.994642976,0.100376003561786
514,160630.220596841,0.0898057468979166
515,145574.80217491,0.0813565010236653
516,133337.235437911,0.0744886606644203
517,119697.43123401,0.06683387112848
518,108461.386100691,0.0605280943426746
519,92612.8012081602,0.0516337158031267
520,85495.8529780408,0.0476396158860496
521,81243.2535508909,0.0452530161146112
522,73345.6788813643,0.0408208211185634
523,65409.9012569134,0.0363671862561345
524,60865.7737645735,0.0338169781256984
525,55713.9174987087,0.0309257067522184
526,50191.1167987443,0.0278262577883482
527,42904.4547074749,0.0237369128172355
528,41690.353572216,0.0230555475625132
529,39887.5443657598,0.0220437936661536
530,33858.2969595622,0.0186601219312354
531,31319.0047468564,0.0172350466759061
532,26942.642327159,0.0147789899206191
533,28151.3284133863,0.015457316197652
534,25917.8964133994,0.0142038926406009
535,22707.5663523261,0.0124022244794559
536,22531.7730538557,0.0123035675866219
537,21201.5964445831,0.0115570596575198
538,19655.0083436657,0.0106890995142264
539,16018.1205849082,0.00864804306334526
540,14583.2025748522,0.00784275325096158
541,15853.4814963258,0.008555646020569
542,12991.8971701567,0.00694969732594581
543,12850.6041992395,0.00687040234933834
544,13349.3382960388,0.00715029672966266
545,9789.90774432936,0.00515271000966118
546,10470.765344453,0.00553481385477366
547,10635.6922994511,0.00562737245095591
548,8682.13851680303,0.00453101924604448
549,8478.63199832201,0.00441680942712943
550,8312.57804807704,0.00432361835035626
551,7453.26741481572,0.00384136494368859
552,6558.28796920596,0.00333909385586929
553,7341.17266571651,0.00377845629048423
554,5454.4303991243,0.00271959835209855
555,5328.98316152159,0.00264919615369754
556,6155.21526390544,0.00311288557013193
557,6554.25544752113,0.00333683076584724
558,4724.31968334476,0.00230985318393632
559,5583.34210062087,0.00279194484101619
560,4588.70205558818,0.00223374326459134
561,4911.58601165193,0.0024149488516549
562,3873.41893807521,0.00183231948743717
563,4355.86654360591,0.00210307373194457
564,3777.87971947779,0.00177870195745955
565,3299.34732595433,0.00151014496765289
566,3403.17359105588,0.00156841326797261
567,3235.27492421476,0.00147418691847221
568,3289.1903038845,0.00150444474900647
569,3023.99369689083,0.0013556138580468
570,2697.8461949924,0.00117257673761722
571,3197.49291345878,0.00145298329001405
572,2748.66971070702,0.0012010993843104
573,2356.49233879957,9.81005664647532E-4
574,3106.38204499165,0.00140185099279579
575,2131.20417694761,8.54571777611052E-4
576,2871.02156607187,0.00126976442437615
577,2529.59615744094,0.0010781531954888
578,3115.16141156018,0.00140677805790144
579,1960.01422895279,7.5849832941638E-4
580,2166.47945304971,8.74368602429589E-4
581,2378.82684623697,9.93540005409791E-4
582,2102.12079003362,8.38249900662462E-4
583,2559.63099837452,0.00109500903760024
584,1460.96514612065,4.78427175895592E-4
585,1664.84526092811,5.9284666066856E-4
586,1635.47138189433,5.76361756743516E-4
587,1688.74648430038,6.06260257508457E-4
588,2411.58421231567,0.00101192375486365
589,1468.88141295548,4.82869861114903E-4
590,1323.42494685152,4.01238290894191E-4
591,1387.3127857046,4.37092761604747E-4
592,1505.2773667205,5.03295621035372E-4
593,1619.10734052521,5.67178099062985E-4
594,1527.38025634787,5.15699975651055E-4
595,1224.20467701007,3.45554919492256E-4
596,1391.9661859668,4.39704294666449E-4
597,1837.06426990002,6.89497627798368E-4
598,1253.99631849134,3.62274275727892E-4
599,1538.39183464758,5.21879779487144E-4
600,1386.01676385165,4.36365421653966E-4
