400,521.879027843941,4.29899657044295E-4
401,463.269165234783,3.74736260190951E-4
402,919.35424142261,8.04001932154922E-4
403,776.002456411305,6.69079735545334E-4
404,235.630127005951,1.60483196864913E-4
405,206.670580479895,1.33226573378817E-4
406,65.1203568346633,0
407,235.003738791787,1.5989364247758E-4
408,543.679453631627,4.50418141233849E-4
409,290.632638968455,2.12251367958429E-4
410,261.737307578538,1.85055183532947E-4
411,260.422075794544,1.83817291996868E-4
412,621.739735372135,5.23888204264888E-4
413,147.271116715756,7.73200066914387E-5
414,479.384309982251,3.89903777831826E-4
415,338.24288424011,2.57061963603724E-4
416,504.193720839584,4.13254308201553E-4
417,747.75917243351,6.42497255854189E-4
418,364.650537169082,2.81916753798346E-4
419,391.052270790404,3.06765972761396E-4
420,799.498726887692,6.91194342800187E-4
421,853.98215708978,7.42473955963784E-4
422,822.384993015126,7.12734816104105E-4
423,1529.09564397863,0.00137788839886464
424,1064.82038096437,9.40914151823081E-4
425,1846.94199501791,0.00167704426820509
426,3939.65854033324,0.00364670173115822
427,3509.81298258857,0.00324213260180131
428,3231.91952129126,0.00298058025197379
429,3081.70360033451,0.0028391975547188
430,3379.04092431671,0.00311905039981961
431,5025.14864228244,0.0046683612029353
432,5740.72682897016,0.00534186087917719
433,6781.35509564881,0.00632129654914976
434,9590.51602504147,0.00896526895028586
435,12982.9179594781,0.0121581857370611
436,15232.7135549564,0.0142756854503753
437,21796.3007627217,0.020453310679391
438,26905.5383222941,0.0252621071271182
439,35127.3213860438,0.0330004204723
440,46982.5108662963,0.0441584831763842
441,64651.6194560877,0.0607885861282237
442,82968.9820625478,0.0780288234839219
443,107261.168622606,0.100892544161516
444,150562.729384095,0.141647821077689
445,192293.240729815,0.180924431801175
446,252646.115572421,0.237728345647283
447,326008.251862989,0.306776530680449
448,434318.853103336,0.408718088187391
449,522433.022003342,0.491650834504289
450,635997.369405136,0.598537199447536
451,749053.902769945,0.704945611602586
452,858796.230201763,0.808234704772802
453,960886.854598398,0.904322041918635
454,1017149.77778384,0.957276507628686
455,1052515.9953056,0.990563067356088
456,1062542.52298992,1
457,1027928.6453747,0.967421539950462
458,965434.822527859,0.908602573361648
459,899837.058829302,0.846862188544061
460,831313.999164013,0.782368525436053
461,755035.22963984,0.710575215446462
462,672384.675575711,0.632784804225198
463,605576.492401106,0.569905176847677
464,547190.495245244,0.514952481372774
465,506370.973538586,0.476533290898231
466,455821.991005334,0.428956766062993
467,417598.24372922,0.392980709366272
468,392387.153231182,0.369252119529388
469,361591.565490151,0.340267420499826
470,334352.238026359,0.314629861153824
471,307107.734338096,0.288987429963528
472,289254.862333355,0.272184369530904
473,270176.388890747,0.254227777329201
474,251779.981429653,0.236913143233922
475,229517.271876188,0.215959559187529
476,205943.243693557,0.19377176665264
477,184090.422769904,0.173203968345122
478,169777.904861249,0.159733076754219
479,154676.906631576,0.14552007025427
480,142522.18159081,0.134080085732581
481,128445.544269371,0.120831204121967
482,117778.94338451,0.110791836829612
483,107630.933897977,0.101240565940101
484,95386.7101991058,0.0897163455957181
485,89813.3028859185,0.0844706742060255
486,84131.2566468055,0.0791227522407851
487,78852.332788782,0.0741542476448841
488,70795.7325968499,0.0665714038385445
489,68531.0062128847,0.0644398513195426
490,62062.5864662544,0.0583517973707246
491,56130.5466610617,0.0527685823390527
492,52836.2003538162,0.0496679551642241
493,49197.7009755178,0.0462434123275658
494,45306.6819326632,0.0425811988694616
495,40572.912220322,0.0381257914409273
496,38957.918658851,0.0366057651726334
497,37376.6653680577,0.0351174951286074
498,32180.9393342197,0.030227296032644
499,32032.276224416,0.0300873748357928
500,29297.5414869942,0.0275134521051593
501,30638.4374013504,0.0287754986306036
502,27333.1912573527,0.0256646125677034
503,26940.835904135,0.0252953290871838
504,24844.8900996494,0.0233226322568406
505,24369.799970273,0.0228754790955602
506,23899.4404859975,0.022432778400835
507,22804.8239774414,0.0214025291872109
508,20948.2569855929,0.0196551348546374
509,20097.3971912678,0.0188543086043883
510,19965.9761120074,0.0187306155461314
511,19821.4203976652,0.0185945602154638
512,17824.5874084566,0.0167151480187808
513,16949.3478490266,0.0158913756192353
514,13742.4175408612,0.012873024075741
515,15254.200354714,0.0142959087508468
516,14809.1216810535,0.0138770022662877
517,14900.0608796523,0.0139625939206357
518,13177.6349862954,0.0123414527188669
519,12878.4493619187,0.0120598602599259
520,11843.0060809033,0.0110853046802502
521,10095.9692331466,0.00944099973463239
522,10414.6991308393,0.00974098719498007
523,8634.38033801466,0.00806535739954863
524,8597.47963479173,0.00803062658726831
525,8219.46166094021,0.00767483739785619
526,7608.17026810596,0.00709949208574008
527,7518.08414121207,0.00701470333948474
528,5833.78537829682,0.00542944725898728
529,6765.52394740836,0.00630639632802391
530,5812.51398944393,0.00540942670250281
531,5405.50473841561,0.00502635102482755
532,4683.09578539933,0.00434642225530646
533,3880.26363547478,0.00359079945529685
534,4690.13466356394,0.00435304722271487
535,3612.13908893767,0.00333844157373379
536,3839.97007873712,0.00355287530120398
537,3829.6780376967,0.00354318846832178
538,3853.2495559015,0.00356537389847435
539,3266.53675501704,0.0030131618707828
540,3472.66241207768,0.00320716661530708
541,3310.16740321803,0.0030542268836413
542,2091.61739924068,0.0019073318993739
543,2800.06838238405,0.00257412347667018
544,2668.63778728101,0.00245042146213573
545,2462.51569646637,0.00225642007414967
546,2293.58333159194,0.0020974215256104
547,2344.61620413136,0.00214545348602006
548,2201.69438891512,0.00201093597547155
549,2110.64703530887,0.00192524252601031
550,2232.92269318954,0.00204032794578267
551,2213.00613307661,0.00202158254935017
552,2185.5936117874,0.00199578198058393
553,2008.57441742625,0.00182917213653223
554,1828.05278926388,0.00165926581408717
555,1479.58096995195,0.00133128536156336
556,1692.22545224004,0.00153142560149796
557,1700.43188810826,0.00153914947011661
558,1710.60278579031,0.00154872228329537
559,1438.57493106623,0.00129269062177492
560,1406.25447237306,0.00126227071956045
561,839.839174738634,7.2916263064421E-4
562,635.906844863522,5.37222237964125E-4
563,768.66253103445,6.62171423558026E-4
564,1238.32630346666,0.00110421731673963
565,1332.92964805383,0.00119325765242368
566,1084.91174745632,9.59824075405605E-4
567,878.801154277389,7.65833508953901E-4
568,1148.13672939981,0.00101933120636839
569,1374.35203411755,0.00123224425671386
570,1479.4153594035,0.00133112948949677
571,460.366596078062,3.72004372294298E-4
572,599.379725198397,5.02843041216409E-4
573,649.201677307153,5.49735287569399E-4
574,242.973900913825,1.67395131076102E-4
575,937.308424335649,8.20900346058638E-4
576,1407.10464446275,0.00126307089854552
577,342.828182551512,2.61377630271117E-4
578,911.331046474777,7.96450529247011E-4
579,728.524202030009,6.24393369262501E-4
580,446.0750939711,3.58553260702142E-4
581,740.072270918575,6.35262371144279E-4
582,552.699069457175,4.58907371972493E-4
583,1046.39776017948,9.23574845839507E-4
584,362.81436966478,2.80188559391809E-4
585,664.676186067856,5.64299840869406E-4
586,820.703440728102,7.11152144997071E-4
587,1132.27351891959,0.00100440080837508
588,527.533597965471,4.3522171858416E-4
589,686.654510261632,5.84985762414005E-4
590,741.45800588683,6.36566620029781E-4
591,907.989455703492,7.93305435748548E-4
592,755.501291667417,6.49784111287274E-4
593,654.738071917238,5.54946122732918E-4
594,392.607757910044,3.08229991775621E-4
595,557.811421208994,4.63719099487026E-4
596,1055.11988600515,9.31784080035039E-4
597,1171.75164451062,0.00104155748153649
598,461.409502839188,3.72985952475243E-4
599,520.299498733722,4.2841300979297E-4
600,637.343619907203,5.38574525589367E-4
