420,2543.82185995441,0.00806064655620138
421,3738.71523717978,0.011821860548674
422,5254.82504452107,0.0165941804310878
423,7888.27205392343,0.0248835876108309
424,10997.2425121532,0.0346698190960461
425,15006.5774584401,0.0472901641309318
426,21758.5423107866,0.0685435957453072
427,28716.6260106732,0.090445835954873
428,38985.795888179,0.122770515437191
429,48536.7019913636,0.152834287118231
430,61701.4567115607,0.194273515592368
431,69511.467700686,0.218857401630698
432,80260.0390332429,0.252691112374815
433,83608.8824456947,0.263232401615836
434,83320.505164504,0.262324664837142
435,81072.7252567705,0.25524923752111
436,75461.2314560775,0.237585712553845
437,73449.7211766757,0.231254000659636
438,72361.7102477706,0.227829224853059
439,67613.9798623349,0.212884602764974
440,73770.852074052,0.232264837314729
441,78861.7487238963,0.248289657669905
442,88382.8005744302,0.278259455917881
443,98162.3156665823,0.309042829317784
444,114869.859379959,0.361633837346067
445,132299.702501949,0.416498456304171
446,150656.027997197,0.474279401130756
447,176836.605510511,0.556689059055842
448,200036.086453308,0.629714999280542
449,223553.352681137,0.703741245041657
450,247513.486222123,0.779161522075192
451,268381.370239063,0.844848200781258
452,291375.716858729,0.91722843143789
453,306561.470792202,0.965029240505439
454,313944.134098624,0.988267947036983
455,317671.269118014,1
456,313766.084023114,0.987707491645622
457,308468.227689157,0.971031215960121
458,292021.172501754,0.919260158152877
459,274689.284667945,0.864703876999269
460,256595.012430181,0.807747807762095
461,235107.99281963,0.740112251020286
462,216632.95516786,0.681957631159009
463,195712.82008082,0.616106479655849
464,176609.159840506,0.555973119162915
465,161411.175374242,0.508133811554872
466,146577.486259466,0.461441211092026
467,130207.994387372,0.409914302455246
468,119464.961977728,0.37609802680179
469,106779.452884478,0.336167339083053
470,95707.8434238341,0.301316788216948
471,88642.360010958,0.279076481606661
472,78220.6321166403,0.246271589112511
473,71822.436053408,0.226131729759124
474,64918.0349451416,0.204398468404577
475,58773.9979426052,0.185058635759533
476,51844.619092329,0.163246750960805
477,48649.562520955,0.153189542751234
478,43858.3858190497,0.138108162943555
479,41016.248181502,0.129161851871265
480,36681.9826604233,0.115518709783702
481,34476.4026477931,0.108576116776546
482,30627.9309358732,0.0964621274211772
483,28681.5815708836,0.0903355251607827
484,26730.4927207791,0.0841940042322702
485,25138.1299770183,0.0791816599117816
486,22791.0938874314,0.0717937999158619
487,20628.0165914669,0.0649849944212046
488,19624.9610337005,0.0618276360568468
489,18532.7965165832,0.0583897858334212
490,17055.8696204401,0.0537408035781745
491,15165.0299186454,0.0477889313195573
492,15476.8290651456,0.0487703940467011
493,13535.987593844,0.0426611292050279
494,12638.2976907447,0.0398354345541137
495,11840.4750671596,0.0373240961597982
496,11105.0538960005,0.0350091813297009
497,10482.5334780523,0.0330496487461126
498,10287.4907911238,0.0324357050276292
499,9297.69995300527,0.029320100555373
500,9087.09128351969,0.0286571591668747
501,8322.18995358301,0.0262494484540584
502,7913.34502942549,0.0249625108253107
503,8447.32275346315,0.0266433340063571
504,6869.78210421857,0.0216776457895464
505,6681.3580833183,0.0210845359126018
506,6708.5914424258,0.0211702594535381
507,5435.59355741847,0.0171631927572645
508,5470.37385322058,0.0172726720946904
509,4924.89078178473,0.0155556330684087
510,5081.95815603093,0.0160500403661942
511,4727.88070297386,0.0149354965112857
512,4636.80767505412,0.0146488222745066
513,4597.26767065018,0.0145243606106786
514,4324.8142761548,0.0136667480912651
515,3782.52835357546,0.0119597728591632
516,3488.36892476534,0.0110338353816055
517,3564.3714908736,0.0112730717189714
518,2932.09066133661,0.00928281589485014
519,3398.02323930822,0.0107494506299803
520,2805.32499887313,0.00888379051525532
521,2817.07463858359,0.00892077532923771
522,2592.41950705292,0.00821361932661927
523,2430.93770333872,0.00770531655146295
524,2677.49603618438,0.00848141814273065
525,2320.81796977297,0.00735868823246045
526,2339.13383776368,0.00741634182757106
527,1737.78992470585,0.00552346738103812
528,2007.0073392697,0.00637089387613358
529,1604.30064649899,0.00510327780546059
530,1840.0858065538,0.00584546824698336
531,2147.77972182235,0.0068140087724938
532,1443.7112455871,0.00459778408253515
533,2041.02050558047,0.00647795848917329
534,1218.36047851556,0.00388843839991691
535,1752.21268883536,0.00556886649638009
536,1466.60706091181,0.00466985416226756
537,1471.29697534018,0.0046846167947398
538,897.361405339774,0.00287801669316759
539,1260.45680118903,0.0040209466896848
540,1243.10768478887,0.00396633617747922
541,1013.83055716485,0.00324463133166624
542,1143.42280763344,0.00365255407612928
543,747.262992221969,0.00240554587491135
544,912.175913720338,0.0029246489176611
545,1063.72970301761,0.00340170088211403
546,1188.05788170893,0.00379305369590089
547,765.821852208616,0.00246396434571098
548,794.080293531407,0.00255291457920843
549,506.086549974408,0.0016463850773658
550,1196.79707962835,0.00382056242105077
551,831.022774194055,0.00266919991297407
552,684.869025560777,0.00220914587393646
553,1011.71157048351,0.0032379613119744
554,482.750819480748,0.00157293025894414
555,677.975658162552,0.00218744734383525
556,575.542329833503,0.00186501383206753
557,579.386461781299,0.00187711416097264
558,382.88007175999,0.00125856308533216
559,698.654542092567,0.00225253909935816
560,635.201493596692,0.00205280538385132
561,435.709348257918,0.00142485592598511
562,510.025181265972,0.00165878286566003
563,626.326664205353,0.00202486972605646
564,400.22170848311,0.00131315005345716
565,335.176558309902,0.00110840481539914
566,266.686480401,8.92815839607269E-4
567,480.513351873403,0.00156588729207124
568,415.058060494401,0.00135985103602658
569,248.933560929804,8.3693426021702E-4
570,202.866822199333,6.91928131969016E-4
571,205.377203032042,6.99830158789474E-4
572,476.096315912882,0.00155198361013893
573,381.139408505892,0.00125308392952438
574,260.382099692294,8.72971286622533E-4
575,511.849839034146,0.00166452641438156
576,440.794366185069,0.00144086224164818
577,369.160142066547,0.00121537631024219
578,215.747804011206,7.32474117034314E-4
579,321.900625244191,0.00106661562637055
580,194.107211140464,6.64355151558211E-4
581,220.941841734098,7.48823598697805E-4
582,196.97860529181,6.73393554536916E-4
583,171.882325666303,5.94396984729447E-4
584,226.437252273193,7.66121723708775E-4
585,311.031343896286,0.00103240195185107
586,93.4968931493037,3.47660002829385E-4
587,121.429245621893,4.35583793324012E-4
588,318.958617998247,0.00105735495171094
589,292.400531172978,9.7375699252528E-4
590,-16.9505942147119,0
591,97.4275412620884,3.60032662150354E-4
592,40.2799951052834,1.80147030229312E-4
593,359.854430772052,0.00118608434813253
594,99.793350001139,3.67479613570818E-4
595,129.664783569175,4.61507127701162E-4
596,101.093662493857,3.71572659557527E-4
597,312.960405464723,0.00103847413661822
598,162.931286491661,5.66221438331314E-4
599,255.981277112559,8.59118640201706E-4
600,166.455478083346,5.77314678096005E-4
