400,283.483050253793,0.00685868187944149
401,541.471555975448,0.0108173317815913
402,594.107596314118,0.0116249943375388
403,243.375736565664,0.00624326371202012
404,360.162927537383,0.00803527999126995
405,140.378161838749,0.00466283927421873
406,230.16689612995,0.00604058346178149
407,152.728259498862,0.00485234272809156
408,203.504510939942,0.00563146814779391
409,203.513214162915,0.00563160169255271
410,291.625964191041,0.00698362909509644
411,202.316642053792,0.00561324114563824
412,87.36306361191,0.00384936034491105
413,124.701945250823,0.00442229889398633
414,186.682321816999,0.00537334363507886
415,248.507412283841,0.00632200562155908
416,185.929499020276,0.00536179210536148
417,184.920138379039,0.00534630418510516
418,135.42590197194,0.00458685037315382
419,271.383135656702,0.00667301730651097
420,233.807757857285,0.00609644989226584
421,269.95730182923,0.00665113890178975
422,369.244344104679,0.00817462786145876
423,135.42590197194,0.00458685037315382
424,135.42590197194,0.00458685037315382
425,271.383135656702,0.00667301730651097
426,233.807757857285,0.00609644989226584
427,269.95730182923,0.00665113890178975
428,135.42590197194,0.00458685037315382
429,271.383135656702,0.00667301730651097
430,233.807757857285,0.00609644989226584
431,269.95730182923,0.00665113890178975
432,398.625332526608,0.00862545820607505
433,240.399479416648,0.00619759516551349
434,119.739136614575,0.00434614812956635
435,179.523838579277,0.00526350180747774
436,95.370177117633,0.00397222379965012
437,167.708985339978,0.00508221129808533
438,82.7480971048488,0.00377854697025895
439,191.081978261121,0.00544085323014124
440,34.7474803229142,0.00304201168782297
441,70.6775257761216,0.00359333264888561
442,94.4082403223385,0.00395746356453842
443,214.078620667877,0.0057937203315597
444,106.193166618895,0.00413829486630595
445,141.696909972347,0.00468307452522505
446,201.573637863484,0.00560184027544431
447,249.148479342845,0.00633184233906437
448,118.171939369683,0.00432210060387218
449,117.82900109572,0.0043168384602706
450,58.4428137055893,0.00340559970471678
451,237.375512710832,0.00615119454983258
452,106.356732759377,0.00414080467225332
453,238.44983830582,0.00616767931104152
454,166.77757420579,0.00506791945750546
455,95.1834943904831,0.00396935928614205
456,227.162832549657,0.00599448824538837
457,143.770131224373,0.0047148866289601
458,-61.7583921440767,0.00156119779834484
459,119.868955438017,0.00434814010696581
460,71.5558534835532,0.00360680996208355
461,144.971820535924,0.00473332569570178
462,206.216847156782,0.00567308701553902
463,108.679328660233,0.00417644325239059
464,47.9796763877729,0.00324505031355886
465,121.911280495906,0.00437947813060354
466,48.1201497119349,0.0032472057766846
467,147.165511270125,0.00476698631785237
468,-1.24019629291229,0.00248980641761011
469,148.110742097548,0.00478149021178368
470,235.354234044987,0.00612017946809325
471,86.5962553004899,0.00383759421742998
472,111.872150122925,0.00422543482407133
473,150.500117577028,0.00481815347700004
474,100.182144068345,0.00404606000582255
475,279.609149156598,0.0067992396257781
476,62.7118288405779,0.00347110470192248
477,408.92455406737,0.00878349242636138
478,217.538780279142,0.00584681401675409
479,256.767732738981,0.00644875435662383
480,361.613596463015,0.00805753947288694
481,218.955303374942,0.00586854955492815
482,350.821161374139,0.00789193724193084
483,481.88440923388,0.00990300944789636
484,443.207792601976,0.00930954430797822
485,655.637016922325,0.01256911948059
486,748.633805781924,0.0139960889809928
487,869.905187368538,0.0158569119719572
488,1144.8253732383,0.0200753664486328
489,1018.68740809657,0.0181398691985947
490,1205.57467816485,0.0210075212720829
491,861.35030523106,0.0157256433976395
492,1784.74445097119,0.0298944689988223
493,1989.41579968968,0.0330350050948431
494,2326.66260594013,0.0382098171773784
495,3301.12873561107,0.053162306002722
496,3135.53546767893,0.0506213952281798
497,3549.63560255249,0.0569754669098308
498,4134.28474112436,0.0659464916022895
499,5678.68072375584,0.0896441481642481
500,6890.5604370865,0.108239579364465
501,7614.08620952638,0.119341567107136
502,9812.05958975104,0.153067903411211
503,11702.8399951114,0.182080582273509
504,14644.6947201795,0.227221248083227
505,16781.489119351,0.260008836489668
506,20784.2390102101,0.321428183136357
507,24887.7806996126,0.384394108156082
508,28179.6323095458,0.434905226925122
509,32838.5956310168,0.506393701363434
510,38424.1924614332,0.592100707124506
511,44192.8952025431,0.680617342692232
512,49781.4482122262,0.766369708919004
513,55071.075768129,0.847535276927586
514,60438.6686307766,0.929897167047701
515,62976.2573068577,0.968834658220672
516,65007.3285444499,1
517,63713.14589532,0.980141688859312
518,60884.618980077,0.936739957588634
519,57333.6113746751,0.882252274618667
520,52874.6053237363,0.813832002103585
521,48022.407594852,0.739378483289134
522,45914.2630565952,0.70703050659636
523,41786.820702891,0.643697842903007
524,36560.7843339875,0.563508036374528
525,31618.796929456,0.487676758928077
526,29520.8576102925,0.455485374054973
527,26273.932526584,0.405663620837882
528,21442.0932918293,0.331522488618208
529,18833.080836537,0.291489050415369
530,18005.8754122677,0.278796172247478
531,15167.9297437237,0.235249916914657
532,13539.1262420309,0.210257087080781
533,13196.6882975407,0.205002620678657
534,10844.2160898586,0.168905609888578
535,9747.84915922416,0.152082640080152
536,8797.55362576997,0.137501031841448
537,7498.39096928867,0.117566306034303
538,6778.81926709652,0.106524990683819
539,6369.52304974283,0.100244631695557
540,5783.92890551084,0.0912591065641985
541,4943.35533651372,0.0783611037351492
542,4684.92894641385,0.0743957348090407
543,4069.98489093717,0.0649598561902204
544,3159.81649937637,0.0509939703686275
545,3345.56502751171,0.0538441492580731
546,2746.39959928196,0.0446503824381191
547,2609.36134290466,0.0425476279813602
548,2188.18259827502,0.0360849400738046
549,2040.54092816005,0.0338194837841184
550,2012.57895313189,0.0333904271895251
551,1784.12149055345,0.0298849101148332
552,1548.64441280681,0.0262716820441764
553,1346.58113806914,0.023171164986136
554,1412.34914178314,0.024180328168576
555,878.527533696766,0.0159892157362395
556,722.58631401765,0.0135964087687466
557,654.024841686171,0.0125443817996495
558,492.553963181207,0.0100667261552412
559,532.511698158513,0.0106798491438626
560,406.462356809887,0.00874571176281924
561,297.737610795882,0.00707740796003677
562,805.426872456121,0.0148675381457674
563,302.436521123249,0.0071495093928336
564,227.57205066764,0.00600076740599741
565,518.071179942481,0.0104582696751845
566,270.428654374609,0.00665837147094015
567,429.299438327497,0.00909613051601987
568,215.341776582506,0.00581310255955415
569,196.763381683156,0.00552803031982513
570,420.476407561375,0.00896074739194899
571,200.361428536891,0.0055832397865633
572,304.186294302993,0.00717635841623254
573,224.214678455192,0.00594925092024114
574,226.326190002814,0.00598165056129492
575,374.18853143024,0.00825049289512681
576,18.9459021126925,0.00279954772276867
577,146.770952568007,0.00476093209554055
578,126.110738388341,0.0044439158214552
579,256.952308556135,0.00645158654109837
580,63.0671574125933,0.00347655696582433
581,-133.526011687099,4.59974783440334E-4
582,86.3742018191276,0.00383418696488666
583,42.2124048298893,0.00315655563847857
584,-92.3009635183788,0.00109254379050803
585,65.6879765247453,0.00351677156876895
586,66.0514221103786,0.00352234838246451
587,-163.502950790749,0
588,67.2729951959743,0.00354109255155931
589,-2.33982128293374,0.00247293345520051
590,138.876144655758,0.00463979189015856
591,164.018616453636,0.00502558521550095
592,213.051747189513,0.00577796368928884
593,118.076737212734,0.00432063979456893
594,21.908663202877,0.00284500918186331
595,22.0524446516415,0.00284721540580531
596,-2.47657840085737,0.00247083501461312
597,72.1818559587567,0.00361641552427819
598,223.746933573021,0.0059420737081136
599,-27.905520059019,0.00208064601326489
600,252.333929459142,0.00638072080268393
