400,1527.59373886385,0.00384097469783383
401,1934.39419989248,0.00474479333452906
402,2281.05159909674,0.00551498768769391
403,1964.14248020885,0.00481088728656536
404,1960.29147417618,0.00480233122196908
405,2276.93064813366,0.00550583186650354
406,1864.67217549609,0.00458988676220554
407,1893.41370880142,0.00465374395003384
408,1776.35640570828,0.00439366909213094
409,1881.97907761765,0.00462833878519826
410,1886.34066762333,0.00463802925192682
411,1905.56677030531,0.00468074530458578
412,1864.07496004866,0.00458855988452662
413,2658.2829339135,0.00635311041226185
414,2388.60405679573,0.00575394492841317
415,2352.35132025678,0.00567339954546977
416,2567.0624906757,0.00615043921460034
417,2544.81479837347,0.00610100987306182
418,2397.72417067191,0.00577420775916126
419,2865.93747538247,0.00681447184754508
420,2109.49557759204,0.00513382900099734
421,2606.5137898699,0.00623809108048907
422,2909.63499383436,0.00691155785244854
423,2903.16841092043,0.00689719056746916
424,2842.28749299878,0.00676192693453825
425,3396.12749788444,0.0079924341883828
426,5372.06359060288,0.0123825173780673
427,4370.78955219445,0.0101579128777077
428,3696.70480453799,0.00866024899575595
429,3445.95237687705,0.00810313380285899
430,2770.20475250883,0.0066017753848715
431,2805.36951076888,0.00667990352609817
432,3020.69121004127,0.00715829965228539
433,3501.59627028321,0.00822676195153809
434,2305.52535503278,0.00556936283925836
435,2791.71388124347,0.00664956380517046
436,3364.13892003532,0.00792136280181577
437,2453.52124424703,0.00589817623953795
438,2564.48359181011,0.00614470948447424
439,1989.47823798504,0.00486717761129856
440,3227.8766993667,0.00761861895977006
441,3749.02378012228,0.00877648992888153
442,3681.80908730675,0.00862715408036057
443,4518.31351599614,0.0104856777664347
444,5019.42355063458,0.0115990309499487
445,5855.95967382252,0.0134576250540317
446,6429.00874763304,0.0147308105153786
447,7836.18177938629,0.0178572307950843
448,10092.9727917187,0.0228713101078627
449,11456.5500942877,0.0259008705354004
450,14750.311969928,0.0332188646215242
451,19402.6596794979,0.0435553292205643
452,24431.1892016334,0.0547275847430534
453,32494.9544767146,0.0726434477662306
454,38954.6899104713,0.0869955191930596
455,53632.3143653997,0.119605881755663
456,65254.2743636674,0.145427248857363
457,77971.2885662225,0.173681578781975
458,98185.2475480947,0.2185924247604
459,116950.013803712,0.260283492199635
460,139108.170922016,0.309513906805619
461,169870.442213236,0.377860717499431
462,200038.312217242,0.444886902941979
463,228750.891451253,0.50867976137107
464,260926.499251481,0.58016668619733
465,299259.657595927,0.665334295957394
466,330425.406326731,0.734577542285668
467,356394.526269014,0.792275054532975
468,382761.781277604,0.850857132869365
469,399764.062670525,0.88863235748539
470,419861.024084581,0.933283261324189
471,437512.928267979,0.972501800884771
472,441409.186995398,0.981158406736011
473,449889.614943123,1
474,446558.017872266,0.992597944665583
475,436067.558718551,0.969290516579974
476,421113.068057441,0.936065019913576
477,403901.694379465,0.89782523952113
478,384716.019897321,0.855199009180381
479,363725.99674306,0.808563924098335
480,353278.837548431,0.785352698730615
481,321182.196619662,0.71404122043636
482,295390.11755589,0.656737052987756
483,276244.242139692,0.614199247171977
484,256985.358507882,0.57141036265508
485,234746.345833294,0.522000305286488
486,220458.134218289,0.490255129998258
487,202186.250949402,0.449659137102425
488,185099.503302536,0.411696247570058
489,165463.254699327,0.368068943418325
490,152553.694614425,0.339386820082555
491,139849.304170368,0.311160537294779
492,130498.442092575,0.290385036220604
493,120078.87089015,0.26723510513323
494,108172.16783259,0.240781103341276
495,101724.55459759,0.226455964698954
496,93448.2102397875,0.208067799023392
497,85331.6945029744,0.190034736402439
498,76281.4241629785,0.169927082198373
499,75169.1130325528,0.167455778387801
500,62541.8731968621,0.139400906806143
501,61302.9795526743,0.136648365273449
502,52360.3064562008,0.116779767814075
503,50763.5949739723,0.113232235956775
504,46636.0732432393,0.104061816006492
505,42711.968304257,0.0953433421698797
506,38457.8922953162,0.0858917472304921
507,35680.6256520548,0.0797212887582854
508,33199.8757363135,0.0742096234048155
509,28510.9028241383,0.0637917858874564
510,26130.0388450208,0.0585020444984679
511,24414.5606536625,0.0546906398695909
512,21530.4252954219,0.0482827432783771
513,20657.4597661955,0.0463432112716721
514,18295.873638155,0.0410963009085748
515,17099.1728140203,0.0384375022811922
516,15770.1534623561,0.0354847218061519
517,14731.2988794779,0.033176621833877
518,13637.5598457243,0.0307465810224977
519,12529.624752959,0.0282849997780765
520,10615.8681723064,0.0240330654038669
521,10515.8766358938,0.0238109068205335
522,9652.8687764609,0.0218934985044327
523,8417.44302094496,0.0191486618361921
524,8434.48336660092,0.0191865216309933
525,8366.78476566447,0.0190361106480513
526,7757.97509741899,0.0176834732322305
527,6828.27425622945,0.0156178881916098
528,6289.55129129282,0.0144209675821929
529,5556.29723701298,0.0127918428805771
530,4848.14235986844,0.0112184828750072
531,3581.06034038975,0.00840331314651053
532,4552.55603896636,0.0105617569093877
533,3126.0347737148,0.00739234922996599
534,4385.92098580769,0.0101915315016025
535,2988.76951624342,0.00708737686695613
536,3470.55658113157,0.00815779878108951
537,3780.21628849682,0.00884579262908716
538,3404.69089710258,0.0080114601250478
539,2650.93342495084,0.00633678146525372
540,2932.91004973167,0.00696326976358286
541,2386.23100953285,0.0057486725540001
542,2442.68139252236,0.00587409254016603
543,2270.4285400059,0.00549138565253215
544,2544.17844775548,0.00609959604588336
545,1610.67066131206,0.00402555283375363
546,1930.06345460233,0.00473517139778366
547,1903.28518353811,0.00467567613471262
548,2258.17132882855,0.00546415290095664
549,1300.38189882374,0.00333616136751753
550,1938.88972118838,0.00475478136629929
551,1748.83430223231,0.00433252120164
552,1167.89367789614,0.00304180249950108
553,1617.05799320741,0.00403974404089036
554,1426.08104862345,0.00361543645466579
555,1270.29377062852,0.00326931235034249
556,869.775531724893,0.00237945139064222
557,1577.56329208667,0.0039519957457351
558,1545.16188358468,0.00388000714280868
559,1139.26372099768,0.0029781932092186
560,639.037074425636,0.00186680271423205
561,1152.64496354187,0.00300792330431977
562,1418.36437002078,0.00359829173974378
563,1213.89372983913,0.00314400421316162
564,1355.53621178379,0.0034587017791517
565,314.122096729769,0.00114491510515613
566,1067.35074340803,0.00281841883432871
567,1254.04147174601,0.00323320341727489
568,501.402292131525,0.00156100935062484
569,234.698787298442,9.68454471187E-4
570,601.781970531774,0.00178403029768624
571,744.564253374383,0.0021012602435342
572,979.187652487612,0.00262254038217297
573,-84.1330411774662,2.60082244126366E-4
574,620.531177853294,0.00182568679669217
575,909.290707020829,0.00246724517478504
576,631.211949144109,0.00184941705531211
577,1261.66515324349,0.00325014151365813
578,446.96735103524,0.00144006722060408
579,743.580614403269,0.00209907482016564
580,651.984998037005,0.00189557007264868
581,258.596639960875,0.00102155009590357
582,511.094473850129,0.00158254318676003
583,717.512835760154,0.00204115811059428
584,417.641720376623,0.0013749123005357
585,626.80404111039,0.00183962368039891
586,-41.3436928275968,3.55150500422994E-4
587,428.177174415286,0.0013983196970812
588,483.35715094064,0.0015209171273543
589,-201.193668741891,0
590,277.66089508169,0.00106390655987939
591,225.802330086268,9.48688554971977E-4
592,771.082142398461,0.00216017699659091
593,447.513418515941,0.00144128045906675
594,11.0454813207909,4.71547398884357E-4
595,734.510271864882,0.00207892257007558
596,570.42862689138,0.00171437025788873
597,11.3155402330122,4.7214740872027E-4
598,638.560285948791,0.00186574339805024
599,414.068374212176,0.00136697313338082
600,706.060272864268,0.00201571310554917
