400,137.963679359388,0.00107598173370911
401,483.590542632285,0.00192507791349903
402,194.848227110594,0.00121572912408047
403,80.4115318220115,9.34594261248361E-4
404,-120.554126044406,4.40885031741478E-4
405,-62.9163648739705,5.82482829893002E-4
406,-148.782784802741,3.71536121516955E-4
407,-34.2907100766574,6.52807034158318E-4
408,79.8337614388013,9.33174861666587E-4
409,221.649889451982,0.00128157235423508
410,79.6795633189942,9.32796045525911E-4
411,135.739315085345,0.00107051717233311
412,-146.294527606543,3.77648984561277E-4
413,387.076429788377,0.00168797318229974
414,245.488788124096,0.00134013700861759
415,-5.56580808133957,7.23375057482959E-4
416,-33.2159541377684,6.55447370483092E-4
417,-61.0388464018751,5.87095300541392E-4
418,-5.53161446363838,7.23459060415741E-4
419,49.6163285326221,8.58940160692442E-4
420,-5.52086469088772,7.2348546921652E-4
421,-60.5135925622874,5.88385683541112E-4
422,-5.4962947404894,7.23545829834394E-4
423,103.970491888486,9.92471194779632E-4
424,350.037037985137,0.00159697908020924
425,922.684482668191,0.00300379321798338
426,2418.71670126394,0.00667907247615064
427,2005.43342904761,0.00566376584087648
428,861.816714170599,0.00285426031069071
429,265.418571958909,0.00138909820092173
430,75.3593136082636,9.22182554750388E-4
431,21.6099125700084,7.90137230913553E-4
432,102.533968265903,9.88942109370693E-4
433,-59.1031278259625,5.91850750486433E-4
434,264.145482976549,0.00138597062287059
435,-32.2393521954497,6.5784657339963E-4
436,-139.536190353139,3.94252087367746E-4
437,-300.01755340605,0
438,101.760281073059,9.87041403986929E-4
439,-5.34496708113024,7.23917594159197E-4
440,-85.3718474563287,5.27316792463311E-4
441,-31.9809615103664,6.58481357807068E-4
442,-164.916985094038,3.31899480714272E-4
443,101.098772480933,9.85416286039924E-4
444,206.638350015947,0.00124469373702575
445,-5.3119270731682,7.23998763036741E-4
446,74.4793212284928,9.20020691054863E-4
447,179.722612245238,0.00117857025952483
448,-138.198808357098,3.97537613073141E-4
449,180.012685211223,0.00117928287730271
450,153.640650092491,0.00111449510571413
451,-5.32223030474843,7.23973451246762E-4
452,-85.1016216051394,5.2798065214063E-4
453,128.000917452503,0.00105150637032101
454,154.5437740685,0.00111671379644506
455,155.250513100714,0.00111845003131604
456,-139.341095654999,3.94731373501121E-4
457,128.950700816304,0.00105383968844969
458,-32.3045767336855,6.57686337283374E-4
459,129.424732043541,0.00105500423364833
460,-5.41114382156278,7.23755018782503E-4
461,-5.41377747955324,7.23748548715572E-4
462,103.332585597202,9.9090406024077E-4
463,185.729009006535,0.00119332608173155
464,185.546789512739,0.00119287842591394
465,104.2437158691,9.93142419915227E-4
466,352.00844001409,0.00160182219314254
467,628.025364302673,0.00227990871035215
468,435.536879490498,0.00180702522103112
469,770.939045715609,0.00263100254541561
470,1048.63903243835,0.0033132238161269
471,1053.48368558651,0.00332512560073229
472,1366.60725406141,0.00409437143792377
473,1792.6667638561,0.00514106525883838
474,1748.00844733362,0.00503135386199839
475,2318.78591673051,0.00643357406035258
476,3325.69708892911,0.00890723719407309
477,4083.84997354119,0.0107697796825965
478,4172.47091305455,0.0109874933767163
479,5084.86251800356,0.0132289517486106
480,6310.18293621246,0.0162391775055659
481,6941.11910607263,0.0177891886547183
482,8832.47640577557,0.0224356569372706
483,10425.4386485257,0.0263490626895335
484,13432.6412976915,0.0337368110175467
485,16675.997744473,0.0417047147348129
486,18788.9233123322,0.0468955063615422
487,23482.3845326551,0.0584258600916621
488,29324.5313067341,0.0727781718901979
489,33409.2588444631,0.0828130589789075
490,41954.4996110992,0.103806020063089
491,50164.7454208288,0.123976004207734
492,60341.6171569814,0.148977367908322
493,74696.0749810502,0.184241742864469
494,88995.1711038441,0.219370111583676
495,109417.912210448,0.269542344407963
496,127653.718008442,0.314341967017858
497,146698.573301256,0.361129169032918
498,170849.04961681,0.420459271402457
499,193583.498684386,0.476310641490162
500,227159.250504182,0.558795672699248
501,251138.298985016,0.617704630953448
502,278856.954124566,0.68580062316029
503,306774.564921135,0.754385386658584
504,333130.277158264,0.819133058075893
505,358683.848525408,0.881910122400025
506,382752.925041455,0.941040251138631
507,393272.709045735,0.966884042115019
508,399581.837067471,0.982383579536193
509,406752.647974321,1
510,404493.792444853,0.994450704489212
511,396940.856580625,0.975895523541223
512,378174.768056972,0.929793163544824
513,360725.278041956,0.886925270781135
514,342405.16831571,0.841918540012048
515,307910.78133922,0.757176711993872
516,292295.137944704,0.718814001914894
517,264302.494417615,0.650044906665762
518,233616.488456061,0.574659069499531
519,215787.420079594,0.530858672434565
520,195048.890374097,0.479910646633996
521,172886.39066657,0.425464375710321
522,154914.7888029,0.381313818827538
523,142036.61837193,0.349676216321548
524,126193.109103848,0.310753711668393
525,111234.579811438,0.274005323660623
526,97148.4489323996,0.239400143368347
527,89933.6774837066,0.221675725719984
528,79327.9476125479,0.195620792859125
529,72776.9711795914,0.179527110179358
530,64202.5034432495,0.158462347649857
531,56454.5226871263,0.139428002926728
532,53214.6611814757,0.131468685177389
533,48105.2848407575,0.1189165591912
534,44783.5024664245,0.110755987708327
535,38660.2096403939,0.0957129887438268
536,33227.169123631,0.0823657219725374
537,33130.2046981216,0.0821275109651642
538,28184.375355662,0.0699771683650301
539,25011.9709318224,0.0621835713872861
540,21824.6059554001,0.0543532210509481
541,20546.0904986488,0.0512123118639421
542,19028.1190768924,0.0474831349040309
543,19359.4757504998,0.0482971737291492
544,17030.3624279617,0.0425752769826471
545,12574.5521230988,0.0316287565880781
546,11973.9702031728,0.0301533162561807
547,10623.4888817599,0.0268356096403498
548,9275.09060580521,0.0235230204101416
549,8859.91031391155,0.0225030533959092
550,7739.56626662863,0.0197507214689571
551,7325.42306218468,0.0187333022514535
552,6207.33993160673,0.0159865246836703
553,6124.46381095241,0.0157829241973625
554,5337.34241839185,0.0138492152225298
555,4679.73185654684,0.0122336735063431
556,4480.24830215199,0.0117436053375566
557,4343.03828548581,0.0114065236076328
558,3711.96760171353,0.0098561820002289
559,3202.92088282211,0.00860561478374487
560,3057.97069281811,0.00824951788946196
561,2624.47253433988,0.007184549655152
562,2258.65493860206,0.00628585121458645
563,2240.05605003703,0.00624015961214743
564,1614.61563045366,0.00470364978786583
565,1579.90562995296,0.004618378265431
566,1683.69667813531,0.00487336013134703
567,865.74206104614,0.00286390364976687
568,1800.54907439728,0.0051604296094709
569,790.146034247815,0.00267818805765714
570,978.882953133851,0.00314185513287786
571,985.091200415793,0.00315710683814281
572,1401.95279295144,0.00418120427770927
573,956.314411383017,0.00308641134473419
574,406.755438850701,0.00173631830009134
575,271.11981873123,0.00140310436586093
576,413.287268821887,0.00175236494595403
577,37.9709479150597,8.30331133891292E-4
578,899.384375337318,0.00294655220397192
579,518.913058770779,0.00201185419364622
580,573.93686561965,0.00214703033056584
581,430.759114003007,0.0017952877583092
582,-108.574628032708,4.70314879587251E-4
583,-208.891981495499,2.23866785867648E-4
584,390.976521543418,0.00169755447751122
585,646.920519090738,0.00232632814544802
586,-10.1750582804013,7.12051583668861E-4
587,451.675536922645,0.00184667281162293
588,-165.46455174379,3.30554282178248E-4
589,41.7104969757298,8.39518026343702E-4
590,-220.358389851902,1.95697437457813E-4
591,360.52007804276,0.00162273260289906
592,363.43233478531,0.00162988709908391
593,419.16332949658,0.0017668005735087
594,-65.2350186169169,5.76786629034225E-4
595,208.136992038881,0.00124837542774995
596,154.502673358882,0.00111661282496619
597,44.4575502362378,8.46266669684353E-4
598,101.106065679402,9.85434203128021E-4
599,158.393957129569,0.00112617248173847
600,329.80808152693,0.00154728291513934
