400,420.975357661765,6.97797488892753E-5
401,904.540129775348,7.50886892109289E-4
402,937.547073459769,7.9737759287117E-4
403,646.853549659544,3.87932060512117E-4
404,847.781153338858,6.70941150562034E-4
405,703.555477073431,4.67797447784103E-4
406,644.795868980105,3.85033791055668E-4
407,617.098428403329,3.46021593075863E-4
408,755.087895532046,5.40381515821469E-4
409,614.489418875885,3.42346769911835E-4
410,726.088068461958,4.99534889870514E-4
411,637.416869362788,3.74640376069698E-4
412,550.916670680587,2.52803744019588E-4
413,967.322387091436,8.39316501525544E-4
414,850.636014387372,6.74962258726188E-4
415,791.240592496035,5.91303050161562E-4
416,846.590429992164,6.69264001555734E-4
417,788.847412050121,5.87932225009015E-4
418,1200.25433484887,0.00116740411801651
419,926.468537178306,7.81773333353369E-4
420,1142.2581641256,0.00108571577255169
421,1032.66464771155,9.31351908215693E-4
422,1052.59458396067,9.594234773746E-4
423,918.169952131174,7.70084670571928E-4
424,1025.03902594073,9.20611122783997E-4
425,1154.24199748868,0.00110259515454447
426,2508.98329593565,0.0030107655358448
427,2452.78114027025,0.00293160408344876
428,3114.20966203569,0.00386323458443589
429,3911.29006863617,0.00498593249372191
430,3294.69884624849,0.00411745590023598
431,3759.95896038781,0.00477278069945691
432,3794.44304299466,0.00482135196921309
433,4861.88730610443,0.00632486081543341
434,4578.57878183464,0.00592581714901441
435,7368.74692263047,0.00985580452831542
436,9203.07896987997,0.0124394845903642
437,10631.0478190798,0.0144507969099829
438,13587.5979614667,0.0186151354586042
439,18328.1507224746,0.0252922644277414
440,22325.3648112414,0.0309223914052278
441,30308.4676989721,0.0421666935452036
442,40917.7516227017,0.0571100051378111
443,50751.2533667882,0.0709606176451891
444,68758.9331852652,0.096324664127679
445,88694.225902307,0.124403777939902
446,116029.445441257,0.162905782972421
447,153174.007079914,0.215224371345361
448,193017.001255487,0.271343736330621
449,242130.142211132,0.340520221178042
450,303095.144168152,0.426390203265146
451,360379.056088478,0.507075323130238
452,430800.899835601,0.606265387380044
453,506130.893498514,0.712368643327061
454,566794.346341153,0.797813889644149
455,621537.796175598,0.874920736290101
456,673256.939007226,0.947767807986143
457,697252.611039734,0.981566017802525
458,710340.16193272,1
459,692973.20111253,0.975538414390792
460,673485.31411267,0.948089477232171
461,639148.053130317,0.899725007604931
462,600028.46255944,0.844624565814668
463,557538.185873373,0.78477646968107
464,512573.901578675,0.721443702306318
465,478092.654619736,0.672876426596353
466,438533.743123444,0.61715719568471
467,397494.11227557,0.559352352698683
468,362022.670815497,0.509390375416576
469,329533.919908938,0.46362955578525
470,297242.203792375,0.418146262166298
471,273966.26024423,0.385361799091094
472,251036.058844515,0.353064318237482
473,228820.596646024,0.321773556656172
474,204967.134211562,0.288175650870707
475,186425.51459541,0.262059543379603
476,173903.52678592,0.244422163991772
477,159357.212220404,0.223933494573622
478,140481.889687142,0.197347362271646
479,129127.988150447,0.181355247283081
480,123427.257028676,0.173325694857986
481,112244.960554336,0.157575287786381
482,100288.074107293,0.140733860868213
483,92460.6873593365,0.129708886895281
484,87117.7207962426,0.122183250409805
485,78535.6088602893,0.110095236392691
486,76624.2586110642,0.107403075211775
487,71262.9578303555,0.0998516147471699
488,62486.7006186171,0.087490144635267
489,61801.6299190178,0.0865252138255465
490,53040.2644176139,0.0741847188774036
491,51803.8626549588,0.0724432312401768
492,47275.5991598548,0.0660651144071059
493,44410.577707582,0.0620296951847907
494,41307.6069233623,0.057659121296421
495,37528.7901084603,0.0523366096620435
496,34576.8652626815,0.0481787859026314
497,31513.023109423,0.043863325189557
498,28016.3762702473,0.0389382535614673
499,26586.318172092,0.0369239985080732
500,25144.8395151883,0.0348936574521584
501,23539.0203704042,0.0326318407249982
502,22476.8491266668,0.0311357589937539
503,20063.1035522325,0.0277359675956394
504,18504.7402125341,0.0255409929746357
505,17992.9231799982,0.0248200921626138
506,16952.6101637912,0.023354798023369
507,14468.1234298395,0.0198553668006735
508,14399.7354838237,0.0197590415072947
509,13527.2842999457,0.0185301828978208
510,11569.7354883384,0.0157729504531165
511,11208.7967467554,0.0152645636364291
512,11116.9091544543,0.0151351387918193
513,10241.3183898596,0.0139018580429006
514,9460.30095221427,0.0128017850300661
515,9388.29658360058,0.0127003659593768
516,8881.74502891661,0.0119868816400033
517,7600.67108592285,0.0101824726675459
518,7314.30448682497,0.00977912166376482
519,7351.21403705903,0.00983110923557981
520,7118.67996631353,0.00950358203393001
521,5723.87109223135,0.00753897596179684
522,5450.26754954549,0.007153601885602
523,4964.15158343794,0.00646890135313356
524,5047.7724924922,0.00658668246905412
525,5435.34963026159,0.00713258980620293
526,4733.22022635851,0.00614363159410457
527,4415.14640579162,0.00569562056486338
528,3699.04288748447,0.00468697963456538
529,3069.59428962233,0.00380039326389192
530,3157.14416984711,0.00392370838577003
531,4268.84039370011,0.00548954668256628
532,4013.95733727805,0.00513054064981492
533,2934.10086016507,0.00360954904201166
534,2707.00394558745,0.00328968014410586
535,3003.78259093141,0.00370769664769734
536,2698.33349136125,0.00327746769884726
537,2832.09830825356,0.00346587714790338
538,2312.2031735196,0.00273359822600239
539,2536.54067393527,0.00304958045389997
540,2485.8506883862,0.00297818296335019
541,2427.27007819463,0.0028956714274472
542,2517.12741137066,0.00302223662620928
543,1827.63989810998,0.00205108467816674
544,2289.72632346492,0.00270193929629498
545,1817.88936863008,0.00203735093315072
546,2009.66688822364,0.00230747201317329
547,1879.06780770597,0.00212352154413943
548,1508.59430697821,0.00160170489770239
549,1672.82226591922,0.00183302207050274
550,2024.58595193723,0.00232848570451617
551,1345.09130403264,0.00137140883465916
552,2017.57243501919,0.0023186070765692
553,2225.00617525086,0.00261078014285585
554,1455.12754371698,0.00152639628036265
555,1861.71087717591,0.00209907408632167
556,1351.42295838043,0.00138032705048748
557,1965.9383935715,0.00224587987125681
558,1533.16178504013,0.00163630850359728
559,1746.55158732333,0.00193687075917709
560,1385.25474866639,0.00142797955819802
561,1481.9446025084,0.00156416844937974
562,1407.33241692525,0.00145907623525956
563,1375.99222087729,0.00141493316978172
564,1134.23365961018,0.00107441315569157
565,1482.32375122122,0.00156470248517295
566,1755.56338749745,0.00194956399455284
567,1071.67859078319,9.863035441571E-4
568,1785.80185533033,0.00199215526180126
569,649.633970185451,3.91848318251641E-4
570,787.73902410954,5.86371046471362E-4
571,524.818788269677,2.1604454409836E-4
572,1343.58249729598,0.001369283661145
573,1127.71012227189,0.00106522467022611
574,1179.0314643997,0.00113751143456195
575,1053.25319695162,9.60351142164551E-4
576,500.025661723996,1.81123109438817E-4
577,1066.93042129555,9.79615686931448E-4
578,1220.87105982219,0.00119644303784467
579,846.240243674799,6.68770759665568E-4
580,371.433918101667,0
581,954.46454240622,8.21206063448684E-4
582,771.224415016094,5.63110009130142E-4
583,972.812042802995,8.47048751545781E-4
584,730.557410210347,5.05830014672543E-4
585,538.47433582557,2.35278556833089E-4
586,591.37964004031,3.09796351951596E-4
587,1465.68628950663,0.00154126840834943
588,498.156609695565,1.78490525840865E-4
589,866.026706231507,6.96640244300531E-4
590,768.319642133502,5.59018599511701E-4
591,404.453106640988,4.65079477960358E-5
592,887.19086579859,7.26450232729552E-4
593,946.88480470085,8.10529906307838E-4
594,739.249548953488,5.18073002849569E-4
595,581.470384290066,2.95839038961269E-4
596,805.803203500455,6.11814673321562E-4
597,537.091273493489,2.33330495915042E-4
598,929.737960381776,7.86378357595229E-4
599,546.364312394884,2.46391689366938E-4
600,379.133818895031,1.08454083814325E-5
