400,680.275558010614,3.33592019905673E-4
401,425.313110844222,1.67297971626715E-4
402,396.060352744662,1.48218457675681E-4
403,565.738820917557,2.58887772674171E-4
404,592.832985667782,2.76559388204718E-4
405,983.611958584535,5.31436991204075E-4
406,674.243168491115,3.29657517059698E-4
407,701.767092712572,3.47609434427052E-4
408,729.361996109428,3.65607646511732E-4
409,754.274245190627,3.81856152115159E-4
410,979.036410877097,5.28452683672438E-4
411,473.080956693506,1.98453573371699E-4
412,1161.24537148157,6.47294756410485E-4
413,551.560737832413,2.49640407584655E-4
414,576.941147198075,2.66194261170939E-4
415,575.844071851637,2.65478716185182E-4
416,572.393356587112,2.63228057638508E-4
417,546.163656031934,2.46120271221559E-4
418,733.844743342909,3.68531426829782E-4
419,1002.77023473409,5.43932585493996E-4
420,1082.01242558337,5.95616685867491E-4
421,704.84816205629,3.49618998972299E-4
422,1052.83888846881,5.76588842185747E-4
423,780.219320721247,3.98778297673616E-4
424,861.114179789278,4.51540317135249E-4
425,965.018614772056,5.19309862491658E-4
426,1525.1401936466,8.84637721220052E-4
427,1916.20457322719,0.00113970147488616
428,1996.39560629845,0.00119200443821781
429,3134.31992110908,0.00193419232921113
430,1663.85830465798,9.7511377565892E-4
431,1272.29844776602,7.19726857037136E-4
432,1058.04761698624,5.79986128967297E-4
433,846.935882547065,4.42292812366159E-4
434,1186.75556780423,6.63933260888432E-4
435,1108.53242635623,6.12913814671726E-4
436,1106.39247200251,6.1151807315541E-4
437,631.69026059941,3.01903252076765E-4
438,842.281035848582,4.39256783687381E-4
439,735.1870537834,3.69406921396442E-4
440,1023.103926592,5.57194820670537E-4
441,837.285554655661,4.35998583117435E-4
442,1098.50433833015,6.0637319909132E-4
443,940.737532666887,5.03473022656076E-4
444,1093.22236948409,6.02928142801437E-4
445,886.573597620541,4.68145702379387E-4
446,1483.07048113129,8.57198610551584E-4
447,1146.4054652968,6.37615730722697E-4
448,1453.7194849401,8.38055022811901E-4
449,1406.24106208623,8.07088191303896E-4
450,1560.45057205744,9.0766819428564E-4
451,1559.84155479074,9.07270975213274E-4
452,1360.08962741547,7.76986860733149E-4
453,1333.65886900422,7.59747938436401E-4
454,1494.21839724975,8.64469611131537E-4
455,2097.9592299785,0.00125824723721563
456,2128.92790857283,0.00127844592525984
457,2162.33796829078,0.00130023695427405
458,2528.43910849642,0.00153901894495917
459,2780.5823619037,0.00170347423169384
460,3232.07206367098,0.00199794916750328
461,4569.20149009169,0.00287006452356319
462,4677.18946371344,0.00294049747358614
463,6095.33703152536,0.00386545525748479
464,6054.64421624105,0.00383891419991062
465,7550.1913758333,0.00481435428657714
466,9170.94501611357,0.00587145774279385
467,10543.831552763,0.00676689494362259
468,12391.594478879,0.00797206056961402
469,14204.8128354439,0.00915469520572624
470,17805.0213706493,0.0115028576846384
471,22752.0261968216,0.0147294405345546
472,27350.7474996514,0.0177288625704405
473,32388.1878680011,0.0210144301554975
474,37188.9149823338,0.0241456063557476
475,47796.8630734545,0.0310644238193025
476,56445.6074091016,0.0367053906522176
477,69960.1311972514,0.0455199627441893
478,93109.1869753064,0.0606184615307809
479,111195.937774608,0.0724151752980663
480,139800.231943349,0.0910717418958048
481,170343.591777852,0.110993024466511
482,212654.447236445,0.138589415694131
483,260005.701620147,0.169473304165023
484,322893.233029057,0.21049041198025
485,385783.21213394,0.251509116255177
486,472545.733762534,0.308098198768547
487,565586.140078343,0.368781903336529
488,671818.662321195,0.438069896054607
489,780221.971012038,0.508773739892713
490,897211.93348707,0.585078053269812
491,1025106.08944863,0.668494404118488
492,1136297.1657471,0.74101651243548
493,1252915.1736166,0.817078226018698
494,1353033.36348004,0.882378270334193
495,1432131.75911547,0.933968583216634
496,1495469.48991904,0.975279324391215
497,1523836.1825448,0.993780920235814
498,1533371.29106017,1
499,1508556.14002641,0.983814824614684
500,1450860.38002583,0.94618394365296
501,1396102.88358743,0.910469485082446
502,1315124.7765608,0.857653168840242
503,1228371.51798266,0.801070127962325
504,1128770.95343023,0.736107694182875
505,1023138.56304073,0.6672111252078
506,940442.689395656,0.613274430775974
507,845034.776511738,0.551046568407839
508,765633.23506418,0.499258534861524
509,681893.698525512,0.444641132625299
510,613996.154660587,0.400356346520591
511,541142.945444879,0.35283932891569
512,490064.419252808,0.319524403541371
513,439302.840688704,0.286416200783393
514,392157.395847898,0.255666547382971
515,360887.187365276,0.235271192628203
516,325712.719693058,0.212329364565762
517,287999.877931966,0.187731933852906
518,259423.162926647,0.169093355201175
519,233514.856155498,0.15219519131504
520,214169.324538713,0.139577463471519
521,192968.240703474,0.125749489595183
522,172294.576984417,0.112265514716498
523,158855.113229794,0.103499898998211
524,139017.975714255,0.0905615312488125
525,125844.483046817,0.0819693897393932
526,114980.387118018,0.0748835050808109
527,103666.951230727,0.0675045476125596
528,94071.4216887778,0.0612460594679519
529,84464.4766903579,0.0549801258250342
530,77277.8493252906,0.0502927949208503
531,68633.324265368,0.0446545800243432
532,62662.2735263059,0.0407600841449964
533,60314.8390755504,0.0392290179733932
534,53013.0112798129,0.0344665499413988
535,47392.2460482655,0.0308005206293659
536,47443.0697998175,0.0308336693831852
537,40789.5034108436,0.026494016612308
538,36916.3637222493,0.0239678403635135
539,33516.6795088426,0.0217504657775671
540,29361.9464397483,0.0190406259981926
541,28322.5123844501,0.0183626763671956
542,26319.0407799328,0.017055952936236
543,25327.0622280042,0.0164089551879815
544,22385.0695344163,0.0144901005469897
545,19852.3913339923,0.0128382129234704
546,20429.577051661,0.0132146705181737
547,17738.3948800821,0.0114594019170845
548,17826.9318451969,0.0115171483441169
549,15753.8345301253,0.0101650129656291
550,13882.2197084346,0.00894429042794996
551,11434.2733600628,0.00734766742419134
552,12549.2343785914,0.008074877974235
553,11012.1810625181,0.00707236634481214
554,11001.5118112596,0.00706540754360988
555,9740.10233023375,0.00624267897527149
556,8768.33953577061,0.00560886654189503
557,7524.22090810845,0.00479741557947866
558,8294.37633166843,0.00529973372323339
559,5951.43297095138,0.00377159677337239
560,6374.89322820195,0.0040477900765277
561,4542.42570516029,0.00285260056476621
562,5111.94493206839,0.00322405784746731
563,4848.16600569363,0.00305201343071087
564,4150.52897600788,0.00259699392809353
565,5519.32534079538,0.00348976339787151
566,3782.11628850262,0.00235670427789811
567,3821.78946186283,0.00238258029485459
568,2588.2062665411,0.0015780008529846
569,3144.08626265851,0.00194056222599859
570,2766.64265311343,0.00169438234136911
571,3098.20387753823,0.00191063637750152
572,2818.87640645334,0.00172845074005384
573,2879.06762070236,0.00176770923007673
574,2903.89825423499,0.00178390450360569
575,2699.69747072019,0.00165071871358128
576,1615.64195114966,9.43665643954582E-4
577,1625.85155391903,9.50324648818665E-4
578,1783.89465655186,0.00105340503430865
579,2174.05727493772,0.00130788063265494
580,1425.73449945858,8.19802387655348E-4
581,1252.19718461873,7.06616218739483E-4
582,1694.30538553516,9.94972262246311E-4
583,1416.45857502039,8.13752355411391E-4
584,1232.31724983114,6.93649937343567E-4
585,1440.30908030736,8.293083603123E-4
586,1651.22628663846,9.66874799928397E-4
587,858.231023900775,4.49659837598568E-4
588,1880.84973096678,0.00111664200118292
589,1127.25927888993,6.25128021720499E-4
590,1083.84703368977,5.96813271531022E-4
591,989.745793428199,5.35437659690607E-4
592,528.038478329114,2.34298494291365E-4
593,743.400364699144,3.74763885675426E-4
594,535.902418842469,2.39427588861661E-4
595,1240.27282570365,6.98838799205124E-4
596,1085.14947855046,5.97662764587557E-4
597,168.811445911707,0
598,830.039877328947,4.31272738081927E-4
599,503.808500551255,2.18494986209409E-4
600,843.56146318534,4.4009191626366E-4
