400,696.337176352387,1.85044308413607E-4
401,1035.13707332951,6.17449478805127E-4
402,894.703034443781,4.38215644748641E-4
403,551.35049043934,0
404,1119.45576692638,7.25064148695084E-4
405,606.676444222359,7.06116757592619E-5
406,1059.16350534427,6.48114049609126E-4
407,860.563077728026,3.94643335746929E-4
408,969.27929660513,5.33396197147742E-4
409,1054.83191870303,6.42585711270237E-4
410,799.245453500153,3.16384581866473E-4
411,823.088593841757,3.46815220287761E-4
412,734.836770514538,2.34180756571423E-4
413,927.390258635373,4.79933853261395E-4
414,1090.55486266969,6.88178362893255E-4
415,1135.97531662341,7.46147799443717E-4
416,754.411503800064,2.59163691800201E-4
417,804.953819035595,3.23670082228289E-4
418,832.099058128415,3.58315139207282E-4
419,940.329517757191,4.96448033446307E-4
420,665.4083628717,1.45570332823742E-4
421,1129.56320007226,7.37964112333393E-4
422,961.26855080734,5.23172203774182E-4
423,744.530575528939,2.46552812898456E-4
424,1445.64109036668,0.00114136953018977
425,1764.64172859849,0.00154850520691325
426,2949.68652394357,0.00306095990723856
427,3557.62043778047,0.00383685674175612
428,2268.12944470736,0.00219109894326493
429,1586.60059854202,0.0013212740127315
430,1399.21990594838,0.00108212287652408
431,1291.46805864744,9.44600827940603E-4
432,1554.24806585432,0.00127998296590935
433,1102.35370774173,7.03237049921556E-4
434,889.344482680962,4.31376606399672E-4
435,887.494969017765,4.29016100160409E-4
436,805.701416558585,3.24624229609079E-4
437,938.809456486553,4.94508002299308E-4
438,1122.42568119201,7.28854605231636E-4
439,1567.94912113091,0.00129746941497346
440,1594.53041015113,0.00133139471102747
441,1434.21765420713,0.00112678997186315
442,1144.07770276764,7.56488752001645E-4
443,1086.23683498325,6.82667329642737E-4
444,1299.163366067,9.54422232095861E-4
445,1611.00768210865,0.00135242440333832
446,1686.21718666813,0.00144841315340663
447,2162.99216247121,0.00205691382442207
448,1322.82213576112,9.8461756105586E-4
449,1533.41313680646,0.00125339166194079
450,1503.48281634043,0.00121519204784274
451,1746.84384046272,0.0015257900322021
452,1775.59019361096,0.00156247856676809
453,2672.40291669424,0.00270706704449214
454,2842.99742397178,0.00292479422695402
455,3634.79953770199,0.00393535925651481
456,4103.57513232268,0.00453365043864298
457,4521.92562723692,0.00506758483074519
458,6355.19005077179,0.00740735241185765
459,6235.9581006811,0.00725517848218682
460,8529.02857385952,0.0101817895512021
461,12269.2293611025,0.0149553510933873
462,13771.4282554762,0.016872584760455
463,17627.7461800098,0.0217943448439726
464,22673.5963465934,0.0282342868879897
465,28471.6338699729,0.035634234248076
466,35285.714554409,0.0443309420856647
467,47212.9212636196,0.0595534551247975
468,55287.8995500342,0.0698594274494606
469,68483.8279876635,0.0867011907895856
470,85592.669366822,0.108536945575119
471,100323.801557361,0.127338066182721
472,116816.005875413,0.148386816438867
473,141288.533832657,0.179620732728924
474,165944.43462581,0.211088684988483
475,194866.993169196,0.24800210782803
476,219860.632153574,0.279901110219031
477,249918.288726538,0.31826324145923
478,281932.638741716,0.359122670865201
479,307926.965876954,0.392298836367059
480,346962.523199357,0.442119326178075
481,379084.126170434,0.483115640905099
482,409137.240879877,0.521471975433767
483,444821.831059972,0.567015676700645
484,479883.768297994,0.611764695460493
485,515105.284273266,0.656717382142578
486,556932.813460226,0.710101223302262
487,581921.49290158,0.741993895903716
488,628428.002917977,0.801349449336228
489,662692.764408402,0.845081044779106
490,680270.913519354,0.867515769905371
491,720627.929270544,0.919022817068272
492,745742.584825265,0.951076271072707
493,766954.798252086,0.978149097372371
494,782621.388090042,0.998144128388549
495,784075.508331465,1
496,782270.854907664,0.997696748203943
497,770355.135599923,0.982488896361092
498,746135.348201954,0.951577549013863
499,724709.438414448,0.9242319852899
500,685865.472995217,0.874656021319288
501,642533.87857905,0.819352564517694
502,611587.193294753,0.779855779415917
503,559425.814916481,0.713283003252894
504,516268.698454941,0.658202230018719
505,473253.71620194,0.603302860519344
506,431315.783603319,0.549778113159697
507,396668.841431986,0.505558746309794
508,356640.415849043,0.454471073795345
509,321874.831713961,0.410100286006392
510,297823.438492556,0.379403857592905
511,269275.163949921,0.342968127747256
512,249944.053733398,0.318296124946743
513,229619.809340749,0.292356600058766
514,205081.1436541,0.261038273187691
515,182031.02059023,0.231619750691353
516,172890.97137193,0.219954444488816
517,156723.283213999,0.199319869286336
518,141204.779953872,0.179513838923613
519,129816.461431431,0.164979100704664
520,119305.411234985,0.15156400674584
521,106803.360723584,0.135607829279851
522,99739.2167978949,0.126591969519822
523,92719.4907641989,0.117632799641718
524,79203.5628258588,0.100382625791836
525,74755.9372907776,0.0947061887725408
526,69135.283784916,0.087532633943869
527,61865.6871786974,0.0782545580435039
528,59227.8187540444,0.0748878865781063
529,56755.4448695767,0.0717324332845153
530,51944.6988040998,0.0655925510392342
531,47425.1999114392,0.0598243831436662
532,43972.9218579972,0.0554182930200959
533,39803.0358332027,0.0500963307256792
534,36095.4286138238,0.0453643678598563
535,36408.6685590615,0.0457641512514761
536,30073.4038368051,0.0376785489648625
537,28128.4121972165,0.0351961856323164
538,26261.0545583787,0.0328129053975586
539,23646.2431381756,0.029475661237266
540,22852.753606689,0.0284629425820136
541,21263.4063505571,0.0264344827824953
542,20177.3318132474,0.0250483423215523
543,18666.1219213208,0.0231196080549655
544,18059.8607566879,0.0223458461248887
545,17306.3381632253,0.0213841366665117
546,15046.2820461191,0.0184996613194672
547,14630.1517199565,0.0179685604950724
548,13851.756175841,0.0169751060669916
549,12089.0145460875,0.0147253456580584
550,12018.4107490134,0.014635235102605
551,10390.1548168156,0.0125571167498992
552,10173.4729041867,0.0122805689109329
553,10399.6930882487,0.0125692903010753
554,8602.14045657234,0.0102751011383193
555,8993.34317982018,0.0107743872411573
556,7491.70850260872,0.00885787367589699
557,7022.83326429909,0.00825945532003978
558,7125.59513563872,0.00839060873798007
559,6916.26171457746,0.0081234396673568
560,6904.77275933018,0.00810877648801217
561,6367.25206530684,0.00742274697808044
562,4646.31649516537,0.005226343009014
563,5676.7971246625,0.00654152980853348
564,5140.50081381791,0.00585706296028423
565,5761.13347667919,0.00664916701559685
566,3927.30716381891,0.0043086823036598
567,4003.51098119135,0.00440594008009188
568,3858.70402809808,0.00422112516195039
569,3232.73558816347,0.0034222111352796
570,3874.25854515981,0.00424097715618192
571,3597.61611132169,0.00388790261333643
572,3170.52985987888,0.00334281890766023
573,2978.15503486733,0.0030972938359871
574,2266.40246719218,0.00218889482805305
575,2598.05485810411,0.00261217774485013
576,2444.86502458277,0.00241666388355012
577,2410.43063500056,0.00237271579434621
578,2285.85472325715,0.00221372144746267
579,2402.36358429407,0.00236241993987158
580,2225.26820786698,0.00213639579670404
581,2249.52562995063,0.00216735517662985
582,1872.85845309365,0.00168662057120955
583,2087.17288466731,0.00196014683000952
584,1209.41319275378,8.39875447015841E-4
585,1219.05958789181,8.52186994836659E-4
586,1630.8527190986,0.00137775232308572
587,1900.49259395535,0.00172188960610165
588,942.356061049789,4.99034479916806E-4
589,1564.5477885675,0.0012931283458062
590,1687.4594343869,0.00144999861533059
591,1330.20055118188,9.94034520758919E-4
592,1341.49670513176,0.00100845163073164
593,1087.48354826002,6.84258490890672E-4
594,1042.64635834437,6.27033465386415E-4
595,944.429113752934,5.0168028564264E-4
596,1220.38624607773,8.53880188559724E-4
597,573.218085710184,2.79092802079E-5
598,1299.49965005716,9.54851426252532E-4
599,1197.15993595083,8.24236801186828E-4
600,1601.74589608878,0.00134060372630216
