400,507.431730290829,8.77288804422534E-4
401,909.95856400715,0.00139219834343073
402,1049.98960683719,0.00157132508398802
403,565.167835457739,9.51144430446646E-4
404,650.428145599562,0.00106020882892539
405,191.223973170422,4.72798030611337E-4
406,248.639525411457,5.46243607551848E-4
407,446.830955390639,7.99768712707636E-4
408,987.884352754554,0.00149188047291841
409,416.530114817887,7.61008087218822E-4
410,388.186606409126,7.2475126748363E-4
411,752.982141874772,0.00119139519098226
412,608.217287729247,0.00100621299176224
413,606.139472551828,0.00100355506497194
414,797.565946368428,0.00124842648503815
415,850.342497954438,0.00131593788445642
416,626.305547438463,0.00102935136835776
417,765.054513937882,0.00120683808574871
418,681.443885229909,0.00109988394833945
419,1061.59146482048,0.00158616610040092
420,898.86695334565,0.00137801003185945
421,868.487609127786,0.00133914898505128
422,1031.22485565436,0.00154732134418279
423,1139.16990999893,0.00168540391039985
424,1247.04693581128,0.00182339945498946
425,2089.89225960413,0.00290156135819129
426,3001.70739611211,0.00406794896834227
427,2513.21088977721,0.00344306761928595
428,2691.26917026001,0.00367083853898719
429,1880.71251964416,0.00263398008297982
430,2249.86680301686,0.00310619968662568
431,2274.37676214864,0.0031375526566653
432,3138.0400636162,0.00424234477278636
433,3124.16025207988,0.00422458981395864
434,4369.69257815139,0.00581786614268476
435,5160.66156836335,0.00682966819910828
436,6540.19536421615,0.0085943582802903
437,8361.56475977799,0.010924241401805
438,11061.7395469628,0.0143782862963393
439,13608.7471344461,0.0176364007693874
440,18515.6979832735,0.0239133383245275
441,23904.3311741303,0.0308064405969186
442,31804.5284089214,0.0409123182068246
443,41271.6385469249,0.053022579954827
444,52592.0198808787,0.0675035333865456
445,71315.9245131864,0.0914550225671392
446,91058.007340946,0.116708958246536
447,121098.218924297,0.155136188936436
448,158065.701894423,0.202424737226997
449,204808.638662757,0.262217978341041
450,259535.841983026,0.332224637953471
451,331580.593871135,0.424383785804991
452,407310.320828213,0.521256728253759
453,490999.862291804,0.628311810313691
454,572972.398894733,0.733170511642639
455,651116.715198774,0.83313218006791
456,708719.485700847,0.906817245311834
457,760441.664965393,0.972979898955878
458,764045.41262576,0.977589788014379
459,781564.434881318,1
460,774006.556341879,0.990332014095325
461,751576.998071504,0.961640278435051
462,724223.199809596,0.926649489067978
463,693015.56256582,0.886728895555316
464,672319.449638539,0.860254571177335
465,639632.693016803,0.818441898396289
466,594113.533695044,0.760214104919727
467,572338.975056619,0.732360240254099
468,532458.805444325,0.681345803375322
469,501804.951716217,0.642133605902075
470,472005.984685714,0.60401497357405
471,446710.558919387,0.571657240053271
472,412792.860711509,0.528269955317004
473,388335.335385623,0.496984058238877
474,355616.533315071,0.455130393141555
475,327141.580824294,0.418705431046632
476,307595.175820514,0.393701805084997
477,279104.725106322,0.357257017769975
478,258178.52923045,0.330488372877013
479,241965.54712032,0.309748838403744
480,214918.271704016,0.27515015093872
481,197365.267864757,0.252696469946482
482,180461.367059456,0.231073117061561
483,164020.616282385,0.210042222486378
484,148023.267415175,0.189578524564629
485,136997.645272968,0.175474625050384
486,123870.311519237,0.158682230592766
487,117830.678837227,0.150956374278142
488,105399.687307219,0.135054735972354
489,96477.982589676,0.123642153062379
490,88249.2754519857,0.113116047858949
491,78038.8478792035,0.100054939594343
492,74318.5912232574,0.0952960130352866
493,69026.6285645446,0.0885265710383668
494,61687.3626312428,0.0791382328660146
495,57368.9855655012,0.0736141948195184
496,50787.5142444295,0.0651952222689405
497,48226.9327282729,0.0619197441203053
498,44457.7211906144,0.0570981948154759
499,40456.992847281,0.0519804908156114
500,36111.7082683815,0.0464220328645635
501,36090.4081048801,0.046394785842873
502,31481.7271040575,0.0404993930123869
503,28402.6004000236,0.0365605954492926
504,26428.7384082753,0.034035644854438
505,24210.0817627495,0.0311975546331778
506,24184.9751930011,0.0311654384829677
507,21965.9777346597,0.0283269122963131
508,18261.9905176145,0.023588797490866
509,18041.6076032572,0.0233068851925248
510,17696.9242110461,0.0228659685834416
511,15437.9761536375,0.0199763378670371
512,13155.0727586213,0.0170560636486071
513,14059.0790485291,0.0182124622362474
514,12746.2479297154,0.0165330977577532
515,11433.7028831182,0.0148540992208577
516,11157.7918939742,0.0145011557936686
517,10745.7554200848,0.0139740815887859
518,9061.92781878812,0.0118201409782974
519,7236.80466634861,0.00948545607697194
520,7652.9754305291,0.0100178188373734
521,8072.69439270254,0.0105547204280833
522,8082.74736520897,0.0105675801209171
523,7029.00328018736,0.0092196379823975
524,5524.05073974863,0.00729451311141152
525,5842.94943676105,0.00770244611690329
526,5488.21920197459,0.00724867765635168
527,4794.71411749818,0.00636155075340525
528,5095.68399651003,0.00674654933903138
529,4237.38081848071,0.00564861385570454
530,4190.76542682579,0.00558898376941659
531,4073.40357437204,0.00543885530025049
532,3861.69010572374,0.00516803289684185
533,3188.58339050729,0.00430699944663543
534,3056.89648907441,0.00413854647398713
535,2943.32935622646,0.00399327218387003
536,3454.98684676923,0.00464778090358222
537,2904.73444004882,0.0039439018342871
538,3059.05732232358,0.00414131059692008
539,3016.24224789903,0.00408654185012373
540,2492.36581287748,0.00341640274122569
541,2605.51215725794,0.00356113876164828
542,2451.48097770943,0.00336410314312327
543,1908.47812621385,0.00266949765468328
544,1845.04333070726,0.00258835230342851
545,2230.50654279438,0.00308143417577961
546,1869.18085057135,0.0026192288517353
547,2189.25077403263,0.00302866008199207
548,1547.04707657803,0.00220715755816591
549,1638.33578434388,0.00232393344115089
550,1570.99755156077,0.00223779483995538
551,1502.66758365003,0.00215038761805037
552,1279.01054959121,0.00186428708845356
553,1566.04937576674,0.00223146516773575
554,1220.04533374214,0.00178885919255393
555,824.288047667921,0.00128260921202412
556,1238.33930710218,0.00181226071662743
557,1969.43274879542,0.00274747038590252
558,1209.05903311446,0.00177480559284884
559,1094.96455393546,0.00162885672495587
560,1676.4053753549,0.0023726317984175
561,986.751918919855,0.00149043187139688
562,1408.93022904743,0.00203047944298375
563,662.800506916623,0.00107603546786867
564,582.50511446508,9.73322157727352E-4
565,1014.34356123288,0.00152572690922754
566,1283.25478975274,0.00186971629108544
567,1248.96687910094,0.00182585543315388
568,382.22275908843,7.17122355278539E-4
569,560.770465686549,9.45519345478205E-4
570,1102.19343106884,0.00163810385453959
571,1065.58420634474,0.00159127358771712
572,574.867981188005,9.63552789710972E-4
573,306.128081166018,6.19782570081461E-4
574,354.406669027193,6.81540205442198E-4
575,868.727637217166,0.00133945602732151
576,686.489090533578,0.00110633774003609
577,1212.96301384951,0.00177979953797797
578,937.149538881861,0.00142698085024813
579,224.85310140162,5.15816178631196E-4
580,516.579984964244,8.88991188467662E-4
581,764.700542064392,0.00120638528737868
582,427.139835228354,7.745799681171E-4
583,429.843655869329,7.78038676762563E-4
584,684.832352222284,0.00110421845185784
585,488.153658343114,8.52628428248555E-4
586,35.480443484271,2.73571985644798E-4
587,-15.3433739554369,2.08558510227753E-4
588,1065.60578773042,0.00159130119447628
589,192.293501789753,4.74166164216869E-4
590,1027.33960579377,0.0015423513594586
591,458.655382073715,8.1489443746046E-4
592,463.517048076922,8.21113446954588E-4
593,358.607402133614,6.86913754150377E-4
594,-178.382491327923,0
595,964.237935141886,0.00146163213921176
596,423.082347344356,7.69389657705762E-4
597,481.334427528345,8.43905315399642E-4
598,765.299469918541,0.00120715143174334
599,377.905931372792,7.11600299149969E-4
600,152.782861033705,4.23624426092764E-4
