400,193.328956800613,0.0025988436190999
401,826.520906737351,0.00643087975023651
402,221.412475193761,0.00276880322958252
403,306.782881870858,0.00328545932880985
404,20.1233694474766,0.00155061477014142
405,134.941555707032,0.00224548689904665
406,305.479617120908,0.00327757205606303
407,48.6349992794463,0.00172316528295925
408,-122.622260175647,6.86727586590993E-4
409,-8.54098517332085,0.00137713997692338
410,161.954054082893,0.00240896476666469
411,-36.775866817969,0.00120626432597509
412,245.632291560488,0.00291537996893631
413,159.709106398378,0.00239537849059085
414,47.5089842300044,0.00171635071376882
415,463.976794291884,0.00423678657176088
416,-91.5202335907139,8.74955010576631E-4
417,157.963666421986,0.00238481520238902
418,185.316798246249,0.00255035456128451
419,378.884710911225,0.00372181486686009
420,-90.809960964613,8.792535339019E-4
421,-173.588521975421,3.78283114570753E-4
422,46.7105072204202,0.00171151838330266
423,375.195152339018,0.00369948590048891
424,429.47707241841,0.00402799651884481
425,1113.26436593951,0.00816623234930155
426,2718.52003209583,0.017881134304447
427,2542.17366192798,0.0168138976439912
428,1213.46953021038,0.00877266742803372
429,289.353199199985,0.00317997603301668
430,72.825638698003,0.00186956544533729
431,153.894600049407,0.00236018947971318
432,207.40360222092,0.00268402244960926
433,234.417113557164,0.00284750644759707
434,153.108998247066,0.00235543506915638
435,-169.497459452198,4.0304195650691E-4
436,45.6705535483951,0.00170522465192103
437,179.479398927924,0.00251502700365854
438,125.839734835293,0.00219040327638985
439,205.836299398314,0.00267453723577282
440,-8.01618733653642,0.00138031601899451
441,-7.98341175217918,0.00138051437468031
442,151.83607563918,0.00234773142506229
443,-7.9876931374277,0.00138048846401773
444,204.057276553583,0.0026637707062555
445,45.1100790763509,0.0017018326971944
446,98.1816883175218,0.00202301859377766
447,98.1716357008699,0.00202295775600133
448,362.637152236855,0.0036234857079231
449,204.518566221748,0.00266656240105754
450,-87.6055741412507,8.98646272685912E-4
451,45.1322195458124,0.00170196668986273
452,45.3150408780787,0.00170307311256892
453,231.913550359011,0.00283235504740497
454,18.7170908779194,0.00154210406451808
455,-61.4873379120779,0.00105671212447343
456,45.5999072223009,0.0017047971049913
457,99.7190519967105,0.00203232261788273
458,18.8098563363422,0.00154266547498521
459,208.125069329259,0.00268838872120645
460,-62.1706277763751,0.001052576899052
461,588.2428129632,0.00498883636245792
462,46.2187339293447,0.0017085422036151
463,428.603002748415,0.00402270670655821
464,265.796026726184,0.00303740957102038
465,-8.21136850683209,0.00137913479535961
466,211.941335757087,0.00271148451520532
467,184.613484830394,0.00254609815464299
468,543.958403319372,0.00472083002122418
469,517.403289882322,0.00456012021724235
470,407.744115805231,0.00389647009153245
471,410.317141955305,0.00391204187695143
472,215.506378011179,0.00273305991699
473,385.795354207544,0.00376363762661491
474,782.635601094132,0.00616528876022536
475,757.870098677108,0.00601540956470294
476,475.292671953158,0.00430526952082214
477,848.096527131114,0.00656145398907333
478,422.001894092657,0.00398275723013649
479,737.804474494753,0.00589397372385204
480,1262.97354944492,0.00907226250400107
481,1149.32118234213,0.00838444583613185
482,1556.49541194834,0.0108486375550484
483,1652.36309240942,0.0114288224663882
484,1920.00507226973,0.0130485741659101
485,2452.68276424185,0.0162723046035627
486,2479.50029664929,0.0164346025499334
487,4021.19726067013,0.0257648514104595
488,3785.8179898221,0.0243403515088098
489,5204.78366171021,0.0329278386429419
490,5520.64882671291,0.0348394338945535
491,7505.81956993916,0.046853556966204
492,8690.70727108597,0.0540244195815414
493,8861.9636397226,0.0550608518867348
494,11488.529498223,0.0709566561078545
495,14435.3918432508,0.0887908736476714
496,17103.2250321088,0.104936425044164
497,19791.5554698219,0.121206024445705
498,24187.0940007542,0.147807535200885
499,27122.5936560565,0.165572986488099
500,33689.7392971401,0.205316920973658
501,37994.7248007116,0.231370410749315
502,44814.9766394368,0.272646127334242
503,53788.9148881074,0.326955812747852
504,66705.5968556359,0.405126724426238
505,74599.909321579,0.452902585447527
506,86567.4740021342,0.525329501585964
507,95797.4711335251,0.581188838555284
508,108666.988425489,0.659074312712089
509,126116.288091534,0.764676329272775
510,142703.08588358,0.86505854108916
511,153032.722174234,0.927572822092319
512,158517.43857619,0.960765965851387
513,165000.330108603,1
514,161611.069334101,0.979488416195067
515,157207.549405294,0.95283860254369
516,149718.317022387,0.907514259603692
517,135932.784714805,0.824085122681023
518,125614.590892571,0.761640090745886
519,113425.31705111,0.687871405314136
520,102565.252986671,0.622147010230549
521,92584.5954556779,0.561744725780966
522,78906.9842877242,0.47896872051357
523,71072.736606228,0.43155636762632
524,64539.8233069029,0.392019605026767
525,55559.6370419372,0.337672107028532
526,52414.6491683977,0.318638846791105
527,46730.9201060437,0.284241291470467
528,40593.2377574909,0.247096440650042
529,35795.0748286454,0.218058273458793
530,32333.2307370003,0.197107420181408
531,29015.7232819623,0.177030082757439
532,24798.8343749134,0.151509747803062
533,22164.2721965836,0.135565550379051
534,19874.9476330153,0.12171070834518
535,17897.188413418,0.10974143932819
536,15126.2449085892,0.0929718710655123
537,12796.5805705892,0.0788728953638656
538,12227.2662380465,0.0754274423815662
539,11290.419729067,0.0697577087848307
540,10225.6666887032,0.0633138932533489
541,8024.4766962602,0.0499924358605619
542,7066.57960990535,0.044195305550884
543,7522.84674532627,0.0469566043143283
544,5445.60353321291,0.0343852647027429
545,5505.67121203216,0.0347487903533326
546,4726.16136645363,0.0300312479191117
547,4136.19427044489,0.0264608057675444
548,4350.81616218086,0.0277596833729013
549,3489.19309985351,0.022545197139163
550,2934.66392001009,0.019189222930802
551,2722.6402668871,0.0179060696950351
552,2696.21939573866,0.017746172316575
553,2285.58517887545,0.0152610409818225
554,1384.74072933928,0.00980918948639313
555,2272.51093886119,0.0151819165391842
556,1402.15249163705,0.00991456432926416
557,1901.41196344757,0.0129360498913931
558,1215.59463564282,0.00878552842666199
559,1384.11249352406,0.00980538744446409
560,1232.49981680391,0.00888783747373561
561,1198.73991298368,0.00868352475113109
562,870.442717959416,0.00669669166961535
563,623.999053257265,0.00520523078240301
564,371.510934063816,0.00367718925324477
565,1150.33515515184,0.00839058233303962
566,809.873133394372,0.00633012851838708
567,819.880728379631,0.00639069382654225
568,384.191992729494,0.00375393418816189
569,297.827208564286,0.00323126018162729
570,569.802251173288,0.00487723529256993
571,799.979765049002,0.006270254502361
572,351.228421063401,0.00355444081549914
573,-151.325691116563,5.13016306047763E-4
574,495.931415602888,0.00443017384308166
575,406.222153194781,0.00388725927368477
576,-61.0614747030631,0.00105928942066936
577,80.5848643703703,0.00191652376994821
578,320.096982468465,0.00336603539195897
579,274.779585377279,0.00309177747847818
580,130.705346529492,0.00221984963908305
581,671.578995737767,0.00549318147211235
582,576.478816084214,0.00491764142529652
583,183.707888121432,0.00254061754278536
584,285.917535637223,0.00315918362258214
585,-15.1587147003748,0.00133708991207923
586,-66.3778509391554,0.00102711506054767
587,496.982554686699,0.00443653526784143
588,191.614625846148,0.0025884686006574
589,297.429819559561,0.00322885520944724
590,299.027452746956,0.00323852398066111
591,301.924619483492,0.00325605744363935
592,37.4127083878923,0.00165524871488718
593,199.561293587692,0.00263656131237109
594,-70.3462049286318,0.00100309884260565
595,-236.09467138173,0
596,93.8912471859032,0.00199705312558666
597,539.497984332055,0.0046938358582044
598,-16.84408203402,0.00132689017956934
599,-130.034286931571,6.41870487039287E-4
600,382.784128892137,0.00374541388860184
