400,553.022745165536,7.00015930730438E-4
401,378.496708849193,4.16956346490573E-4
402,437.213003590807,5.12186893911825E-4
403,628.256523732443,8.22035788233777E-4
404,377.76038010292,4.15762112591821E-4
405,474.134583706279,5.72069117433025E-4
406,433.741326954415,5.06556265003648E-4
407,280.095377318166,2.57361591577703E-4
408,375.033606788342,4.1133962448041E-4
409,335.618311281935,3.47412903893504E-4
410,240.615243461109,1.93329711228019E-4
411,295.398757893934,2.82181776775685E-4
412,161.508712465859,6.50287296278505E-5
413,218.407176429857,1.57310980995454E-4
414,160.07398620466,6.27017815829358E-5
415,440.272354143362,5.17148781053297E-4
416,328.465392842871,3.35811757370053E-4
417,270.60176996951,2.41964137961235E-4
418,289.40795825353,2.72465442804727E-4
419,121.413951289998,0
420,417.808590072539,4.80715341936946E-4
421,380.539877989289,4.20270113419188E-4
422,250.639778988871,2.09588264499364E-4
423,322.853755090472,3.26710376953553E-4
424,526.724507244437,6.57363450623145E-4
425,414.718871805392,4.75704202128948E-4
426,633.004035903534,8.29735664135885E-4
427,1407.10972995311,0.00208523908666371
428,1802.50252332314,0.00272651715648646
429,1886.94314837927,0.00286346937705954
430,941.911122353056,0.00133074464425538
431,555.045856289734,7.03297166045085E-4
432,609.121910147494,7.91001818287144E-4
433,300.849143281058,2.91021625856025E-4
434,317.147404844341,3.17455384619521E-4
435,462.556565292507,5.53291007600843E-4
436,462.93909703924,5.53911426648191E-4
437,1002.0964881531,0.00142835784272283
438,551.00604147516,6.96745087478729E-4
439,948.891074849272,0.0013420652614727
440,1230.84081021133,0.00179935276167962
441,1682.74137773819,0.00253227943246046
442,1467.65244572715,0.00218343186246645
443,2049.68046882574,0.00312740912632648
444,2360.3279726252,0.00363124084752161
445,3033.9465890931,0.00472376669373989
446,3954.4543742235,0.00621671614958089
447,5811.94251384216,0.00922933152564956
448,7295.34570902899,0.0116352275200362
449,10062.8876315489,0.0161238372569521
450,13173.3825509418,0.021168674217941
451,15494.1856444745,0.0249327289837709
452,22127.7308603106,0.0356915165576058
453,28055.3267309397,0.0453053418532248
454,36967.4991261987,0.0597597800913307
455,46946.5510158942,0.0759445645431205
456,59348.803059633,0.0960594790924631
457,72527.6443620472,0.117433925098117
458,87874.5007551964,0.142324622679536
459,106060.265455549,0.171819677422172
460,123375.56615221,0.199902947515472
461,145351.466690935,0.235545132493037
462,171092.259639115,0.277293505994794
463,196691.155713486,0.318811740366868
464,229768.13884583,0.372458504431226
465,257436.564848124,0.41733325966021
466,286368.224000124,0.464256822377757
467,321658.735779228,0.52149365536065
468,348862.597367401,0.565614944730391
469,372335.855862982,0.603685658594942
470,390095.137942897,0.632489011424359
471,406485.466032415,0.659072090674292
472,428041.214514936,0.694032841128636
473,445754.701633761,0.722761920211167
474,450673.949568097,0.730740330220674
475,461186.17877786,0.747789862155017
476,470259.978847777,0.76250644043455
477,481344.183035088,0.78048364483976
478,494639.680479971,0.802047292639503
479,496888.010191163,0.805693804568135
480,507567.135036143,0.823014020522541
481,514436.455792899,0.834155206780236
482,525048.919001203,0.851367305828073
483,527455.753588339,0.855270893005943
484,539149.983827587,0.874237484005161
485,548594.312427124,0.889555013602658
486,543579.26862157,0.881421234571708
487,554512.430415269,0.899153466948441
488,559432.960109883,0.907133955814142
489,574248.70666369,0.931163259110312
490,580098.221127357,0.940650446048365
491,581588.392049143,0.943067318455887
492,588801.939097617,0.954766797063965
493,607057.084517458,0.984374378728241
494,605749.544733394,0.982253711374154
495,613810.660611617,0.995327841499146
496,616691.373188036,1
497,606360.088036899,0.983243936886051
498,603147.653894168,0.978033767148445
499,590991.216216767,0.958317533012664
500,570292.135378224,0.924746191223378
501,553053.86056148,0.896787847553695
502,531199.37323622,0.86134257974935
503,504644.508715128,0.818273883126562
504,480881.692201834,0.779733542071494
505,459445.033108065,0.744965939834912
506,431922.493188031,0.700327793736934
507,403585.025386286,0.654367935691263
508,382483.125571955,0.620143271485352
509,360382.334975841,0.58429853032496
510,335861.443396115,0.544528685537061
511,320615.36130721,0.519801431377974
512,291300.204009621,0.472255882234001
513,272079.190989075,0.441081783119053
514,249435.697742776,0.404356845572095
515,235255.850741001,0.381358892477967
516,218786.899435371,0.35464829612323
517,197714.977670632,0.320472252595543
518,176770.654588057,0.286503158304114
519,162350.855119413,0.263116032070307
520,143372.148940585,0.232334924599027
521,129816.804984042,0.210349837986434
522,116641.720383506,0.188981484885279
523,107859.448253523,0.174737728765771
524,95532.7316747592,0.154745323371867
525,84666.2457898096,0.137121231049236
526,76739.9936544051,0.124265833187789
527,67956.1603163199,0.110019544982378
528,61965.3620592696,0.100303213255048
529,56245.3604828754,0.0910260801565186
530,49610.5836566919,0.0802652950634583
531,46405.4546870479,0.0750669734105325
532,39976.8543396064,0.0646405809936857
533,36708.2495640556,0.0593393094565563
534,32951.0640409767,0.0532456205461691
535,29707.6803923047,0.0479852545486317
536,26010.5418217007,0.0419889543474661
537,23535.9159286318,0.0379754180796072
538,23179.3672979976,0.0373971404238558
539,19542.1877767308,0.0314980863639251
540,18596.8772544281,0.0299649099447027
541,16721.3232903731,0.0269229940421234
542,14228.4889347815,0.0228799259064692
543,13411.4087729127,0.0215547232273114
544,12454.4641632292,0.0200026777613465
545,12220.4482870035,0.019623133035367
546,10089.9343961942,0.0161677037545654
547,10474.6458008247,0.0167916579366776
548,8871.02218077052,0.0141907793242339
549,7466.73693291652,0.0119132028273309
550,7085.26431684018,0.0112945015585429
551,6895.25490206781,0.0109863298548687
552,6612.23999402826,0.0105273147766934
553,6378.95725470044,0.0101489591078305
554,5485.3504899121,0.0086996397704198
555,5458.87795736084,0.00865670460604035
556,4273.32287280003,0.00673388130464498
557,4693.11522949183,0.00741473243986969
558,4332.62037850839,0.00683005450416603
559,3655.04944533578,0.00573111849046308
560,2969.3099003409,0.00461893400154675
561,2839.69783308595,0.00440871930439318
562,2735.99532595932,0.00424052670017514
563,2555.15960029494,0.0039472335824108
564,2878.48919775157,0.00447163408654319
565,2129.2782454401,0.00325650684739109
566,2209.40873675805,0.00338646856563169
567,1674.20063401214,0.00251842740545509
568,2093.45064289489,0.00319839891980155
569,1905.55026338246,0.00289364780973282
570,1804.1129283279,0.00272912903366379
571,1779.64396254045,0.00268944340607055
572,1646.5814872877,0.0024736325751026
573,1753.94921004596,0.00264776970447423
574,1354.64661543569,0.00200015042197697
575,1687.19516258962,0.00253950291908142
576,1064.34883298786,0.00152932342481481
577,1451.4596414228,0.00215716914229697
578,1048.47487932581,0.0015035778408397
579,1314.93913249263,0.00193574980960815
580,1353.13619723693,0.00199770071099747
581,876.301003413656,0.00122433316903428
582,1246.58560324052,0.00182488886312816
583,1054.38056001,0.00151315612242109
584,1000.84201214319,0.00142632323822886
585,969.275551864489,0.00137512635488123
586,1150.34194342793,0.00166879358412409
587,886.097886797778,0.00124022249876459
588,1130.24057613269,0.00163619165956695
589,615.065898666518,8.00642230425262E-4
590,479.831283672377,5.81308458209779E-4
591,588.25992854244,7.57166271659348E-4
592,1136.21071949597,0.00164587449161842
593,418.652538198746,4.82084121121797E-4
594,858.473359994084,0.00119541894259087
595,832.080933222398,0.00115261369985028
596,726.240239506195,9.8095322218571E-4
597,580.50006121971,7.44580729327158E-4
598,778.162186694139,0.00106516418058566
599,705.423768781105,9.47191488560447E-4
600,710.296832678575,9.55094993790418E-4
