400,203.327934154948,1.82176831338863E-4
401,327.428055021591,2.79110479564153E-4
402,483.772486760209,4.01229910571151E-4
403,328.28108589788,2.79776775409073E-4
404,513.211351570728,4.24224381050041E-4
405,77.7639362224181,8.4099760016489E-5
406,139.881090290444,1.3261899045025E-4
407,46.5360872051994,5.97079277577567E-5
408,232.143491204516,2.04684440928221E-4
409,572.749685765563,4.70729315150498E-4
410,-15.4433442617889,1.12962713865227E-5
411,260.732159780676,2.27014829679162E-4
412,597.188666321659,4.89818414562052E-4
413,136.869893670021,1.30266967971118E-4
414,227.273541827681,2.0088056099263E-4
415,165.929943598904,1.52965549064707E-4
416,436.570866363944,3.64361088565152E-4
417,346.12047377693,2.93710983830035E-4
418,374.282150836478,3.15707852797293E-4
419,494.941935380421,4.09954280828497E-4
420,702.877074381336,5.72370815774913E-4
421,551.895969377413,4.54440637956289E-4
422,789.471018329614,6.40008678192009E-4
423,638.884165720803,5.22386447881517E-4
424,935.413714486195,7.54003393680597E-4
425,1876.10579763835,0.00148877073185727
426,3091.80989651771,0.00243834783656814
427,3115.41043147671,0.00245678203258397
428,2452.96227033449,0.0019393488780373
429,1927.80411248595,0.00152915188725246
430,2239.54308261055,0.00177264879488758
431,2301.82030303516,0.00182129305191916
432,3284.0076383417,0.00258847201183531
433,4223.46180067065,0.00332227241959508
434,4603.89281330054,0.0036194241523632
435,6573.55628164859,0.00515791311135643
436,8121.15110512111,0.00636672750384981
437,9732.42483692658,0.00762528100100005
438,13052.3620852865,0.0102184584057858
439,17494.534144438,0.0136882047745321
440,23454.2327297346,0.0183432794204036
441,29952.0251052627,0.023418654979846
442,38046.0747682545,0.0297408548074641
443,50075.7287590722,0.0391371248519627
444,66773.9064951345,0.0521799428231892
445,87116.4053743102,0.0680693119600358
446,111980.680650081,0.0874906058002594
447,151120.656454861,0.118062539330315
448,195719.237669192,0.15289814748756
449,258721.919780598,0.202109057053066
450,338111.825294923,0.264119900556065
451,433591.487104899,0.338698328731034
452,552199.086011903,0.431341810373187
453,690056.392045183,0.539021089933889
454,820468.031160802,0.640884616433603
455,965739.82353541,0.754355294147363
456,1098356.68192422,0.857941300430294
457,1194902.84067584,0.933352761149087
458,1251426.9635183,0.977503317986511
459,1280228.53044668,1
460,1278274.21742135,0.998473501153775
461,1223103.16542043,0.955379817525348
462,1151130.11130581,0.89916221950429
463,1047700.57997316,0.818374209498405
464,970863.065778744,0.758357019189372
465,858839.475962963,0.670856256318996
466,772366.448244957,0.603312840637714
467,690060.223572082,0.539024082710028
468,621289.238613463,0.485307596234975
469,550789.289602791,0.430240629260423
470,492342.208837072,0.38458806480541
471,438011.472538156,0.34215074529724
472,391146.203373619,0.305544644646779
473,358723.612415475,0.280219608663402
474,329781.93720927,0.257613489153626
475,296727.231079986,0.231794712880479
476,267401.882349771,0.208888908937281
477,241778.275492097,0.188874507049034
478,221361.688794683,0.172927268488203
479,199786.78091143,0.156075274173906
480,186777.520576689,0.145913841161975
481,165169.472285541,0.129035961130415
482,148280.621762028,0.115844210114033
483,136926.288100465,0.106975427575414
484,125720.471746069,0.0982226507611079
485,118807.088368503,0.0928226602720759
486,104017.268316443,0.0812704457840473
487,96080.9815797425,0.0750714733626019
488,89286.8815820582,0.0697646542025249
489,85263.2178686204,0.066621801478035
490,76972.0386321851,0.0601456252594712
491,71897.3237392789,0.056181804556982
492,66454.8162888689,0.0519307039216452
493,61345.359896959,0.0479397469019652
494,56923.9965926098,0.0444862540912649
495,52532.3959392616,0.0410560086579421
496,48552.8207410972,0.0379475931330331
497,46795.4245413356,0.0365749045020267
498,42990.4421286542,0.0336028620566321
499,42588.1849611697,0.0332886620824761
500,39622.012870297,0.0309718079164653
501,38001.5786588929,0.0297060992392815
502,35097.710174915,0.0274379099405708
503,33533.0805351047,0.0262157897842882
504,34849.125507144,0.0272437423719042
505,31848.1756209305,0.0248997235379134
506,30845.8389770806,0.0241168061083432
507,31828.0185768101,0.0248839790260597
508,30177.2158180596,0.0235945497105314
509,30034.7562496046,0.0234832756392532
510,26476.0779589228,0.0207036194457946
511,26350.2381209486,0.020605326917941
512,24649.5451995765,0.0192769287807895
513,25255.7534813846,0.0197504333989131
514,22314.2481951505,0.0174528462839493
515,21323.3919840614,0.0166788961319525
516,22591.2364030337,0.0176691996389501
517,19632.47187568,0.0153581314637291
518,18615.8048823413,0.0145640207085877
519,16315.472865541,0.0127672490941788
520,16026.9135166657,0.0125418576101039
521,14933.6841032562,0.0116879445385538
522,12428.8552803671,0.00973144204454404
523,11809.1118339408,0.00924736521362489
524,10513.1715107487,0.00823511621231836
525,9190.09410056364,0.00720167064145126
526,9987.00361663019,0.00782413052431303
527,9917.55054539831,0.00776988126550536
528,7653.30454353103,0.0060012961593202
529,7089.35238743096,0.00556079747540641
530,7335.89588447135,0.00575337070134248
531,6521.94503499503,0.00511759996425676
532,7096.40406510575,0.00556630548650546
533,5518.87156301519,0.00433410700391146
534,5685.21399429058,0.00446403579532268
535,6111.98882258795,0.00479738632543248
536,5689.98500109831,0.00446776239197989
537,4784.75963537869,0.00376069783352093
538,3953.67120964284,0.00311154106766284
539,3554.71090157251,0.00279991624499324
540,3098.04172306625,0.00244321546826937
541,3078.45828183999,0.00242791899321672
542,3460.19631956658,0.00272609163321733
543,3152.15196705626,0.00248548056293393
544,3581.65187401559,0.00282095963099003
545,3314.09747225852,0.00261197494926746
546,3011.44589835227,0.00237557613680067
547,2457.7972181454,0.00194312541851943
548,3005.23849196024,0.00237072757949554
549,1692.40719440234,0.00134528516825584
550,2292.18582095024,0.00181376763219571
551,2390.76385026179,0.00189076617135343
552,2365.44801261316,0.00187099216562303
553,1565.8096547391,0.00124640080545097
554,2183.95579766483,0.00172922999491302
555,1761.32436835775,0.0013991158418299
556,1689.31481763912,0.00134286973659265
557,1567.70686349826,0.00124788270059488
558,1840.58826532411,0.00146102826102697
559,559.181478115699,4.60131292697377E-4
560,1865.95054192417,0.00148083853986453
561,1838.61573984407,0.0014594875365727
562,1297.37341875097,0.001036727329805
563,1219.89306380148,9.76208021535233E-4
564,1231.01032491765,9.84891628535274E-4
565,1515.18674798574,0.00120685964303225
566,1721.84170544675,0.00136827623804156
567,878.611302081746,7.09635467010506E-4
568,1268.4454943498,0.00101413195094309
569,1036.58852837265,8.33030261261713E-4
570,462.269058198013,3.84433748203787E-4
571,907.130679662301,7.31911733098662E-4
572,1209.78292324478,9.68311068644387E-4
573,823.81245100263,6.66832506654317E-4
574,927.446782999253,7.47780484880854E-4
575,75.8980667011699,8.26423437098496E-5
576,1706.17976439881,0.00135604281656329
577,1105.55712376741,8.86901099725858E-4
578,492.576422533591,4.08106596969967E-4
579,494.640791994225,4.09719060049831E-4
580,710.823207108619,5.7857747882374E-4
581,238.66373287518,2.09777351459124E-4
582,560.858660170236,4.61441326677593E-4
583,512.84525447772,4.23938425431447E-4
584,461.992185436225,3.84217485022842E-4
585,574.882355122131,4.72395126752829E-4
586,690.854698715998,5.62980230774368E-4
587,1140.6578153824,9.14317979497706E-4
588,926.034623375207,7.46677457879113E-4
589,197.651358619585,1.77742901925849E-4
590,485.366416027359,4.02474916440596E-4
591,948.63793519332,7.64332730583142E-4
592,608.201087044051,4.98420131538302E-4
593,906.612329145145,7.3150685350357E-4
594,147.182821641138,1.38322316548895E-4
595,29.7319126554838,4.65823164920844E-5
596,-29.905490999026,0
597,997.550271017951,8.02537779229283E-4
598,334.990890336343,2.85017751957334E-4
599,521.046104223338,4.30344045980717E-4
600,774.290426797958,6.28151235112137E-4
