400,607.637827376545,4.19058327452932E-4
401,546.088027246323,3.73247910371279E-4
402,607.484994571778,4.1894457672563E-4
403,544.903771374432,3.72366489874252E-4
404,574.212045790021,3.94180115135114E-4
405,450.634302969654,3.02203408003119E-4
406,791.997949570691,5.56274274102147E-4
407,571.516830806753,3.92174114754171E-4
408,324.886500110468,2.08611563937126E-4
409,354.52570164447,2.30671492342532E-4
410,723.014081104589,5.04930812715562E-4
411,413.25306881903,2.74381222978245E-4
412,502.661640111659,3.40926425934622E-4
413,470.604502103747,3.17066870591152E-4
414,286.61720971566,1.80128414508599E-4
415,858.787633382114,6.05984643033966E-4
416,406.036046074421,2.69009721830901E-4
417,614.650606985842,4.24277814082035E-4
418,374.15738084348,2.45283000588167E-4
419,612.265180077699,4.22502383433216E-4
420,791.465580086526,5.55878041002128E-4
421,44.6009038824981,0
422,817.16836650549,5.75008165933845E-4
423,875.82016474282,6.18661651959087E-4
424,782.951629995446,5.49541259991311E-4
425,1405.82032280582,0.00101313130487168
426,2670.18972598792,0.00195417887257308
427,2721.7120908236,0.00199252604863478
428,1862.25531698295,0.00135284772002945
429,688.761607206109,4.79437308073013E-4
430,950.968183915886,6.74592980637567E-4
431,1238.26270769384,8.88421164184838E-4
432,1037.22822910439,7.38794791840972E-4
433,1472.38770686975,0.00106267622007127
434,829.249563747018,5.83999985294902E-4
435,1381.69444599901,9.95174845603864E-4
436,1611.57762049912,0.00116627278713452
437,2687.14419653544,0.00196679778222896
438,2907.82507966961,0.00213104662263031
439,3755.85620143379,0.00276222104243421
440,4212.41766137524,0.00310203158380194
441,6180.90243543194,0.00456713964796514
442,8175.51644565819,0.00605169523599388
443,10116.5900753179,0.00749640167489015
444,12504.1181511822,0.0092733961853207
445,15786.6959285098,0.0117165602047681
446,19845.9278204395,0.0147377740122382
447,25019.001425024,0.0185880003154711
448,33088.5468507216,0.0245940188700145
449,42682.2146060289,0.0317344144567361
450,55427.1045293453,0.0412202084286357
451,74182.2366356474,0.05517931832653
452,96610.1514931933,0.071872014837684
453,126121.132828228,0.0938365112387539
454,157585.35291385,0.117254768360981
455,200188.229858706,0.148963328869595
456,254882.780689135,0.189671506318336
457,314208.018199064,0.233826221167906
458,389301.651001774,0.289717071042162
459,466398.511820568,0.347098887755176
460,552752.416286484,0.411370556742618
461,646921.141736743,0.481458657431768
462,744055.239399338,0.553753831702994
463,853973.904027718,0.635564330860277
464,940998.233073196,0.700334984889855
465,1031265.52415423,0.76751931764974
466,1106712.271085,0.823672984063601
467,1178542.40019619,0.87713486641985
468,1233885.50740763,0.91832575280107
469,1281289.8658167,0.953607970218726
470,1321340.77072318,0.98341714351225
471,1340503.18761624,0.99767938820364
472,1343621.10710584,1
473,1337726.21592513,0.995612537765061
474,1327351.57764104,0.987890879760326
475,1318639.03316045,0.981406288491891
476,1286561.92195268,0.957531867452448
477,1261311.91446077,0.938738737790422
478,1222039.14738396,0.909508718587551
479,1188691.68600587,0.884688798602227
480,1139981.74614264,0.848434860223296
481,1076231.10979442,0.800986400047082
482,1021085.05636412,0.75994217727618
483,979056.26065844,0.728660895181951
484,917751.392417204,0.683032776531281
485,864757.378843024,0.643590278594201
486,800795.144222938,0.595984329602956
487,739476.244282228,0.550345767408945
488,677921.9961103,0.504532039729283
489,639750.83507919,0.476121926233764
490,586879.926184756,0.436771052911418
491,533156.537912163,0.39678569441147
492,488727.010385754,0.363717590495302
493,446147.384534536,0.332026335360466
494,413717.312265323,0.307889211706163
495,370266.710911218,0.275549705058393
496,342125.086796265,0.254604396782273
497,312865.121378496,0.232826727045785
498,289142.574515551,0.215170459052529
499,258577.63892504,0.192421523320606
500,242942.122303385,0.180784287517894
501,221938.550907635,0.165151704409453
502,199017.415835126,0.148091912900221
503,182493.076890557,0.135793142515138
504,172895.991273823,0.128650203075193
505,157859.109510542,0.117458520507158
506,146143.249111172,0.108738614833541
507,134917.051200123,0.100383156205596
508,123555.112652898,0.0919266682461994
509,110022.941248257,0.0818549147270097
510,101269.203378423,0.075339663954592
511,93188.99750665,0.0693257110204088
512,85468.5492064656,0.0635795192222144
513,77639.5887983452,0.0577525637998906
514,72227.7914971605,0.0537246597124019
515,66815.3228825945,0.0496962559783518
516,59756.1430440598,0.0444422344872424
517,56047.7115088655,0.0416821151207038
518,48884.0083349478,0.0363502987776448
519,46972.9473044242,0.0349279301803211
520,43392.2246352051,0.0322628622421051
521,39412.4271610614,0.0293007700532547
522,36907.9267644847,0.0274367151334076
523,34510.8460833902,0.0256526107894945
524,30134.1669257957,0.022395126651158
525,27732.4658575877,0.0206075834356271
526,25851.8105201528,0.0192078452526849
527,24850.3854812957,0.0184625024796947
528,22136.9682805706,0.0164429545133527
529,20954.5376286094,0.0155628924949242
530,19134.0987670682,0.0142079723596449
531,17251.0243855281,0.0128064337253745
532,16985.1144153927,0.0126085216832184
533,15227.1927588873,0.0113001319872161
534,15174.3867817988,0.0112608294414773
535,13668.7602105161,0.010140218471925
536,12627.6604772878,0.0093653465324243
537,12772.2988457956,0.00947299828715522
538,10863.9680435611,0.00805266174999065
539,9930.62495570379,0.00735799115732327
540,10385.549218041,0.00769658316175122
541,9477.01184292477,0.007020375018097
542,8007.10804890784,0.00592635187372685
543,8171.16871512622,0.00604845929780063
544,8384.08447461947,0.00620692869534549
545,7575.88337945362,0.0056053990530548
546,8206.69626484345,0.00607490181860479
547,6701.5140217315,0.00495462155457515
548,5022.55516823184,0.00370500246273366
549,5405.02251096385,0.00398966607583388
550,6227.27639920956,0.00460165496105938
551,4834.54869707161,0.00356507260366543
552,4449.06615207688,0.0032781648293665
553,4869.67822514991,0.0035912188840716
554,5077.64806559202,0.00374600712239083
555,4488.39025940852,0.00330743306020421
556,4492.38973492813,0.00331040979841089
557,4244.98029588638,0.00312626737116562
558,4320.23953592828,0.00318228147955059
559,3502.39177482401,0.00257357199607192
560,3339.9574225763,0.00245267500844382
561,2782.18983086053,0.00203753855053382
562,3113.64048630852,0.00228423135434366
563,2362.57243688831,0.00172522481772049
564,2753.24602150933,0.00201599619011177
565,3044.54671406515,0.00223280609353832
566,1811.30917109045,0.00131492941343706
567,1538.84874775555,0.00111214198594244
568,2603.82344473925,0.0019047836346076
569,2863.84181602502,0.002098310664952
570,1915.53029939525,0.00139249933805521
571,2132.0288469365,0.00155363534076283
572,2387.29492391695,0.00174362532332216
573,2264.90136638652,0.00165252998415431
574,1727.19002302303,0.00125232103372877
575,2042.4226896698,0.00148694307809443
576,1603.91176905961,0.00116056723080473
577,1461.51152868467,0.00105458127487471
578,1629.12608217171,0.0011793337937773
579,1951.45023135646,0.00141923390195641
580,1655.08272184118,0.00119865285715006
581,1616.49402896845,0.00116993198216111
582,1678.25566120896,0.00121590006209955
583,1429.1881238717,0.00103052354190323
584,678.160685415005,4.71547231294973E-4
585,629.437052022885,4.35283101067024E-4
586,1570.61964479726,0.00113578849724645
587,1306.5734195497,9.39263607127639E-4
588,476.613166377993,3.2153901210785E-4
589,1323.27720166375,9.51695933859273E-4
590,1281.05205483764,9.20268511132544E-4
591,1288.16011402429,9.25558912649571E-4
592,1125.7760218486,8.04699332695527E-4
593,787.779129279474,5.53134281499014E-4
594,793.085037498177,5.57083374233377E-4
595,1749.52027290303,0.00126894103994124
596,924.546929455277,6.54928112772844E-4
597,1537.67016715928,0.00111126478945171
598,699.626005737303,4.87523485883539E-4
599,1253.8626797443,9.00031944797965E-4
600,1018.5927928723,7.24924769444723E-4
