400.1708374,8.019275847E-4,0.00378559286294157
400.3862915,0.001918300171,0.00515718452112044
400.6017761,0.001159166801,0.0042245021796558
400.8172913,-3.59099824E-4,0.00235913763801722
401.0328369,5.563256564E-4,0.00348384274812963
401.2483826,-0.001028923318,0.00153618271409925
401.4639587,0.001806662884,0.00502002532044675
401.6795349,0.002476486377,0.00584298024313611
401.8951416,-4.651552081E-5,0.00274318327653834
402.1107788,0.003012345172,0.00650134418202476
402.326416,0.002119247103,0.00540407085553081
402.5420837,2.046683039E-5,0.00282547877114164
402.7577515,1.54431531E-4,0.00299006975814903
402.9734802,4.446883977E-4,0.00334668358222574
403.1891785,6.456354749E-4,0.00359357009503095
403.4049377,-2.921174746E-4,0.00244143313040901
403.620697,-6.270292215E-4,0.00202995566857289
403.8364868,-0.001252197893,0.00126186431152327
404.0522766,0.001806662884,0.00502002532044675
404.2680969,9.805471636E-4,0.00400504748536171
404.4839478,6.009805365E-4,0.00353870638576618
404.6997986,-4.037547333E-4,0.00230427396450512
404.9156799,5.786531256E-4,0.00351127460276202
405.1315918,-6.716841599E-4,0.00197509195930811
405.3475037,2.660687896E-4,0.00312722892393005
405.563446,-5.600468721E-4,0.00211225116096469
405.7793884,2.214138804E-4,0.00307236525054082
405.9953613,-3.367723839E-4,0.00238656945689692
406.2113647,2.43741335E-4,0.00309979708723544
406.4273682,4.89343307E-4,0.00340154725573783
406.6434021,9.582197526E-4,0.00397761570223469
406.8594666,0.001784335473,0.00499259353731973
407.075531,5.563256564E-4,0.00348384274812963
407.291626,-0.001475472352,9.87546051466579E-4
407.5077515,8.689099341E-4,0.00386788835533337
407.723877,0.001092184451,0.00414220668652684
407.940033,7.572727045E-4,0.00373072922518216
408.156189,2.046683039E-5,0.00282547877114164
408.3723755,0.001494078548,0.00463597964161479
408.5885925,-0.00165409199,7.68091356435316E-4
408.8048096,5.339981872E-4,0.00345641089349724
409.0210571,-9.396135574E-4,0.00164590998986379
409.2373352,6.512173422E-5,0.00288034243793321
409.4536133,1.54431531E-4,0.00299006975814903
409.6699219,9.582197526E-4,0.00397761570223469
409.8862305,-6.493566907E-4,0.0020025238139405
410.1025696,1.09776629E-4,0.00293520609360582
410.3189392,7.796001737E-4,0.00375816107981455
410.5353088,9.582197526E-4,0.00397761570223469
410.751709,-1.581527758E-4,0.00260602411519261
410.9681396,5.786531256E-4,0.00351127460276202
411.1845703,-6.493566907E-4,0.0020025238139405
411.4010315,0.00122614915,0.00430679767155615
411.6174927,2.883962297E-4,0.00315466074280976
411.8340149,2.214138804E-4,0.00307236525054082
412.0505066,-4.037547333E-4,0.00230427396450512
412.2670593,-4.260821734E-4,0.00227684214562542
412.4836121,-3.814272932E-4,0.00233170578338483
412.7001648,9.805471636E-4,0.00400504748536171
412.9167786,-5.600468721E-4,0.00211225116096469
413.1333618,1.321040763E-4,0.00296263792133155
413.3500061,-9.117042646E-5,0.00268831960751069
413.5666504,0.002119247103,0.00540407085553081
413.7833252,5.11670718E-4,0.00342897903886485
414,0.001762007945,0.00496516161044481
414.2167053,2.43741335E-4,0.00309979708723544
414.4334412,9.135648725E-4,0.00392275206459814
414.650177,0.001181494212,0.00425193396278282
414.8669434,6.233080057E-4,0.00356613824039857
415.0837097,0.001114511862,0.00416963846965386
415.3005371,-5.377194611E-4,0.00213968294409171
415.517334,4.446883977E-4,0.00334668358222574
415.7341919,0.002632778604,0.00603500315504035
415.9510498,-2.474625653E-4,0.00249629680392111
416.1679077,9.805471636E-4,0.00400504748536171
416.3847961,1.09776629E-4,0.00293520609360582
416.6017151,8.465825231E-4,0.00384045657220635
416.8186646,7.796001737E-4,0.00375816107981455
417.035614,0.001092184451,0.00414220668652684
417.252594,-0.001252197893,0.00126186431152327
417.469574,0.002230884507,0.0055412301999524
417.6865845,0.001427096198,0.00455368414848582
417.903595,-0.001363835065,0.00112470525214026
418.1206665,0.001449423726,0.00458111607536075
418.3377075,-1.134978738E-4,0.00266088777973581
418.5548096,-0.001877366449,4.93773096378629E-4
418.7719116,0.001494078548,0.00463597964161479
418.9890442,-0.001453144941,0.0010149778345936
419.2061768,1.09776629E-4,0.00293520609360582
419.4233398,0.002163902158,0.00545893470805205
419.6405029,0.001002874691,0.00403247941149947
419.8577271,-2.418807162E-5,0.00277061510658615
420.0749207,0.001315458911,0.00441652494781214
420.2921753,0.002074592281,0.00534920728927677
420.5094299,-5.153919919E-4,0.00216711479872409
420.7266846,3.777060483E-4,0.00326438808983394
420.9439697,0.002096919809,0.0053766392161517
421.1612854,-0.001118233195,0.00142645529532397
421.3786316,0.001270804089,0.0043616613815581
421.5959778,-6.884297181E-5,0.00271575144426673
421.8133545,0.001114511862,0.00416963846965386
422.0307312,6.902903551E-4,0.00364843373279036
422.2481384,0.001114511862,0.00416963846965386
422.4655457,-3.814272932E-4,0.00233170578338483
422.6829834,0.002074592281,0.00534920728927677
422.9004517,5.339981872E-4,0.00345641089349724
423.1179504,8.242550539E-4,0.00381302471757396
423.3354492,5.11670718E-4,0.00342897903886485
423.552948,9.582197526E-4,0.00397761570223469
423.7704773,4.446883977E-4,0.00334668358222574
423.9880371,-8.056488587E-4,0.00181050097452452
424.2056274,-0.00165409199,7.68091356435316E-4
424.4232178,0.001159166801,0.0042245021796558
424.6408081,-7.609939203E-4,0.0018653646837893
424.8584595,5.786531256E-4,0.00351127460276202
425.0761108,0.001672698185,0.00485543433541744
425.2937622,6.512173422E-5,0.00288034243793321
425.5114441,0.001717353123,0.00491029804419077
425.7291565,-9.172860882E-4,0.00167334184449617
425.9468689,0.003749151016,0.0074065945990717
426.1646118,3.553785791E-4,0.00323695623520156
426.3823853,-2.697900345E-4,0.00246886494928872
426.6001587,7.796001737E-4,0.00375816107981455
426.8179626,0.001427096198,0.00455368414848582
427.0357666,4.223609285E-4,0.00331925172759335
427.2536011,-8.056488587E-4,0.00181050097452452
427.4714661,7.349452353E-4,0.00370329737054977
427.6893311,0.002186229452,0.00548636634743116
427.9072266,0.001114511862,0.00416963846965386
428.1251221,-4.651552081E-5,0.00274318327653834
428.3430481,2.660687896E-4,0.00312722892393005
428.5610046,0.001427096198,0.00455368414848582
428.7789612,3.553785791E-4,0.00323695623520156
428.9969482,2.214138804E-4,0.00307236525054082
429.2149658,7.349452353E-4,0.00370329737054977
429.4329834,3.553785791E-4,0.00323695623520156
429.651001,-3.814272932E-4,0.00233170578338483
429.8690796,-0.001341507654,0.00115213703526728
430.0871277,0.001985282404,0.00523947987050149
430.3052368,0.001583388424,0.00474570705916145
430.5233459,0.001717353123,0.00491029804419077
430.7414856,0.001360113849,0.00447138865658547
430.9596252,-2.418807162E-5,0.00277061510658615
431.1777954,3.33051139E-4,0.00320952441632185
431.3959961,0.001940627582,0.00518461630424746
431.6141968,-8.94958619E-4,0.00170077369912856
431.8323975,-6.270292215E-4,0.00202995566857289
432.0506592,0.001315458911,0.00441652494781214
432.2689209,6.233080057E-4,0.00356613824039857
432.4871826,-8.94958619E-4,0.00170077369912856
432.7054749,0.002476486377,0.00584298024313611
432.9237976,3.553785791E-4,0.00323695623520156
433.1421509,0.001605715835,0.00477313884228847
433.3604736,-7.386665093E-4,0.00189279646691632
433.5788574,0.001315458911,0.00441652494781214
433.7972412,8.912374033E-4,0.00389532020996575
434.0156555,7.126178243E-4,0.00367586558742275
434.2340698,0.00106985704,0.00411477490339982
434.4525146,5.339981872E-4,0.00345641089349724
434.67099,0.001784335473,0.00499259353731973
434.8894653,0.001561060897,0.00471827513351514
435.1079712,0.001360113849,0.00447138865658547
435.3264771,6.233080057E-4,0.00356613824039857
435.5450134,0.001851317822,0.00507488902922008
435.7635803,0.003302602097,0.00685795807772971
435.9821472,0.001873645233,0.0051023208123471
436.2007446,0.002141574631,0.00543150278240574
436.419342,0.002811398124,0.00625445770509509
436.63797,0.002364849206,0.00570582118498172
436.8565979,0.002945362823,0.00641904869012441
437.0752869,0.002632778604,0.00603500315504035
437.2939453,0.001538733486,0.00469084335038812
437.5126648,0.003012345172,0.00650134418202476
437.7313843,0.002923035529,0.0063916170507453
437.9501038,7.572727045E-4,0.00373072922518216
438.1688538,0.003213292221,0.00674823066018304
438.3876343,0.001985282404,0.00523947987050149
438.6064148,0.003905443242,0.00759861750974732
438.8252258,0.001851317822,0.00507488902922008
439.0440674,0.001851317822,0.00507488902922008
439.2629089,0.002945362823,0.00641904869012441
439.481781,0.002677433426,0.00608986672129439
439.7006531,1.990864403E-4,0.00304493343166112
439.9195557,0.00435199216,0.0081472540298607
440.1384583,0.001784335473,0.00499259353731973
440.3574219,0.00196295511,0.00521204823112238
440.576355,0.002543468727,0.00592527573626507
440.7953491,0.002610451076,0.00600757122816542
441.0143127,0.003168637399,0.006693367093929
441.2333374,0.001695025596,0.00488286611854446
441.4523621,0.003503549146,0.00710484455588799
441.6714172,0.001203821739,0.00427936588842914
441.8904724,0.003302602097,0.00685795807772971
442.1095581,0.002230884507,0.0055412301999524
442.3286438,0.002431831555,0.00578811667688207
442.54776,0.002900708001,0.00636418512387037
442.7669067,0.002655105898,0.00606243479441946
442.9860535,0.002141574631,0.00543150278240574
443.2052307,0.004218027461,0.00798266304483138
443.424408,0.002387176501,0.00573325282558944
443.6436157,0.003592859022,0.00721457197343465
443.862854,0.002029937459,0.00529434372302273
444.0820923,0.005066470709,0.00902507280629991
444.3013611,0.002677433426,0.00608986672129439
444.5206299,0.002811398124,0.00625445770509509
444.7399292,0.001672698185,0.00485543433541744
444.9592285,0.004485956859,0.00831184501489001
445.1785889,0.004329664633,0.00811982210421439
445.3979187,0.003726823721,0.00737916295846397
445.6172791,0.00379380607,0.00746145845036432
445.8366699,0.004575266968,0.00842157271870388
446.0560913,0.004240354989,0.00801009497170631
446.2755127,0.00386078842,0.00754375394349329
446.4949341,0.005356727634,0.00938168670200485
446.7144165,0.006115860771,0.0103143687572023
446.9338989,0.004753886256,0.00864102698372004
447.1533813,0.005803276785,0.00993032350838543
447.3728943,0.002923035529,0.0063916170507453
447.5924072,0.005937241483,0.0100949144921861
447.8119812,0.00459759403,0.00844900407304441
448.0315247,0.005803276785,0.00993032350838543
448.2511292,0.004530611914,0.00836670886741125
448.4707336,0.007299215533,0.0117682556943626
448.6903381,0.006763356738,0.0111098917554739
448.9099731,0.006785684265,0.0111373236811203
449.1296387,0.006674047094,0.0110001646229659
449.3493042,0.005892586429,0.0100400506408935
449.5690002,0.008951446973,0.0137982113635498
449.7886963,0.006986631546,0.0113842104443171
450.0084229,0.007098268718,0.0115213695037001
450.2281799,0.006540082395,0.0108355736379365
450.447937,0.007343870588,0.0118231195468838
450.6677246,0.008281623945,0.0129752570121662
450.8875122,0.007924384438,0.0125363473382937
451.1073303,0.009197048843,0.0140999614067335
451.3271484,0.009576615877,0.0145663030062523
451.5470276,0.0119433254,0.0174740768793443
451.7668762,0.01113953721,0.0164865309740829
451.9867554,0.01087160781,0.016157349001567
452.206665,0.01149677671,0.0169254406393551
452.4266052,0.01288107876,0.0186262143483125
452.6465454,0.01259082183,0.0182696004464645
452.8664856,0.01442167256,0.0205190103831251
453.0864563,0.01359555684,0.0195040325485315
453.3064575,0.0160962306,0.0225763968390329
453.5264587,0.01582830213,0.0222472160091286
453.7464905,0.01567200944,0.0220551925283758
453.9665527,0.01649812609,0.023070171505581
454.186615,0.01917742006,0.0263619911938812
454.4066772,0.02263817377,0.0306139237277852
454.62677,0.02049473859,0.0279804679722306
454.8468933,0.02138783783,0.0290777427374322
455.0670471,0.0231963601,0.0312997196021491
455.2871704,0.02402247675,0.0323146985793543
455.5073547,0.02692504413,0.0358808352388944
455.7275391,0.02554074302,0.0341800626848347
455.9477539,0.02864425816,0.0379930866960781
456.1679688,0.03177010268,0.0418335449095907
456.3882141,0.03043045476,0.0401876339166859
456.6084595,0.03165846318,0.0416963829899929
456.8287354,0.03592300788,0.0469358648692793
457.0490417,0.03860229999,0.0502276822723563
457.2693481,0.03942841664,0.0512426612495615
457.4896545,0.04175047204,0.054095572415201
457.710022,0.04545683041,0.0586492584201235
457.9303589,0.0467071645,0.0601854371375395
458.1507568,0.04784586653,0.0615844630762502
458.3711548,0.05358402058,0.0686344429171296
458.5915527,0.05655357242,0.0722828776621755
458.8119812,0.06407792121,0.0815274024384395
459.0324402,0.06365370005,0.0810061981277824
459.2528992,0.07061986625,0.0895649316247011
459.4733887,0.0701733157,0.0890162930994887
459.6939087,0.0755988881,0.0956822305615948
459.9144287,0.08026532084,0.101415477954251
460.1349487,0.08531133085,0.107615079522524
460.3554993,0.08890604973,0.112031603620135
460.5760803,0.09446558356,0.118862128050929
460.7966614,0.09966787696,0.12525374167384
461.0172729,0.1035975069,0.130081742389351
461.237915,0.1076387763,0.135046904975316
461.4585571,0.114381671,0.143331323847649
461.6791992,0.1188694835,0.148845115805647
461.8998718,0.1244736761,0.155730508653266
462.120575,0.1332930177,0.16656608050234
462.3412781,0.1431840807,0.178718384910212
462.5620117,0.1455731243,0.181653598756376
462.7827454,0.1571610719,0.195890720357733
463.0035095,0.1591482013,0.198332136549969
463.2243042,0.1706245244,0.212432114660947
463.4450989,0.1762287021,0.219317489202208
463.6659241,0.186119765,0.231469793487219
463.8867493,0.1941799819,0.241372693646917
464.107605,0.1988910735,0.247160809566973
464.3284607,0.211416766,0.262550058243218
464.5493469,0.2190527618,0.271931754165975
464.7702332,0.2285419255,0.283590279226278
464.9911499,0.2433227003,0.301750154939719
465.2120972,0.2490831763,0.308827559854261
465.4330444,0.2591528594,0.321199319524785
465.6540222,0.270986408,0.33573819010043
465.875,0.2839809954,0.351703529896517
466.0960083,0.2940729856,0.364102696395777
466.3170471,0.3029146492,0.374965693379944
466.5380859,0.3122921884,0.386487074949868
466.7591248,0.3251751363,0.402315252826358
466.9802246,0.3389511704,0.419240689446914
467.2012939,0.3504498005,0.433368074263766
467.4224243,0.3720627725,0.459922087204825
467.6435242,0.3806811869,0.470510796962512
467.8646851,0.3969355524,0.490481147723883
468.0858459,0.4067372978,0.50252371522439
468.3070068,0.4189950824,0.517583808343333
468.5281982,0.4332399964,0.535085317654513
468.7494202,0.4456093907,0.550282536080339
468.9706421,0.4595863819,0.567454871527859
469.1918945,0.4793015122,0.59167716844847
469.413147,0.4946628213,0.61055029707849
469.6344299,0.502812326,0.620562897532838
469.8557434,0.5216343403,0.643687899096667
470.0770569,0.5308555961,0.655017268599668
470.2983704,0.5502135158,0.678800691361969
470.5197144,0.5646370649,0.696521674365019
470.7410889,0.582811594,0.71885116615907
470.9624634,0.585557878,0.722225290776259
471.1838684,0.6001600027,0.740165674368611
471.405304,0.6148068309,0.758160981333718
471.6267395,0.6275781393,0.773851997290609
471.848175,0.6447256207,0.794919643285902
472.0696411,0.651602447,0.803368612477349
472.2911377,0.6671423912,0.822461214799239
472.5126343,0.6750686169,0.832199491414391
472.7341614,0.6868798137,0.846710900242228
472.9556885,0.6942925453,0.855818290509286
473.1772461,0.7059028149,0.870082837245736
473.3988037,0.7091626525,0.874087921313589
473.6203918,0.730686307,0.900532197470143
473.8420105,0.7290787101,0.898557080448449
474.0636292,0.7443060279,0.917265585411062
474.2852478,0.7522546053,0.927031323651162
474.506897,0.7582830191,0.934437920858582
474.7285767,0.7549116015,0.9302957479737
474.9502563,0.7692680955,0.947934346101909
475.1719666,0.7827762365,0.96453064534866
475.3937073,0.7797620296,0.96082734674495
475.615448,0.7800523043,0.961183982479279
475.8371887,0.7895861268,0.972897375993265
476.05896,0.7904568911,0.9739672097251
476.2807617,0.7966415882,0.981565818876582
476.5025635,0.8073364496,0.994705681733872
476.7243958,0.806822896,0.994074722283208
476.946228,0.8072248101,0.994568519814274
477.1680908,0.811645627,1
477.3899536,0.8058404922,0.992867726631775
477.6118469,0.8111767769,0.999423963922092
477.8337708,0.8070015311,0.994294195975078
478.0556946,0.797847271,0.983047138367211
478.2776184,0.8002362847,0.985982315477799
478.4995728,0.8034961224,0.989987399668513
478.7215576,0.7917072177,0.975503379240193
478.9435425,0.7872864008,0.970071899054467
479.1655579,0.7860137224,0.968508267791566
479.3875732,0.7831557989,0.964996981254779
479.6096191,0.7722376585,0.951582794558294
479.8316956,0.7676159143,0.945904452158319
480.053772,0.7683080435,0.946754812198285
480.2758484,0.7617660761,0.9387172555402
480.4979553,0.7555813789,0.931118646265857
480.7200928,0.7460922599,0.919460176124626
480.9422302,0.7370719314,0.908377668835874
481.1643982,0.7385678887,0.910215623815109
481.3865662,0.7208622098,0.888462168221828
481.6087646,0.7220455408,0.889916025964648
481.8309631,0.7132931948,0.879162765887847
482.0531921,0.7102789879,0.875459467284137
482.2754517,0.6999636889,0.862785940332966
482.4977112,0.6967039108,0.858780929367682
482.7199707,0.6881078482,0.848219681357804
482.9422607,0.6750016212,0.832117179519258
483.1645813,0.6689955592,0.824738044059646
483.3869019,0.6608683467,0.814752832127675
483.6092529,0.6498832703,0.801256406884348
483.831604,0.6420909762,0.79168268058831
484.0539856,0.6363304853,0.784605257367411
484.2763672,0.6316863894,0.778899453342489
484.4987793,0.6197188497,0.764195959345161
484.7212219,0.6179103255,0.761973980109218
484.9436646,0.6054962873,0.746721911536066
485.1661072,0.603330493,0.744060985039244
485.3885803,0.5957838297,0.73478904433021
485.611084,0.5912290215,0.729192940477078
485.8335876,0.5797527432,0.715093017408034
486.0561218,0.5676065683,0.700170049595974
486.278656,0.5620470643,0.693339561814753
486.5012207,0.5583183765,0.688758441546131
486.7237854,0.5401214957,0.666401488127133
486.9463806,0.5421979427,0.668952641226735
487.1690063,0.5350531936,0.660174498171629
487.3916321,0.5203840137,0.642151729581575
487.6142578,0.5075680614,0.626405863477357
487.8369141,0.5014057159,0.618834715827961
488.0596008,0.5000660419,0.617188772792787
488.2822876,0.487875253,0.602210991568978
488.5049744,0.4758407772,0.587425258901946
488.7277222,0.4728712142,0.583776810445561
488.9504395,0.4640741944,0.572968663485858
489.1732178,0.454942286,0.561749067502937
489.3959961,0.4461675882,0.550968345678328
489.6187744,0.4432873428,0.547429634129309
489.8415833,0.4310965538,0.532451852782638
490.0643921,0.4225228131,0.521918029784992
490.2872314,0.4156236351,0.513441598968598
490.5101013,0.409193337,0.505541240842826
490.7329712,0.3994585574,0.493580948501877
490.9558411,0.3930505812,0.485708015388338
491.1787415,0.3867765665,0.47799966932949
491.4016724,0.3743624985,0.462747564143623
491.6246033,0.3704328835,0.457919581783614
491.8475647,0.3677535653,0.454627732325982
492.0705261,0.3511642814,0.434245895928678
492.2935181,0.3474579155,0.429692200672288
492.51651,0.3440864682,0.425549991297552
492.7395325,0.3369640112,0.416799236641963
492.9625854,0.3351331651,0.414549832393788
493.1856384,0.3278544247,0.405607065671275
493.4086914,0.3204417229,0.396499712016932
493.6317749,0.3101264238,0.3838261849429
493.8548889,0.3087644577,0.382152853508209
494.0780029,0.3038300872,0.37609041387182
494.3011169,0.296752274,0.367394509240694
494.524292,0.2929566205,0.362731113935375
494.7474365,0.2889600098,0.357820819680232
494.9706116,0.2788903117,0.345449041580489
495.1938171,0.2726832926,0.337823007293914
495.4170227,0.2670567632,0.330910171127705
495.6402588,0.2637969553,0.326905123549706
495.8635254,0.2590858638,0.321117007752512
496.0867615,0.2573666573,0.319004765546796
496.3100586,0.2457340658,0.304712793798115
496.5333557,0.2442381233,0.302874857002376
496.7566528,0.2345926613,0.291024301568792
496.9799805,0.2332530171,0.289378395146334
497.2033386,0.2237861753,0.277747295098263
497.4266968,0.2230716944,0.27686947343335
497.6500549,0.2186955214,0.27149284339495
497.8734436,0.2143193334,0.26611619492733
498.0968628,0.2060805112,0.255993857688477
498.320282,0.2015480399,0.250425197276796
498.5437317,0.1982658952,0.246392706380207
498.7671814,0.1919918805,0.238684360321359
498.9906616,0.1912104338,0.23772426349689
499.2141418,0.1857402027,0.231003457703962
499.4376526,0.1788856685,0.222581876912032
499.6611633,0.1805825531,0.224666694105516
499.8847046,0.1786847264,0.222334996514287
500.1082764,0.1719195098,0.214023152629723
500.3318176,0.1642388701,0.20458660655964
500.5554199,0.1628768891,0.202913256818592
500.7790222,0.1618498266,0.201651392836337
501.0026245,0.1573620141,0.196137600878339
501.2262573,0.1503958404,0.187578858166811
501.4499207,0.1499716192,0.187057653807009
501.673584,0.1464438885,0.18272343236535
501.8972778,0.1418444365,0.177072478487754
502.1209717,0.1379594505,0.172299327968712
502.3446655,0.1361732632,0.17010479217422
502.5683899,0.1351238638,0.168815484750515
502.7921448,0.1372673064,0.17144894962239
503.0158997,0.1286042482,0.160805389840239
503.2396851,0.1265501231,0.158281661752869
503.4634705,0.1271529645,0.159022321498183
503.6872864,0.1229777411,0.153892581072136
503.9111023,0.1196956038,0.149860099267296
504.1349487,0.1188918129,0.148872550032489
504.3588257,0.1142253801,0.143139302566116
504.5826721,0.1116577238,0.139984642549049
504.8065796,0.1097598895,0.13765293562035
505.0304871,0.1077727452,0.135211501121755
505.2543945,0.1066563725,0.133839909323883
505.4783325,0.1035528556,0.130026883150278
505.702301,0.1020792425,0.12821638058138
505.9262695,0.09660901874,0.121495583806484
506.150238,0.0916299969,0.115378284881876
506.3742371,0.09366179258,0.117874578717833
506.5982666,0.09102715552,0.114637625161134
506.8222961,0.09133973718,0.115021667552193
507.0463257,0.09035733342,0.113814671949905
507.2703857,0.08711985499,0.10983705868475
507.4944763,0.08348047733,0.105365666158029
507.7185669,0.08660632372,0.109206126669051
507.942688,0.08383771777,0.105804576978199
508.1668091,0.08307858557,0.104871896074213
508.3909607,0.07917127758,0.100071320432364
508.6151123,0.07709482312,0.0975201581672968
508.8392944,0.07584448904,0.095983979462167
509.0634766,0.07396898419,0.0936797068217398
509.2876892,0.07108873874,0.09014099521129
509.5119019,0.06883367151,0.0873703866893164
509.736145,0.07044124603,0.0893454762146161
509.9603882,0.06912392378,0.0877269948658204
510.1846619,0.06811919063,0.0864925650489766
510.4089355,0.06617670506,0.0841059989180622
510.6332397,0.06262663752,0.0797443341086694
510.8575439,0.06258198619,0.0796894748327375
511.0818787,0.0602376014,0.0768091294525427
511.3062439,0.05988036096,0.0763702186323727
511.5306091,0.05731270462,0.073215558566161
511.7549744,0.05778158084,0.0737916267354824
511.9793701,0.05470039323,0.0700060346535712
512.2037964,0.05519159883,0.0706095370251617
512.4282227,0.05367333069,0.068744170622172
512.6526489,0.05512461439,0.0705272389642283
512.8770752,0.05083774403,0.065260327453119
513.1015625,0.04829241335,0.0621330970187302
513.3260498,0.04710905999,0.0606792118040876
513.5505371,0.0476895757,0.0613924418807206
513.7750854,0.04860499874,0.062517143992522
513.9996338,0.04527821019,0.0584298030100386
514.2241821,0.04380459711,0.0566193004657132
514.4487305,0.04311244562,0.0557689130399286
514.6733398,0.0438269265,0.0566467346802685
514.8978882,0.04284451902,0.0554397345075337
515.1224976,0.03967401758,0.0515444101501336
515.347168,0.0413932316,0.0536566615950311
515.5717773,0.03697239608,0.0482251585325012
515.7964478,0.03706170619,0.0483348862375437
516.0211182,0.03420379385,0.0448236134120956
516.2457886,0.0345387049,0.0452350900177102
516.47052,0.0372403264,0.0485543416353425
516.6952515,0.03487361595,0.0456465666233248
516.9199829,0.03567740694,0.0466341159687071
517.1447144,0.03500758111,0.0458111581747455
517.3695068,0.03331069648,0.0437263409444032
517.5942993,0.03286414593,0.0431777024191908
517.8190918,0.03112260625,0.0410380213424705
518.0438843,0.03156915307,0.0415866552849504
518.2687378,0.03103329614,0.040928293637428
518.4935913,0.02826469205,0.0375267462317992
518.7184448,0.03056441993,0.0403522254803927
518.9432983,0.02864425816,0.0379930866960781
519.1682129,0.02699202672,0.0359631310268909
519.3931274,0.02683573589,0.0357711098313612
519.618042,0.02583099902,0.0345366754440711
519.8429565,0.02659013309,0.035469358645566
520.0679321,0.02638918534,0.0352224713061488
520.2929077,0.02509419434,0.0336314264571316
520.5178833,0.02580867149,0.034509243514739
520.7428589,0.02400014922,0.0322872666500221
520.9678955,0.02500488423,0.0335216987520891
521.1929321,0.02348661795,0.0316563346343225
521.4179688,0.02482626401,0.0333022433420041
521.6430054,0.02373221889,0.0319580835348947
521.868103,0.02219162509,0.0300652875000821
522.0932007,0.02268282883,0.0306687875864495
522.3182983,0.02033844776,0.0277884467767009
522.543396,0.02027146518,0.0277061510009906
522.7685547,0.02049473859,0.0279804679722306
522.9937134,0.01873087138,0.0258133549661781
523.2188721,0.0186638888,0.0257310591904677
523.4440308,0.01674372703,0.0233719204061531
523.6692505,0.01989189722,0.0272398082637747
523.8944702,0.01797173731,0.0248806717646832
524.1196899,0.01953465864,0.0268008997288279
524.3449097,0.01808337495,0.0250178313990578
524.5701904,0.01674372703,0.0233719204061531
524.7954712,0.01698932983,0.0236736715919484
525.020752,0.01792708226,0.024825807918305
525.2460327,0.01859690621,0.0256487634024713
525.4713745,0.01623019576,0.0227409883904535
525.6967163,0.01719027571,0.0239205566338562
525.9220581,0.01663208939,0.0232347607717785
526.1474609,0.013729522,0.0196686240999522
526.3728027,0.01712329313,0.0238382608581459
526.5982056,0.01489054877,0.0210950785401604
526.8236084,0.01500218641,0.021232238174535
527.0490723,0.01520313323,0.0214791243713405
527.2744751,0.01533709839,0.0216437159227612
527.499939,0.01495753136,0.0211773743281568
527.7254028,0.01431003492,0.0203818507487505
527.9509277,0.01216659974,0.0177483949931959
528.1763916,0.01460029185,0.0207384646505985
528.4019165,0.01250151172,0.018159872741422
528.6274414,0.01314900815,0.0189553963085423
528.8530273,0.01004549209,0.0151423711669734
529.0785522,0.01145212166,0.0168705767929769
529.3041382,0.01189867035,0.0174192130329661
529.5297241,0.01238987409,0.0180227131193336
529.7553101,0.01116186474,0.016513962903415
529.980957,0.01151910424,0.0169528725686872
530.206604,0.01259082183,0.0182696004464645
530.432251,0.009487305768,0.0144565753024384
530.6578979,0.01178703364,0.0172820545412031
530.883606,0.01087160781,0.016157349001567
531.109314,0.01009014715,0.0151972350256377
531.335022,0.0113181565,0.0167059852415563
531.56073,0.01091626287,0.0162122128602313
531.786499,0.01158608589,0.017035167201786
532.0122681,0.009264031425,0.0141822571849011
532.2380371,0.01129582897,0.0166785533122241
532.4638062,0.00906308461,0.0139353709942386
532.6895752,0.00964359846,0.0146485987856485
532.9154053,0.009174721316,0.0140725294810872
533.1412354,0.009866872802,0.0149229169019573
533.3671265,0.008839810267,0.0136610528767012
533.5929565,0.009018429555,0.0138805071417173
533.8188477,0.009130066261,0.0140176656285659
534.0447388,0.00921937637,0.0141273933323798
534.2706299,0.01006781962,0.0151698030963056
534.496582,0.007701109629,0.0122620286482219
534.7224731,0.007187578361,0.0116310966349796
534.9484253,0.007544817869,0.0120700063100807
535.1744385,0.007522490341,0.0120425743832058
535.4003906,0.01046971418,0.0156635766202421
535.6264038,0.007634127513,0.0121797334425888
535.852417,0.00863886252,0.0134141655409699
536.0784302,0.007723437157,0.0122894605750969
536.3044434,0.007232233416,0.0116859604875008
536.5305176,0.008616534993,0.0133867336153236
536.7565918,0.008839810267,0.0136610528767012
536.982666,0.006406117696,0.0106709826529072
537.2088013,0.007835074328,0.0124266196332512
537.4348755,0.007343870588,0.0118231195468838
537.6610107,0.006696374621,0.0110275965486122
537.887146,0.006919648964,0.0113019146661496
538.1133423,0.00624982547,0.0104789597422316
538.3394775,0.005780949257,0.0099028915815105
538.5656738,0.006428445224,0.0106984145797822
538.7919312,0.007477835286,0.0119877105306845
539.0181274,0.008214641362,0.0128929612327701
539.2443237,0.005267417524,0.00927195899696237
539.4705811,0.007366198115,0.0118505514725301
539.6968384,0.006696374621,0.0110275965486122
539.9231567,0.00658473745,0.0108904374904578
540.1494141,0.005111125764,0.00907993665882115
540.3757324,0.007276888471,0.0117408243400221
540.6020508,0.006205170881,0.0104240964622448
540.8283691,0.006294480525,0.0105338235947528
541.0547485,0.004262682516,0.00803752689735262
541.2811279,0.006205170881,0.0104240964622448
541.5075073,0.005222762935,0.00921709571697554
541.7338867,0.005847931374,0.00998518678837227
541.9603271,0.005736294203,0.00984802773021788
542.1867065,0.005021815654,0.00897020895377867
542.413147,0.006160515826,0.0103692326097235
542.6395874,0.006763356738,0.0111098917554739
542.8660889,0.005892586429,0.0100400506408935
543.0925903,0.006071206182,0.0102595054772155
543.3190918,0.00296769035,0.00644648061577072
543.5455933,0.004731558729,0.00861359505807372
543.7720947,0.004017080646,0.00773577685416892
543.9986572,0.004463629331,0.00828441308801509
544.2252197,0.00493250601,0.00886048182127059
544.4517822,0.006026551127,0.0102046416246942
544.6783447,0.002990017878,0.00647391254264565
544.9049683,0.0060042236,0.0101772096990479
545.1315918,0.003302602097,0.00685795807772971
545.3582153,0.004910178483,0.00883304989562428
545.5848389,0.003659841372,0.00729686746656362
545.8115234,0.004195699934,0.00795523111918507
546.038147,0.005267417524,0.00927195899696237
546.2648315,0.005356727634,0.00938168670200485
546.4915771,0.003235619748,0.00677566258582936
546.7182617,0.003548203968,0.00715970812214203
546.9450073,0.002610451076,0.00600757122816542
547.1717529,0.004977161065,0.00891534567379183
547.3984985,0.004262682516,0.00803752689735262
547.6253052,0.004285010044,0.00806495882422755
547.8520508,0.003548203968,0.00715970812214203
548.0788574,0.004463629331,0.00828441308801509
548.3056641,0.003168637399,0.006693367093929
548.5325317,0.005267417524,0.00927195899696237
548.7593384,0.002923035529,0.0063916170507453
548.9862061,0.005580001976,0.00965600481831363
549.2130737,0.003012345172,0.00650134418202476
549.4400024,0.003525876673,0.0071322764815343
549.6668701,0.004731558729,0.00861359505807372
549.8937988,0.004195699934,0.00795523111918507
550.1207275,0.002699760953,0.0061172986469407
550.3476562,0.002766743302,0.00619959413884105
550.574646,0.003972425591,0.00768091300164768
550.8016357,0.005267417524,0.00927195899696237
551.0286255,0.002163902158,0.00545893470805205
551.2556152,0.004731558729,0.00861359505807372
551.482605,0.003481221618,0.00707741262901306
551.7096558,0.003816133365,0.00748889009097205
551.9367065,0.0030346727,0.00652877610889969
552.1637573,0.003190964926,0.00672079901957532
552.3908691,0.002588123549,0.00598013930251911
552.6179199,0.00410639029,0.00784550398667699
552.8450317,0.002945362823,0.00641904869012441
553.0721436,0.004262682516,0.00803752689735262
553.2993164,0.002677433426,0.00608986672129439
553.5264282,0.005021815654,0.00897020895377867
553.7536011,0.00296769035,0.00644648061577072
553.9807739,0.003458894324,0.00704998098963395
554.2079468,0.001650370774,0.00482800255229042
554.4351807,0.003749151016,0.0074065945990717
554.6623535,0.002253211802,0.00556866184056013
554.8895874,0.002141574631,0.00543150278240574
555.1168823,0.002342521679,0.00567838925933541
555.3441162,0.003324929625,0.00688539000460463
555.5714111,0.003012345172,0.00650134418202476
555.7987061,0.003057000227,0.006556208034546
556.026001,0.003682168666,0.00732429910594273
556.2532959,0.003123982577,0.00663850352767497
556.4806519,0.003123982577,0.00663850352767497
556.7080078,0.003615186317,0.00724200361404238
556.9353638,0.001583388424,0.00474570705916145
557.1627197,0.003637513844,0.00726943553968869
557.3900757,0.003391911974,0.00696768549650499
557.6174927,0.002945362823,0.00641904869012441
557.8449097,0.002342521679,0.00567838925933541
558.0723267,0.001628043246,0.00480057062541549
558.2998047,0.003190964926,0.00672079901957532
558.5272217,0.003883115714,0.0075711855828724
558.7546997,0.002431831555,0.00578811667688207
558.9822388,0.003637513844,0.00726943553968869
559.2097168,6.456354749E-4,0.00359357009503095
559.4372559,3.777060483E-4,0.00326438808983394
559.6647339,0.002230884507,0.0055412301999524
559.8922729,0.00296769035,0.00644648061577072
560.119873,0.002923035529,0.0063916170507453
560.3474121,0.003213292221,0.00674823066018304
560.5750122,0.003213292221,0.00674823066018304
560.8026123,0.002610451076,0.00600757122816542
561.0302124,0.002096919809,0.0053766392161517
561.2578735,0.002096919809,0.0053766392161517
561.4854736,0.002141574631,0.00543150278240574
561.7131348,0.004307337571,0.00809239074987386
561.9407959,0.002007609932,0.00526691179737642
562.1685181,0.002074592281,0.00534920728927677
562.3961792,9.582197526E-4,0.00397761570223469
562.6239014,0.002052264754,0.00532177536363046
562.8516235,0.002119247103,0.00540407085553081
563.0793457,0.002543468727,0.00592527573626507
563.3071289,0.002141574631,0.00543150278240574
563.5349121,0.003123982577,0.00663850352767497
563.7626953,0.001851317822,0.00507488902922008
563.9904785,9.135648725E-4,0.00392275206459814
564.2182617,0.003324929625,0.00688539000460463
564.446106,0.0030346727,0.00652877610889969
564.6739502,0.001002874691,0.00403247941149947
564.9017944,0.002297866857,0.00562352569308137
565.1296387,0.001516406075,0.0046634115672611
565.3575439,0.001806662884,0.00502002532044675
565.5853882,0.002744415775,0.00617216221319474
565.8132935,6.679628859E-4,0.00362100187815797
566.0412598,2.660687896E-4,0.00312722892393005
566.269165,0.001516406075,0.0046634115672611
566.4971313,0.001516406075,0.0046634115672611
566.7250977,0.003570531495,0.00718714004778834
566.953064,0.002119247103,0.00540407085553081
567.1810303,0.002498813905,0.00587041217001104
567.4090576,0.001092184451,0.00414220668652684
567.637085,0.003190964926,0.00672079901957532
567.8651123,0.001159166801,0.0042245021796558
568.0931396,0.001538733486,0.00469084335038812
568.321167,0.001985282404,0.00523947987050149
568.5492554,0.00106985704,0.00411477490339982
568.7773438,0.001739680534,0.00493772982731779
569.0054321,0.002878380474,0.00633675319822406
569.2335815,1.54431531E-4,0.00299006975814903
569.4616699,0.001873645233,0.0051023208123471
569.6898193,0.001650370774,0.00482800255229042
569.9179688,0.001851317822,0.00507488902922008
570.1461182,0.002387176501,0.00573325282558944
570.3743286,0.003548203968,0.00715970812214203
570.6025391,-1.358253212E-4,0.00263345595188722
570.8307495,0.003615186317,0.00724200361404238
571.05896,0.00113683939,0.00419707039652878
571.2871704,0.003771478543,0.00743402652471801
571.5154419,-9.117042646E-5,0.00268831960751069
571.7437134,0.001337786438,0.00444395687345845
571.9719849,0.001717353123,0.00491029804419077
572.2002563,9.135648725E-4,0.00392275206459814
572.4285889,6.456354749E-4,0.00359357009503095
572.6568604,0.00220855698,0.00551379827430609
572.8851929,0.003369584447,0.00694025357085867
573.1135864,6.233080057E-4,0.00356613824039857
573.3419189,0.001739680534,0.00493772982731779
573.5703125,0.001382441376,0.00449882058223178
573.798645,0.002320194151,0.00565095733246048
574.0270996,0.001806662884,0.00502002532044675
574.2554932,8.689099341E-4,0.00386788835533337
574.4838867,0.002342521679,0.00567838925933541
574.7123413,5.563256564E-4,0.00348384274812963
574.9407959,0.002074592281,0.00534920728927677
575.1692505,0.001516406075,0.0046634115672611
575.3977661,0.001851317822,0.00507488902922008
575.6262207,0.00245415885,0.0058155483174898
575.8547363,0.001337786438,0.00444395687345845
576.083252,0.001672698185,0.00485543433541744
576.3118286,0.001315458911,0.00441652494781214
576.5403442,0.001516406075,0.0046634115672611
576.7689209,0.001494078548,0.00463597964161479
576.9974976,0.002074592281,0.00534920728927677
577.2260742,0.001695025596,0.00488286611854446
577.4546509,0.001583388424,0.00474570705916145
577.6832886,0.001382441376,0.00449882058223178
577.9119263,0.002163902158,0.00545893470805205
578.140564,-1.581527758E-4,0.00260602411519261
578.3692017,5.11670718E-4,0.00342897903886485
578.5979004,6.679628859E-4,0.00362100187815797
578.8265381,0.001873645233,0.0051023208123471
579.0552368,9.805471636E-4,0.00400504748536171
579.2839966,0.00220855698,0.00551379827430609
579.5126953,0.002230884507,0.0055412301999524
579.7414551,2.214138804E-4,0.00307236525054082
579.9701538,1.990864403E-4,0.00304493343166112
580.1989136,0.00245415885,0.0058155483174898
580.4277344,0.001650370774,0.00482800255229042
580.6564941,0.001471751137,0.00460854785848777
580.8853149,0.001985282404,0.00523947987050149
581.1141357,0.001002874691,0.00403247941149947
581.3429565,0.001851317822,0.00507488902922008
581.5717773,0.001159166801,0.0042245021796558
581.8006592,0.00122614915,0.00430679767155615
582.029541,7.126178243E-4,0.00367586558742275
582.2584229,0.001159166801,0.0042245021796558
582.4873047,0.00220855698,0.00551379827430609
582.7161865,-2.474625653E-4,0.00249629680392111
582.9451294,0.002856053179,0.00630932155761633
583.1740723,0.001784335473,0.00499259353731973
583.4030151,0.002543468727,0.00592527573626507
583.631958,2.660687896E-4,0.00312722892393005
583.8609619,0.0030346727,0.00652877610889969
584.0899658,0.002029937459,0.00529434372302273
584.3189697,0.002588123549,0.00598013930251911
584.5479736,0.002052264754,0.00532177536363046
584.7769775,0.002119247103,0.00540407085553081
585.0060425,0.001494078548,0.00463597964161479
585.2351074,5.11670718E-4,0.00342897903886485
585.4641724,4.446883977E-4,0.00334668358222574
585.6932373,5.786531256E-4,0.00351127460276202
585.9223022,0.001114511862,0.00416963846965386
586.1514282,6.902903551E-4,0.00364843373279036
586.3805542,7.349452353E-4,0.00370329737054977
586.6096802,0.002364849206,0.00570582118498172
586.8388062,5.786531256E-4,0.00351127460276202
587.0679932,0.002096919809,0.0053766392161517
587.2971802,-2.474625653E-4,0.00249629680392111
587.5263672,0.001337786438,0.00444395687345845
587.7555542,0.001092184451,0.00414220668652684
587.9847412,0.001561060897,0.00471827513351514
588.2139893,0.001494078548,0.00463597964161479
588.4432373,0.001159166801,0.0042245021796558
588.6724854,-4.484096426E-4,0.00224941029099303
588.9017334,8.689099341E-4,0.00386788835533337
589.1310425,0.001315458911,0.00441652494781214
589.3602905,0.001315458911,0.00441652494781214
589.5895996,0.001583388424,0.00474570705916145
589.8189087,0.003994753119,0.0077083449285226
590.0482788,7.796001737E-4,0.00375816107981455
590.2775879,7.126178243E-4,0.00367586558742275
590.506958,0.003436566796,0.00702254906275902
590.7363281,-9.117042646E-5,0.00268831960751069
590.9656982,9.135648725E-4,0.00392275206459814
591.1951294,0.001516406075,0.0046634115672611
591.4244995,4.000334884E-4,0.00329181990871365
591.6539307,0.00122614915,0.00430679767155615
591.8833618,0.001516406075,0.0046634115672611
592.112854,7.349452353E-4,0.00370329737054977
592.3422852,6.009805365E-4,0.00353870638576618
592.5717773,0.001672698185,0.00485543433541744
592.8012695,0.002409504028,0.00576068475123576
593.0307617,2.883962297E-4,0.00315466074280976
593.2602539,0.002074592281,0.00534920728927677
593.4898071,6.009805365E-4,0.00353870638576618
593.7192993,8.689099341E-4,0.00386788835533337
593.9488525,0.001382441376,0.00449882058223178
594.1784058,-1.581527758E-4,0.00260602411519261
594.40802,0.001002874691,0.00403247941149947
594.6375732,9.358922835E-4,0.00395018384772516
594.8671875,-4.930645227E-4,0.00219454665335648
595.0968018,6.233080057E-4,0.00356613824039857
595.326416,0.001159166801,0.0042245021796558
595.5560913,0.001181494212,0.00425193396278282
595.7857056,-2.418807162E-5,0.00277061510658615
596.0153809,0.001895972644,0.00512975259547412
596.2450562,0.003324929625,0.00688539000460463
596.4747925,2.660687896E-4,0.00312722892393005
596.7044678,0.001337786438,0.00444395687345845
596.9342041,0.001248476561,0.00433422945468317
597.1639404,0.001449423726,0.00458111607536075
597.3936768,0.002230884507,0.0055412301999524
597.6234131,0.00379380607,0.00746145845036432
597.8532104,7.572727045E-4,0.00373072922518216
598.0829468,0.001002874691,0.00403247941149947
598.3127441,0.001203821739,0.00427936588842914
598.5426025,0.001873645233,0.0051023208123471
598.7723999,0.00113683939,0.00419707039652878
599.0022583,0.002498813905,0.00587041217001104
599.2320557,5.11670718E-4,0.00342897903886485
599.4619141,5.563256564E-4,0.00348384274812963
599.6918335,0.001717353123,0.00491029804419077
599.9216919,0.001784335473,0.00499259353731973
600.1516113,0.001315458911,0.00441652494781214
600.3814697,0.001337786438,0.00444395687345845
600.6113892,4.000334884E-4,0.00329181990871365
600.8413696,6.009805365E-4,0.00353870638576618
601.0712891,-1.581527758E-4,0.00260602411519261
601.3012695,-4.707370827E-4,0.00222197847211333
601.53125,0.001337786438,0.00444395687345845
601.7612305,0.001873645233,0.0051023208123471
601.9912109,-7.609939203E-4,0.0018653646837893
602.2211914,9.135648725E-4,0.00392275206459814
602.4512329,2.883962297E-4,0.00315466074280976
602.6812744,0.001851317822,0.00507488902922008
602.9113159,0.001695025596,0.00488286611854446
603.1413574,-2.921174746E-4,0.00244143313040901
603.37146,-2.474625653E-4,0.00249629680392111
603.6015625,0.001047529513,0.00408734297775351
603.831665,-6.270292215E-4,0.00202995566857289
604.0617676,9.135648725E-4,0.00392275206459814
604.2918701,3.107236989E-4,0.00318209259744215
604.5220337,6.009805365E-4,0.00353870638576618
604.7521362,0.001784335473,0.00499259353731973
604.9822998,0.002186229452,0.00548636634743116
605.2125244,1.767589856E-4,0.00301750159484364
605.442688,0.001047529513,0.00408734297775351
605.6729126,0.002007609932,0.00526691179737642
605.9030762,1.54431531E-4,0.00299006975814903
606.1333008,-3.367723839E-4,0.00238656945689692
606.3635864,0.001695025596,0.00488286611854446
606.593811,6.512173422E-5,0.00288034243793321
606.8240967,0.002677433426,0.00608986672129439
607.0543213,-1.581527758E-4,0.00260602411519261
607.2846069,1.321040763E-4,0.00296263792133155
607.5149536,6.679628859E-4,0.00362100187815797
607.7452393,0.001315458911,0.00441652494781214
607.9755859,0.00220855698,0.00551379827430609
608.2058716,0.001159166801,0.0042245021796558
608.4362183,0.00196295511,0.00521204823112238
608.666626,0.00106985704,0.00411477490339982
608.8969727,-6.047018105E-4,0.00205738745169991
609.1273804,-1.581527758E-4,0.00260602411519261
609.3577881,-7.386665093E-4,0.00189279646691632
609.5881958,0.001203821739,0.00427936588842914
609.8186035,0.0012931315,0.00438909316468512
610.0490112,-3.59099824E-4,0.00235913763801722
610.27948,0.001092184451,0.00414220668652684
610.5099487,7.349452353E-4,0.00370329737054977
610.7404175,9.358922835E-4,0.00395018384772516
610.9708862,0.0012931315,0.00438909316468512
611.201416,0.002342521679,0.00567838925933541
611.4318848,0.001494078548,0.00463597964161479
611.6624146,4.223609285E-4,0.00331925172759335
611.8929443,0.001025202102,0.00405991119462649
612.1234741,0.001873645233,0.0051023208123471
612.3540649,5.339981872E-4,0.00345641089349724
612.5846558,-4.037547333E-4,0.00230427396450512
612.8152466,0.001605715835,0.00477313884228847
613.0458374,-0.001430817414,0.00104240976023991
613.2764282,0.001583388424,0.00474570705916145
613.507019,2.43741335E-4,0.00309979708723544
613.7376709,0.001047529513,0.00408734297775351
613.9683228,4.223609285E-4,0.00331925172759335
614.1989746,0.001315458911,0.00441652494781214
614.4296265,0.00196295511,0.00521204823112238
614.6603394,0.003235619748,0.00677566258582936
614.8909912,0.001784335473,0.00499259353731973
615.1217041,3.33051139E-4,0.00320952441632185
615.352417,6.902903551E-4,0.00364843373279036
615.5831909,0.001114511862,0.00416963846965386
615.8139038,9.582197526E-4,0.00397761570223469
616.0446777,0.001315458911,0.00441652494781214
616.2754517,3.553785791E-4,0.00323695623520156
616.5062256,0.001360113849,0.00447138865658547
616.7369995,9.135648725E-4,0.00392275206459814
616.9678345,0.001695025596,0.00488286611854446
617.1986084,8.242550539E-4,0.00381302471757396
617.4294434,0.002052264754,0.00532177536363046
617.6602783,7.572727045E-4,0.00373072922518216
617.8911133,8.912374033E-4,0.00389532020996575
618.1220093,0.001427096198,0.00455368414848582
618.3529053,0.001002874691,0.00403247941149947
618.5837402,-5.153919919E-4,0.00216711479872409
618.8146362,9.582197526E-4,0.00397761570223469
619.0455933,3.553785791E-4,0.00323695623520156
619.2764893,3.33051139E-4,0.00320952441632185
619.5074463,6.233080057E-4,0.00356613824039857
619.7384033,0.002588123549,0.00598013930251911
619.9693604,0.001672698185,0.00485543433541744
620.2003174,0.001717353123,0.00491029804419077
620.4312744,6.456354749E-4,0.00359357009503095
620.6622925,1.54431531E-4,0.00299006975814903
620.8933105,4.223609285E-4,0.00331925172759335
621.1243286,-8.503037388E-4,0.00175563733688797
621.3553467,-4.037547333E-4,0.00230427396450512
621.5864258,0.001762007945,0.00496516161044481
621.8174438,0.001471751137,0.00460854785848777
622.0485229,0.001851317822,0.00507488902922008
622.2796021,4.223609285E-4,0.00331925172759335
622.5106812,-3.367723839E-4,0.00238656945689692
622.7418213,0.001114511862,0.00416963846965386
622.9729004,0.002565796254,0.00595270766191139
623.2040405,0.001695025596,0.00488286611854446
623.4351807,0.001985282404,0.00523947987050149
623.6663208,8.689099341E-4,0.00386788835533337
623.897522,0.002588123549,0.00598013930251911
624.1286621,-5.377194611E-4,0.00213968294409171
624.3598633,0.002074592281,0.00534920728927677
624.5910645,-9.396135574E-4,0.00164590998986379
624.8222656,0.001047529513,0.00408734297775351
625.0535278,0.002320194151,0.00565095733246048
625.284729,0.003369584447,0.00694025357085867
625.5159912,-2.028076706E-4,0.00255116045949543
625.7472534,0.002029937459,0.00529434372302273
625.9785156,6.679628859E-4,0.00362100187815797
626.2097778,5.786531256E-4,0.00351127460276202
626.4411011,0.001047529513,0.00408734297775351
626.6724243,8.689099341E-4,0.00386788835533337
626.9036865,0.001717353123,0.00491029804419077
627.1350708,2.43741335E-4,0.00309979708723544
627.366394,0.00245415885,0.0058155483174898
627.5977173,0.002766743302,0.00619959413884105
627.8291016,-6.940115709E-4,0.00194766017618109
628.0604858,0.001159166801,0.0042245021796558
628.2918701,7.796001737E-4,0.00375816107981455
628.5232544,-3.59099824E-4,0.00235913763801722
628.7546997,1.767589856E-4,0.00301750159484364
628.986084,0.001851317822,0.00507488902922008
629.2175293,4.446883977E-4,0.00334668358222574
629.4489746,7.126178243E-4,0.00367586558742275
629.6804199,0.001382441376,0.00449882058223178
629.9119263,-7.163390401E-4,0.0019202283215487
630.1433716,-0.001028923318,0.00153618271409925
630.3748779,4.000334884E-4,0.00329181990871365
630.6063843,1.767589856E-4,0.00301750159484364
630.8378906,0.00113683939,0.00419707039652878
631.069458,0.001025202102,0.00405991119462649
631.3009644,0.001427096198,0.00455368414848582
631.5325317,0.002007609932,0.00526691179737642
631.7640991,0.001404768787,0.0045262523653588
631.9956665,0.001181494212,0.00425193396278282
632.2272949,0.001918300171,0.00515718452112044
632.4588623,2.43741335E-4,0.00309979708723544
632.6904907,-0.001140560606,0.00139902351219695
632.9221191,8.019275847E-4,0.00378559286294157
633.1537476,-7.386665093E-4,0.00189279646691632
633.385376,0.001159166801,0.0042245021796558
633.6170654,-2.921174746E-4,0.00244143313040901
633.8486938,0.001270804089,0.0043616613815581
634.0803833,8.744918159E-5,0.00290777426574494
634.3120728,0.00245415885,0.0058155483174898
634.5437622,1.321040763E-4,0.00296263792133155
634.7755127,0.001360113849,0.00447138865658547
635.0072021,-1.134978738E-4,0.00266088777973581
635.2389526,-3.814272932E-4,0.00233170578338483
635.4707031,-2.251351252E-4,0.00252372862280081
635.7024536,0.0012931315,0.00438909316468512
635.9342651,-2.921174746E-4,0.00244143313040901
636.1660156,-1.581527758E-4,0.00260602411519261
636.3978271,-2.697900345E-4,0.00246886494928872
636.6296387,-5.823743413E-4,0.0020848193063323
636.8614502,-4.707370827E-4,0.00222197847211333
637.0932617,8.744918159E-5,0.00290777426574494
637.3251343,0.001538733486,0.00469084335038812
637.5570068,7.796001737E-4,0.00375816107981455
637.7888184,4.223609285E-4,0.00331925172759335
638.020752,9.582197526E-4,0.00397761570223469
638.2526245,-6.270292215E-4,0.00202995566857289
638.4844971,7.126178243E-4,0.00367586558742275
638.7164307,-7.163390401E-4,0.0019202283215487
638.9483643,0.001047529513,0.00408734297775351
639.1802979,4.279427958E-5,0.00285291060118945
639.4122314,2.214138804E-4,0.00307236525054082
639.644165,0.00106985704,0.00411477490339982
639.8761597,4.279427958E-5,0.00285291060118945
640.1081543,-6.940115709E-4,0.00194766017618109
640.3400879,5.563256564E-4,0.00348384274812963
640.5721436,-9.172860882E-4,0.00167334184449617
640.8041382,4.670158378E-4,0.00337411540110544
641.0361328,0.001248476561,0.00433422945468317
641.2681885,0.00106985704,0.00411477490339982
641.5002441,0.001494078548,0.00463597964161479
641.7322998,5.11670718E-4,0.00342897903886485
641.9643555,8.465825231E-4,0.00384045657220635
642.1964722,9.582197526E-4,0.00397761570223469
642.4285278,-1.860620841E-6,0.00279804693858623
642.6606445,0.001203821739,0.00427936588842914
642.8927612,-5.153919919E-4,0.00216711479872409
643.1248779,0.001583388424,0.00474570705916145
643.3569946,2.214138804E-4,0.00307236525054082
643.5891724,8.744918159E-5,0.00290777426574494
643.8213501,0.001203821739,0.00427936588842914
644.0535278,6.456354749E-4,0.00359357009503095
644.2857056,6.456354749E-4,0.00359357009503095
644.5178833,4.446883977E-4,0.00334668358222574
644.750061,2.43741335E-4,0.00309979708723544
644.9822998,0.001828990295,0.00504745710357377
645.2145386,7.126178243E-4,0.00367586558742275
645.4467773,4.89343307E-4,0.00340154725573783
645.6790161,0.001828990295,0.00504745710357377
645.9112549,0.002052264754,0.00532177536363046
646.1435547,0.001940627582,0.00518461630424746
646.3758545,9.135648725E-4,0.00392275206459814
646.6080933,8.744918159E-5,0.00290777426574494
646.8404541,0.001404768787,0.0045262523653588
647.0727539,0.001717353123,0.00491029804419077
647.3050537,0.001717353123,0.00491029804419077
647.5374146,7.800786989E-4,0.00375874900286157
647.7697754,0.001198816113,0.00427321590324514
648.0021362,0.001090240432,0.00413981823640144
648.2344971,0.001482979511,0.00462234320271452
648.4668579,-2.885225986E-4,0.00244584984754655
648.6992798,-1.57859613E-4,0.00260638429928876
648.9317017,2.464854042E-4,0.00310316849071701
649.1641235,0.001470153336,0.00460658477685183
649.3965454,6.419312558E-4,0.00358901903736439
649.6289673,0.002231868217,0.00554243880042023
649.8613892,3.083323245E-4,0.00317915451994107
650.0938721,9.992615087E-4,0.00402804020297448
650.326355,-2.38542314E-4,0.00250725635490085
650.5588379,6.091416581E-4,0.00354873325891347
650.7913208,4.441665369E-4,0.00334604241642788
651.0238037,0.001513574971,0.00465993323155357
651.2563477,0.001257502241,0.00434531853690296
651.4888916,7.680892595E-4,0.00374401860257309
651.7214355,0.001501884777,0.00464557048853241
651.9539795,3.954550484E-4,0.00328619477048602
652.1865234,-2.599520085E-4,0.00248095209166407
652.4190674,0.001990205608,0.00524552859081296
652.6516724,7.640632102E-4,0.0037390721396242
652.8842773,0.001098714536,0.0041502296442948
653.1168823,7.321285666E-4,0.00369983677026257
653.3494873,9.258948558E-5,0.0029140897182737
653.5820923,-9.400480194E-4,0.00164537620350759
653.8147583,0.002656084485,0.00606363710069469
654.0474243,6.571431877E-4,0.00360770863898563
654.2800293,0.001784603926,0.00499292336259485
654.5127563,-0.001476022415,9.86870236034051E-4
654.7454224,2.12376126E-5,0.002826425765418
654.9780884,-2.74087186E-4,0.0024635854062189
655.2108154,8.295401931E-4,0.00381951811675627
655.4435425,2.196279966E-4,0.00307017108763086
655.6762085,0.001035230001,0.00407223161774172
655.9089966,-0.001296724891,0.00120715779170181
656.1417236,0.001608664752,0.00477676192476783
656.3744507,2.670340764E-4,0.00312841488938539
656.6072388,-9.569282993E-4,0.00162463684517625
656.8400269,-2.917702659E-4,0.00244185971608696
657.0728149,4.227386089E-4,0.00331971575124679
657.305603,6.022645393E-4,0.00354028393035225
657.5384521,0.002322787186,0.00565414317311889
657.7712402,-5.825210246E-4,0.00208463908908839
658.0040894,0.001427096198,0.00455368414848582
658.2369385,0.001494078548,0.00463597964161479
658.4697876,6.902903551E-4,0.00364843373279036
658.7026367,-2.697900345E-4,0.00246886494928872
658.9354858,0.001047529513,0.00408734297775351
659.168396,0.001895972644,0.00512975259547412
659.4013062,0.001449423726,0.00458111607536075
659.6342163,-6.493566907E-4,0.0020025238139405
659.8671265,2.660687896E-4,0.00312722892393005
660.1000366,-0.001363835065,0.00112470525214026
660.3330078,-3.814272932E-4,0.00233170578338483
660.565918,-1.358253212E-4,0.00263345595188722
660.7988892,2.660687896E-4,0.00312722892393005
661.0318604,-3.814272932E-4,0.00233170578338483
661.2648315,0.001985282404,0.00523947987050149
661.4978638,8.019275847E-4,0.00378559286294157
661.730835,6.456354749E-4,0.00359357009503095
661.9638672,0.001002874691,0.00403247941149947
662.1968994,0.00122614915,0.00430679767155615
662.4299316,-6.884297181E-5,0.00271575144426673
662.6629639,0.001025202102,0.00405991119462649
662.8960571,2.43741335E-4,0.00309979708723544
663.1290894,0.001427096198,0.00455368414848582
663.3621826,-2.418807162E-5,0.00277061510658615
663.5952759,0.001583388424,0.00474570705916145
663.8283691,8.465825231E-4,0.00384045657220635
664.0614624,0.001315458911,0.00441652494781214
664.2946167,6.512173422E-5,0.00288034243793321
664.52771,2.046683039E-5,0.00282547877114164
664.7608643,8.242550539E-4,0.00381302471757396
664.9940186,-6.047018105E-4,0.00205738745169991
665.2271729,7.349452353E-4,0.00370329737054977
665.4603882,0.001739680534,0.00493772982731779
665.6935425,-1.358253212E-4,0.00263345595188722
665.9267578,0.001583388424,0.00474570705916145
666.1599731,-2.418807162E-5,0.00277061510658615
666.3931885,0.001873645233,0.0051023208123471
666.6264038,-0.001185215544,0.00134415980342362
666.8596191,0.001382441376,0.00449882058223178
667.0928955,0.001404768787,0.0045262523653588
667.3261108,-2.028076706E-4,0.00255116045949543
667.5593872,1.54431531E-4,0.00299006975814903
667.7926636,7.796001737E-4,0.00375816107981455
668.0259399,4.000334884E-4,0.00329181990871365
668.2592773,-5.823743413E-4,0.0020848193063323
668.4925537,0.001739680534,0.00493772982731779
668.7258911,-4.484096426E-4,0.00224941029099303
668.9592285,-6.716841599E-4,0.00197509195930811
669.1925659,0.001985282404,0.00523947987050149
669.4259033,0.001002874691,0.00403247941149947
669.6593018,0.002431831555,0.00578811667688207
669.8926392,-1.134978738E-4,0.00266088777973581
670.1260376,-5.377194611E-4,0.00213968294409171
670.359436,-5.377194611E-4,0.00213968294409171
670.5928345,6.233080057E-4,0.00356613824039857
670.8262329,8.912374033E-4,0.00389532020996575
671.0596924,3.33051139E-4,0.00320952441632185
671.2930908,0.001337786438,0.00444395687345845
671.5265503,-1.134978738E-4,0.00266088777973581
671.7600098,0.001337786438,0.00444395687345845
671.9934692,0.002632778604,0.00603500315504035
672.2269287,8.689099341E-4,0.00386788835533337
672.4604492,8.912374033E-4,0.00389532020996575
672.6939697,-5.600468721E-4,0.00211225116096469
672.9274292,8.744918159E-5,0.00290777426574494
673.1609497,-8.94958619E-4,0.00170077369912856
673.3944702,-8.279762696E-4,0.00178306919152036
673.6280518,2.43741335E-4,0.00309979708723544
673.8615723,0.00113683939,0.00419707039652878
674.0951538,2.43741335E-4,0.00309979708723544
674.3287354,4.670158378E-4,0.00337411540110544
674.5622559,4.89343307E-4,0.00340154725573783
674.7958984,8.465825231E-4,0.00384045657220635
675.02948,5.339981872E-4,0.00345641089349724
675.2630615,0.00106985704,0.00411477490339982
675.4967041,8.912374033E-4,0.00389532020996575
675.7303467,0.00113683939,0.00419707039652878
675.9639893,-4.037547333E-4,0.00230427396450512
676.1976318,-3.367723839E-4,0.00238656945689692
676.4312744,-2.697900345E-4,0.00246886494928872
676.664978,0.001404768787,0.0045262523653588
676.8986206,-2.028076706E-4,0.00255116045949543
677.1323242,0.001092184451,0.00414220668652684
677.3660278,-0.002167623257,1.37159344421591E-4
677.5997314,4.279427958E-5,0.00285291060118945
677.8334961,2.660687896E-4,0.00312722892393005
678.0671997,7.572727045E-4,0.00373072922518216
678.3009644,-1.358253212E-4,0.00263345595188722
678.534668,5.563256564E-4,0.00348384274812963
678.7684326,-0.001475472352,9.87546051466579E-4
679.0021973,1.321040763E-4,0.00296263792133155
679.2360229,-0.001274525304,0.00123443252839625
679.4697876,4.279427958E-5,0.00285291060118945
679.7036133,-2.697900345E-4,0.00246886494928872
679.937439,2.660687896E-4,0.00312722892393005
680.1712646,-2.697900345E-4,0.00246886494928872
680.4050903,6.233080057E-4,0.00356613824039857
680.638916,4.446883977E-4,0.00334668358222574
680.8727417,-0.001564782113,8.77818775210594E-4
681.1066284,5.786531256E-4,0.00351127460276202
681.3405151,0.00122614915,0.00430679767155615
681.5744019,7.796001737E-4,0.00375816107981455
681.8082886,9.582197526E-4,0.00397761570223469
682.0421753,7.796001737E-4,0.00375816107981455
682.276123,0.00113683939,0.00419707039652878
682.5100098,-4.484096426E-4,0.00224941029099303
682.7439575,-1.804802305E-4,0.00257859227837513
682.9779053,-0.001765729277,6.30932155761633E-4
683.211853,5.11670718E-4,0.00342897903886485
683.4458008,7.126178243E-4,0.00367586558742275
683.6798096,9.805471636E-4,0.00400504748536171
683.9137573,-1.358253212E-4,0.00263345595188722
684.1477661,0.001605715835,0.00477313884228847
684.3817749,-0.001028923318,0.00153618271409925
684.6157837,8.242550539E-4,0.00381302471757396
684.8497925,-4.037547333E-4,0.00230427396450512
685.0838623,-2.474625653E-4,0.00249629680392111
685.3178711,-7.163390401E-4,0.0019202283215487
685.5519409,0.00106985704,0.00411477490339982
685.7860107,7.796001737E-4,0.00375816107981455
686.0200806,1.321040763E-4,0.00296263792133155
686.2541504,-0.002279260661,0
686.4882202,8.744918159E-5,0.00290777426574494
686.7223511,-6.493566907E-4,0.0020025238139405
686.9564209,2.214138804E-4,0.00307236525054082
687.1905518,-1.804802305E-4,0.00257859227837513
687.4246826,0.001270804089,0.0043616613815581
687.6588135,6.679628859E-4,0.00362100187815797
687.8930054,5.339981872E-4,0.00345641089349724
688.1271362,-0.001073578256,0.00148131900532592
688.3613281,0.001605715835,0.00477313884228847
688.59552,-2.251351252E-4,0.00252372862280081
688.8297119,6.512173422E-5,0.00288034243793321
689.0639038,6.009805365E-4,0.00353870638576618
689.2980957,5.786531256E-4,0.00351127460276202
689.5323486,-6.270292215E-4,0.00202995566857289
689.7665405,1.321040763E-4,0.00296263792133155
690.0007935,-6.716841599E-4,0.00197509195930811
690.2350464,0.002119247103,0.00540407085553081
690.4692993,4.446883977E-4,0.00334668358222574
690.7035522,0.002163902158,0.00545893470805205
690.9378662,-9.117042646E-5,0.00268831960751069
691.1721191,8.019275847E-4,0.00378559286294157
691.4064331,0.002766743302,0.00619959413884105
691.6407471,8.744918159E-5,0.00290777426574494
691.875061,0.001203821739,0.00427936588842914
692.109375,0.001895972644,0.00512975259547412
692.343689,0.001047529513,0.00408734297775351
692.578064,-1.860620841E-6,0.00279804693858623
692.812439,2.43741335E-4,0.00309979708723544
693.0467529,-4.037547333E-4,0.00230427396450512
693.2811279,0.001650370774,0.00482800255229042
693.515564,4.279427958E-5,0.00285291060118945
693.749939,-2.921174746E-4,0.00244143313040901
693.984314,6.456354749E-4,0.00359357009503095
694.21875,-8.279762696E-4,0.00178306919152036
694.453186,-4.037547333E-4,0.00230427396450512
694.6876221,0.002409504028,0.00576068475123576
694.9220581,5.786531256E-4,0.00351127460276202
695.1564941,-2.028076706E-4,0.00255116045949543
695.3909302,7.349452353E-4,0.00370329737054977
695.6254272,-0.001765729277,6.30932155761633E-4
695.8599243,-2.251351252E-4,0.00252372862280081
696.0944214,9.582197526E-4,0.00397761570223469
696.3289185,-4.484096426E-4,0.00224941029099303
696.5634155,9.135648725E-4,0.00392275206459814
696.7979126,-0.001095905667,0.0014538872221989
697.0324707,0.003302602097,0.00685795807772971
697.2669678,-7.163390401E-4,0.0019202283215487
697.5015259,9.805471636E-4,0.00400504748536171
697.736084,-8.279762696E-4,0.00178306919152036
697.9706421,8.242550539E-4,0.00381302471757396
698.2052612,-5.823743413E-4,0.0020848193063323
698.4398193,-0.001006595907,0.00156361449722627
698.6744385,-3.814272932E-4,0.00233170578338483
698.9089966,-1.134978738E-4,0.00266088777973581
699.1436157,8.242550539E-4,0.00381302471757396
699.3782349,8.465825231E-4,0.00384045657220635
699.612854,-5.600468721E-4,0.00211225116096469
699.8475342,-2.921174746E-4,0.00244143313040901
700.0821533,-2.418807162E-5,0.00277061510658615
