400.1708374,-3.25763505693709E-4,5.92356618800455E-4
400.3862915,-9.22343602585123E-5,8.53570245464537E-4
400.6017761,1.23174187001764E-4,0.00109451510799739
400.8172913,3.20462136087121E-4,0.00131519120639901
401.0328369,4.99629486997557E-4,0.00151559854066941
401.2483826,6.60676239733073E-4,0.00169573711080857
401.4639587,8.03602394293669E-4,0.00185560691681651
401.6795349,9.28407950679345E-4,0.00199520795869322
401.8951416,0.0010350929088901,0.0021145402364387
402.1107788,0.00112365726892594,0.00221360375005295
402.326416,0.00119410103078685,0.00229239849953597
402.5420837,0.00124642419447285,0.00235092448488777
402.7577515,0.00128062675998392,0.00238918170610833
402.9734802,0.00121819186166329,0.0023193452572559
403.1891785,0.00113362951350501,0.00222475818719023
403.4049377,9.85183425419363E-4,0.00205871406896814
403.620697,8.2663010592914E-4,0.0018813645243257
403.8364868,8.69089139709141E-4,0.00192885700402308
404.0522766,8.2818741033745E-4,0.00188310644451111
404.2680969,8.57667538958416E-4,0.00191608139201608
404.4839478,0.00100898962789281,0.00208534245607417
404.6997986,0.00117061848506199,0.00226613213813314
404.9156799,0.00133915322313934,0.0024546463814839
405.1315918,0.00152567275538187,0.00266327748562281
405.3475037,0.0014010155246372,0.00252384235313844
405.563446,0.00142118225929961,0.00254639981974212
405.7793884,0.00134565568671956,0.00246191970101271
405.9953613,0.00141095791548526,0.0025349633974359
406.2113647,0.00141299237363395,0.00253723903712244
406.4273682,0.00134814562725322,0.0024647048197428
406.6434021,0.00128237057617111,0.00239113224872537
406.8594666,0.00134914333099067,0.00246582079955385
407.075531,0.00112805968818723,0.00221852806859655
407.291626,0.00124348160987096,0.00234763306190845
407.5077515,0.00127298776537157,0.00238063712173519
407.723877,0.0010062524233326,0.0020822807605896
407.940033,9.41449055457972E-4,0.00200979506416386
408.156189,8.18709157672174E-4,0.00187250456118506
408.3723755,6.85176653979884E-4,0.0017231420073077
408.5885925,5.24011949105217E-4,0.0015428715020048
408.8048096,3.21442318407053E-4,0.00131628758765842
409.0210571,3.45881859816058E-4,0.00134362439494882
409.2373352,2.82366837393044E-4,0.00127257977512697
409.4536133,2.29180272135942E-4,0.00121308803342285
409.6699219,4.71497766645527E-4,0.00148413185293003
409.8862305,5.61131077672406E-4,0.00158439103984911
410.1025696,3.30300260666126E-4,0.00132619562383935
410.3189392,3.66976910606763E-4,0.00136722022797187
410.5353088,5.17687361273991E-4,0.00153579714509114
410.751709,7.04601630866338E-4,0.00174486978201831
410.9681396,5.08655917725276E-4,0.00152569503933909
411.1845703,6.7312607972029E-4,0.0017096628580569
411.4010315,5.84624956682995E-4,0.00161067007807933
411.6174927,7.6563973264572E-4,0.00181314384648582
411.8340149,8.40493932333507E-4,0.00189687188366527
412.0505066,8.44636588118995E-4,0.00190150564421679
412.2670593,9.45327113393256E-4,0.00201413285924208
412.4836121,0.00111159748553118,0.00220011429993975
412.7001648,9.99164349892506E-4,0.00207435240815249
412.9167786,9.07856623001559E-4,0.00197222030622923
413.1333618,9.84398258427154E-4,0.00205783582177039
413.3500061,9.87955308808941E-4,0.00206181455439805
413.5666504,9.39505698890362E-4,0.0020076213259952
413.7833252,0.00110709044692034,0.00219507295960144
414,0.00107194940169115,0.00215576600349549
414.2167053,0.00112651974965974,0.00221680557298747
414.4334412,0.00109277983174317,0.00217906584544335
414.650177,0.00126124082968966,0.00236749760689672
414.8669434,0.00126313214599556,0.00236961313551954
415.0837097,0.00122969153830732,0.00233220820091998
415.3005371,0.00126123215640344,0.00236748790540723
415.517334,0.00147769162368576,0.00260960827273534
415.7341919,0.00164296429195946,0.00279447373348017
415.9510498,0.00171266077392014,0.00287243261430743
416.1679077,0.00162190829297755,0.00277092158179113
416.3847961,0.00190134923801866,0.00308348977346844
416.6017151,0.00195532529751844,0.00314386460260893
416.8186646,0.00206482602102647,0.00326634644981721
417.035614,0.002070361137368,0.00327253774474481
417.252594,0.00198820196977592,0.00318063874819585
417.469574,0.00182387495759072,0.00299683104945326
417.6865845,0.00154859402745809,0.00268891603534483
417.903595,0.00141180378972429,0.00253590954862087
418.1206665,0.00131356849844592,0.00242602863138716
418.3377075,0.00130509665474535,0.00241655246508923
418.5548096,0.00147904939795983,0.00261112700882998
418.7719116,0.00148427219351673,0.00261696895787749
418.9890442,0.00155386456479753,0.00269481138588165
419.2061768,0.0014274982146002,0.00255346452075338
419.4233398,0.00136851626145398,0.00248749035782677
419.6405029,0.00132426135540001,0.00243798910826542
419.8577271,0.00129459903853193,0.00240481037440789
420.0749207,0.00105902692680801,0.00214131159129178
420.2921753,0.00112117551537361,0.00221082778885684
420.5094299,0.00124664826945145,0.00235117512357228
420.7266846,0.00136291607035624,0.00248122627364178
420.9439697,0.00135059653355828,0.00246744627680318
421.1612854,0.00135427503815604,0.00247156086183664
421.3786316,0.00127735167129176,0.0023855183612469
421.5959778,0.00130341790052149,0.00241467469742012
421.8133545,0.00114877733814592,0.00224170176056371
422.0307312,9.18332582254908E-4,0.00198393817255488
422.2481384,7.35699775169672E-4,0.00177965455820057
422.4655457,6.02592377392377E-4,0.00163076750581817
422.6829834,3.66256799125019E-4,0.0013664147485042
422.9004517,2.30160614003772E-4,0.00121418459314429
423.1179504,4.55707924376613E-4,0.00146647015183559
423.3354492,2.81716146435424E-4,0.00127185194586797
423.552948,5.09345635732284E-4,0.00152646652223752
423.7704773,6.73121735748159E-4,0.0017096579991143
423.9880371,7.57801204836903E-4,0.00180437607459665
424.2056274,9.44268680584391E-4,0.00201294895103195
424.4232178,0.00101296311979599,0.00208978699865414
424.6408081,0.00120368170500949,0.00230311494632003
424.8584595,0.00135446156391869,0.00247176949990978
425.0761108,0.00148802010477801,0.00262116117761585
425.2937622,0.00174285233459617,0.00290620333292219
425.5114441,0.00193972635159869,0.00312641642829971
425.7291565,0.00209686551879691,0.00330218417531188
425.9468689,0.002153327171852,0.00336533926087726
426.1646118,0.00213935056887813,0.00334970575549854
426.3823853,0.00207647320993407,0.00327937439307168
426.6001587,0.00202035858334093,0.00321660747336246
426.8179626,0.0018686547561565,0.00304691941663696
427.0357666,0.00174378930321972,0.00290725137757534
427.2536011,0.00152707389065546,0.00266484472308937
427.4714661,0.00112644166579373,0.00221671823241255
427.6893311,0.00107131173578938,0.00215505274339045
427.9072266,8.75691362201773E-4,0.00193624190871294
428.1251221,7.68528734904835E-4,0.00181637533502716
428.3430481,8.09712428884478E-4,0.00186244128556964
428.5610046,6.03737568283038E-4,0.00163204845713247
428.7789612,8.35956513059415E-4,0.00189179656108798
428.9969482,9.97060489250304E-4,0.0020719991384254
429.2149658,0.00105073723539945,0.00213203917112889
429.4329834,0.00105785133465832,0.00213999663470113
429.651001,8.55424853838719E-4,0.00191357284040686
429.8690796,0.00101272885941276,0.00208952496710268
430.0871277,9.46285779610197E-4,0.00201520517370125
430.3052368,8.94296472759386E-4,0.00195705262334208
430.5233459,9.36985399204342E-4,0.0020048022490871
430.7414856,9.62214422592197E-4,0.00203302213009618
430.9596252,9.41783075310545E-4,0.00201016868149931
431.1777954,0.00108622097390868,0.00217172944621777
431.3959961,0.00106188554676627,0.00214450909576241
431.6141968,9.51768838275328E-4,0.00202133823960384
431.8323975,0.00110051423986892,0.0021877171544389
432.0506592,0.00107282131252882,0.00215674127787338
432.2689209,0.00101519277073816,0.00209228097090635
432.4871826,0.00104485943333038,0.00212546456566619
432.7054749,8.55667777518184E-4,0.00191384456227351
432.9237976,8.90722075511614E-4,0.00195305448740711
433.1421509,0.00115818616549519,0.00225222598832114
433.3604736,0.00121337248288417,0.00231395454935598
433.5788574,0.00130184758140562,0.00241291821965581
433.7972412,0.001425858470372,0.00255163038764828
434.0156555,0.00141085379839036,0.00253484693743727
434.2340698,0.0014305693953245,0.00255689978470573
434.4525146,0.00131876524906381,0.00243184144791264
434.67099,0.00113269251355558,0.00222371010749757
434.8894653,8.82024625415478E-4,0.00194332596946085
435.1079712,9.34013945855576E-4,0.00200147853502028
435.3264771,9.7246044632887E-4,0.00204448280244247
435.5450134,0.00111020502205615,0.00219855676229865
435.7635803,0.00112478891790765,0.00221486955408814
435.9821472,0.00123505745666987,0.00233821023973725
436.2007446,0.00114843895945072,0.00224132326765228
436.419342,0.0014288342343287,0.00255495892333823
436.63797,0.00146004084394862,0.00258986502321505
436.8565979,0.00173240673668456,0.00289451942722347
437.0752869,0.00191503954620251,0.00309880304429889
437.2939453,0.00180873148529453,0.00297989234438754
437.5126648,0.00191425873858673,0.00309792967327419
437.7313843,0.00185047477665724,0.00302658423162683
437.9501038,0.00171367152737751,0.0028735631908604
438.1688538,0.00168967012986041,0.00284671646867176
438.3876343,0.00187483189864417,0.00305382884881348
438.6064148,0.00171080420606725,0.00287035595350736
438.8252258,0.00166292719117876,0.00281680320029719
439.0440674,0.00154935320324707,0.00268976521012662
439.2629089,0.0012382675397207,0.00234180087264962
439.481781,0.00110317772989055,0.00219069639665228
439.7006531,9.71892227061372E-4,0.00204384722175156
439.9195557,8.33536013625353E-4,0.00188908911558121
440.1384583,8.02806573702686E-4,0.00185471675305405
440.3574219,8.18362159416889E-4,0.00187211642687943
440.576355,7.89068555093411E-4,0.00183935011580875
440.7953491,9.10524439966692E-4,0.00197520438833787
441.0143127,8.246303585016E-4,0.00187912771025701
441.2333374,0.00110126036441937,0.00218855173078012
441.4523621,0.00111410043764788,0.00220291397275382
441.6714172,0.00120487026148588,0.00230444440413616
441.8904724,0.00139189732731211,0.00251364320909804
442.1095581,0.00159750780194619,0.00274362845423394
442.3286438,0.00146172394321661,0.00259174765102585
442.54776,0.00143264289910495,0.00255921909881697
442.7669067,0.0015594690759817,0.00270108030229192
442.9860535,0.0016323972676767,0.00278265400652145
443.2052307,0.0017714085024159,0.00293814478565143
443.424408,0.00175738852385224,0.00292246276258086
443.6436157,0.00169224679648172,0.00284959859471904
443.862854,0.00175927115735392,0.00292456857906786
444.0820923,0.00171277358202007,0.0028725587956149
444.3013611,0.00166540409006766,0.00281957373131782
444.5206299,0.00152643189633236,0.00266412662143605
444.7399292,0.00175664673563185,0.00292163303663422
444.9592285,0.0018036431715942,0.00297420081979094
445.1785889,0.00197249457755334,0.00316306927145988
445.3979187,0.00198795038500123,0.00318035733847593
445.6172791,0.00188154688927751,0.00306133989011447
445.8366699,0.00186891502284583,0.00304721053749767
446.0560913,0.00200096396376393,0.00319491365476848
446.2755127,0.00199896419969287,0.0031926768220832
446.4949341,0.00220637489172506,0.00342467569731426
446.7144165,0.00201023397156912,0.00320528260616204
446.9338989,0.0019898807078553,0.00318251649780658
447.1533813,0.00223940340804236,0.00346161968781487
447.3728943,0.00236640308753239,0.00360367496234151
447.5924072,0.00233058967520514,0.00356361593116669
447.8119812,0.00244082785381596,0.00368692265752032
448.0315247,0.00245594530912669,0.00370383226133139
448.2511292,0.00247750015390195,0.00372794239613035
448.4707336,0.00254488889283134,0.00380331995493254
448.6903381,0.00244789856296931,0.00369483158716417
448.9099731,0.00233979461955173,0.00357391210593979
449.1296387,0.00251012090429434,0.00376443028075229
449.3493042,0.00236189170713666,0.00359862876550713
449.5690002,0.00256258304178607,0.00382311171501706
449.7886963,0.00266887809414553,0.00394200786423869
450.0084229,0.00279081548944215,0.00407840072942922
450.2281799,0.00244981156912528,0.00369697137693173
450.447937,0.00246077335239127,0.00370923266087673
450.6677246,0.00237214642894174,0.00361009916706298
450.8875122,0.00224476068134676,0.00346761205671712
451.1073303,0.00229715775249316,0.00352622071113248
451.3271484,0.00225105491831616,0.00347465246472613
451.5470276,0.00240193889101297,0.00364342347461515
451.7668762,0.00243816874705374,0.00368394831819427
451.9867554,0.00231931124290986,0.00355100045999094
452.206665,0.00238431849539571,0.00362371421120025
452.4266052,0.00235201874858305,0.00358758538458401
452.6465454,0.0022583338760531,0.00348279433046738
452.8664856,0.00208202133865216,0.00328558024297084
453.0864563,0.00212330914077293,0.00333176264349673
453.3064575,0.00213883001853988,0.00334912349480701
453.5264587,0.0017463746682481,0.00291014323321097
453.7464905,0.00195662233107708,0.00314531539728009
453.9665527,0.00201284106442344,0.00320819876542027
454.186615,0.00211192224075407,0.00331902584593408
454.4066772,0.00229833766803542,0.0035275405036465
454.62677,0.00242574944827561,0.0036700567327632
454.8468933,0.00270565454841165,0.00398314410432897
455.0670471,0.00268623392380079,0.0039614211978488
455.2871704,0.00285854694776615,0.00415416163642474
455.5073547,0.00287073201739745,0.00416779122524379
455.7275391,0.00300586086117523,0.00431893936259658
455.9477539,0.00300737043922199,0.00432062789854181
456.1679688,0.00288332484440344,0.00418187691037769
456.3882141,0.00303930579919223,0.00435634914087799
456.6084595,0.00308768599789917,0.00441046472948864
456.8287354,0.0033389915395927,0.00469156211381818
457.0490417,0.00333071054879907,0.00468229942571326
457.2693481,0.00334345953388893,0.00469655978120509
457.4896545,0.0033589934314926,0.00471393519583148
457.710022,0.00325912709356356,0.00460222987415314
457.9303589,0.0032307748091624,0.00457051647487342
458.1507568,0.00335175352317476,0.00470583700875126
458.3711548,0.00339428630113496,0.00475341197487541
458.5915527,0.00320134237852626,0.00453759487986789
458.8119812,0.00302824853460607,0.00434398105646542
459.0324402,0.00347296648732742,0.00484141956272333
459.2528992,0.00346571356904278,0.00483330682336697
459.4733887,0.00345657370735737,0.00482308344669335
459.6939087,0.00353938791750346,0.00491571513997201
459.9144287,0.00365371669504723,0.00504359739877369
460.1349487,0.00364477201028703,0.00503359233691632
460.3554993,0.00370749321655583,0.00510374903503503
460.5760803,0.00374615228839235,0.0051469910737924
460.7966614,0.00342679431344135,0.00478977375650386
461.0172729,0.00330021973784135,0.00464819398120717
461.237915,0.00332363119262744,0.00467438082396189
461.4585571,0.00336305802455865,0.00471848163946153
461.6791992,0.0037810590592657,0.00518603598271787
461.8998718,0.00404093621283498,0.00547672112886725
462.120575,0.00422424137228561,0.00568175680181122
462.3412781,0.00439294094454474,0.00587045542015441
462.5620117,0.00464829371784213,0.00615607982848014
462.7827454,0.00487536361207208,0.00641006847074362
463.0035095,0.00505286908409237,0.0066086169132206
463.2243042,0.00536526478168599,0.00695804658706545
463.4450989,0.00559174475034416,0.00721137536908843
463.6659241,0.0056953156190085,0.0073272243872919
463.8867493,0.00593631004473391,0.00759678829047088
464.107605,0.00624832834889875,0.00794579583154069
464.3284607,0.00646559468590841,0.00818881872162386
464.5493469,0.00662716715879188,0.00836954533513638
464.7702332,0.00683941893683807,0.00860695919885785
464.9911499,0.00703120032750957,0.00882147594575309
465.2120972,0.00712635575564908,0.0089279118873345
465.4330444,0.0074328085749316,0.0092706941647973
465.6540222,0.00753884339169237,0.0093892992279346
465.875,0.00761438297367884,0.00947379389831334
466.0960083,0.00794756138959131,0.00984647004622841
466.3170471,0.00821155952502261,0.0101417647095993
466.5380859,0.00862599916062048,0.0106053354559663
466.7591248,0.00889190588559073,0.0109027649689053
466.9802246,0.00953157618875923,0.0116182670936982
467.2012939,0.00993519287647285,0.0120697318501994
467.4224243,0.0104526003931212,0.0126484771440045
467.6435242,0.0109362723777416,0.0131894876160939
467.8646851,0.0113520871511936,0.0136545965205584
468.0858459,0.0116035402009167,0.0139358588997424
468.3070068,0.012220961583371,0.0146264745322807
468.5281982,0.0126920276727716,0.0151533847018078
468.7494202,0.013250276144241,0.0157778125758552
468.9706421,0.0138417222749059,0.0164393736348806
469.1918945,0.0145193575765119,0.0171973414438162
469.413147,0.0152001291255525,0.0179588172969617
469.6344299,0.0159892388194234,0.0188414745969218
469.8557434,0.0168975834759318,0.0198575019606383
470.0770569,0.0178316907113716,0.0209023460130057
470.2983704,0.0186987866731996,0.0218722347197569
470.5197144,0.0196272502741368,0.022910766094393
470.7410889,0.0207504320803764,0.0241670991849124
470.9624634,0.0219594384903903,0.0255194312393604
471.1838684,0.0231362405386667,0.0268357411600049
471.405304,0.0246000140798396,0.0284730425537652
471.6267395,0.025901681634058,0.0299290205727603
471.848175,0.0274773505219324,0.0316914823154109
472.0696411,0.0290401749733952,0.0334395769356569
472.2911377,0.0307650665886222,0.0353689515050549
472.5126343,0.0323505521447246,0.0371423936651811
472.7341614,0.0341113307239594,0.0391119095368605
472.9556885,0.0356639221153836,0.0408485579852825
473.1772461,0.0374303963003362,0.0428244446670072
473.3988037,0.0392059497820947,0.0448104869806629
473.6203918,0.0414260648887246,0.0472937929403272
473.8420105,0.0431701818443498,0.0492446719813828
474.0636292,0.0457102753337913,0.0520858892144882
474.2852478,0.0481052584769816,0.0547647935177015
474.506897,0.0508022871562841,0.0577815503393168
474.7285767,0.0535644664874319,0.0608711813112501
474.9502563,0.0565906436483633,0.0642561066046725
475.1719666,0.0597096121735266,0.0677448235200311
475.3937073,0.062967162737372,0.0713885511380033
475.615448,0.0663125768524058,0.0751305583810508
475.8371887,0.0699397172411556,0.0791876900662606
476.05896,0.073780215951086,0.0834834733371244
476.2807617,0.0781373238369681,0.0883571089191711
476.5025635,0.0823546656936232,0.093074409448003
476.7243958,0.0868630650974609,0.0981172718989917
476.946228,0.0915785932546416,0.103391817863172
477.1680908,0.0965321187485739,0.108932575341781
477.3899536,0.101967130100014,0.11501189800373
477.6118469,0.107424619588866,0.121116363547881
477.8337708,0.113191164801115,0.127566522843446
478.0556946,0.119229650758186,0.134320860994545
478.2776184,0.125371391188006,0.141190694259738
478.4995728,0.131627850648804,0.148188846301044
478.7215576,0.138499207588605,0.155874790866995
478.9435425,0.145746961029478,0.163981753096183
479.1655579,0.153084541677619,0.172189191394598
479.3875732,0.161186584675181,0.181251717747946
479.6096191,0.168908341055246,0.189888875154979
479.8316956,0.177174494842773,0.199134967352074
480.053772,0.185481308221082,0.208426539264977
480.2758484,0.194274845898589,0.218262535811226
480.4979553,0.203307461008812,0.228365952011396
480.7200928,0.212652950671981,0.238819333508248
480.9422302,0.222124219621836,0.249413405211342
481.1643982,0.232091314730087,0.260562082416837
481.3865662,0.242184621821063,0.271851933819987
481.6087646,0.252714169567324,0.283629741462831
481.8309631,0.263325893159169,0.295499466757363
482.0531921,0.273940575371575,0.307372501411869
482.2754517,0.285296756563826,0.3200749384835
482.4977112,0.296914103016135,0.333069501510593
482.7199707,0.308904574546435,0.346481422956223
482.9422607,0.320907051929778,0.359906773528264
483.1645813,0.333351827678995,0.373826856181829
483.3869019,0.346008021484599,0.387983420141177
483.6092529,0.358750219433681,0.402236183888283
483.831604,0.37211170691372,0.417181652882242
484.0539856,0.386216563539865,0.432958616164603
484.2763672,0.400071796300251,0.448456363098379
484.4987793,0.414151039472734,0.464204676495905
484.7212219,0.428375445312,0.480115361346363
484.9436646,0.442861125159362,0.496318293792216
485.1661072,0.457881521789179,0.513119332781571
485.3885803,0.472941283914841,0.52996440397905
485.611084,0.487963025163633,0.546766946989663
485.8335876,0.502757817860908,0.563315637085696
486.0561218,0.517688933607092,0.580016811095191
486.278656,0.53208596683629,0.596120588017741
486.5012207,0.547117517217604,0.612934103016777
486.7237854,0.562012459086416,0.629594814797537
486.9463806,0.57698752006545,0.64634514367216
487.1690063,0.591644326848773,0.662739489859878
487.3916321,0.605793789265101,0.678566346872644
487.6142578,0.620205764381971,0.694686837018122
487.8369141,0.634041224422609,0.710162467210003
488.0596008,0.647746602933604,0.725492594929134
488.2822876,0.661427149965546,0.740794947439791
488.5049744,0.67463106923086,0.755564168776361
488.7277222,0.687562907189933,0.77002905403266
488.9504395,0.700300866702899,0.784277076884289
489.1732178,0.713180279946338,0.798683322564479
489.3959961,0.725425634802338,0.812380343318627
489.6187744,0.737679738744193,0.826087150347812
489.8415833,0.749346063800445,0.839136498308668
490.0643921,0.76055384022771,0.85167293748396
490.2872314,0.771441825001101,0.863851674251145
490.5101013,0.781920028492116,0.875572050865
490.7329712,0.792259199491536,0.887136912922906
490.9558411,0.802182729771749,0.898236860764424
491.1787415,0.81119790597258,0.908320770702288
491.4016724,0.820416930766802,0.918632695136033
491.6246033,0.828348126858532,0.927504120974739
491.8475647,0.836954510635092,0.937130776844818
492.0705261,0.844792337086995,0.945897764232409
492.2935181,0.851820860233121,0.953759506789941
492.51651,0.858376743447961,0.961092578759794
492.7395325,0.864419334925913,0.967851509134261
492.9625854,0.869738531902222,0.973801287824767
493.1856384,0.874517036204831,0.979146275648827
493.4086914,0.87859090728599,0.983703097186835
493.6317749,0.882171771682532,0.987708466940018
493.8548889,0.885178681841681,0.991071841161513
494.0780029,0.888134759571092,0.994378356855566
494.3011169,0.890349722028193,0.996855899327903
494.524292,0.891922363315556,0.998614974553173
494.7474365,0.893160598139421,1
494.9706116,0.89315645561314,0.999995366384306
495.1938171,0.891916671057217,0.998608607487333
495.4170227,0.890669006341372,0.997213034250942
495.6402588,0.889029521909836,0.995379191740951
495.8635254,0.88736447248286,0.993516753548987
496.0867615,0.88491429540114,0.990776112160125
496.3100586,0.881425091569044,0.986873269174708
496.5333557,0.876316786163962,0.98115938289091
496.7566528,0.871302170582261,0.975550293198995
496.9799805,0.865015937536696,0.968518837965313
497.2033386,0.858896833829295,0.96167432496731
497.4266968,0.851712493817604,0.953638293720998
497.6500549,0.844131181034821,0.945158229259773
497.8734436,0.835882490422667,0.935931670467655
498.0968628,0.827199827850184,0.926219693080712
498.320282,0.81784889957285,0.915760228231277
498.5437317,0.808353450469759,0.90513910985909
498.7671814,0.798326603790029,0.893923597635398
498.9906616,0.788190861647227,0.882586280577524
499.2141418,0.777463979545952,0.870587744929006
499.4376526,0.766833226389739,0.858696734147761
499.6611633,0.755544805214879,0.846070089927821
499.8847046,0.744147293240792,0.833321422380777
500.1082764,0.732456333906164,0.820244519789927
500.3318176,0.719959710663749,0.806266443211422
500.5554199,0.708777616280174,0.793758730642225
500.7790222,0.697134145215401,0.780734945974493
501.0026245,0.685423245680058,0.767635739306199
501.2262573,0.673611047353816,0.754423225048405
501.4499207,0.661542571367073,0.740924051851283
501.673584,0.649465845983034,0.727415651304909
501.8972778,0.63786088802286,0.71443494540453
502.1209717,0.626569551139208,0.701805039823502
502.3446655,0.615392325862628,0.689302773585616
502.5683899,0.604095961500966,0.676667244527649
502.7921448,0.592763571967073,0.663991419574828
503.0158997,0.581517566393449,0.651412219253189
503.2396851,0.570382235664599,0.638956814090092
503.4634705,0.559861253256928,0.627188587192095
503.6872864,0.548967224643034,0.615003090097442
503.9111023,0.53821025591828,0.602970901107632
504.1349487,0.527482414932908,0.590971292900946
504.3588257,0.516623415515845,0.578824977654564
504.5826721,0.505610005296889,0.566505946469519
504.8065796,0.495612643049372,0.555323414007108
505.0304871,0.484901975009043,0.543343014568761
505.2543945,0.47473338164228,0.531968951830448
505.4783325,0.464278037249256,0.520274144221598
505.702301,0.454312975827575,0.509127741792742
505.9262695,0.445026754493623,0.498740654784281
506.150238,0.434668422884271,0.487154360658869
506.3742371,0.425213140258126,0.476578170430851
506.5982666,0.415894672550976,0.466155014296739
506.8222961,0.406781282912425,0.455961247885903
507.0463257,0.397860887356715,0.445983354676715
507.2703857,0.389364520420831,0.436479757955821
507.4944763,0.380632637039285,0.42671272471699
507.7185669,0.372169080013044,0.417245827464474
507.942688,0.363590015083884,0.407649729044484
508.1668091,0.354821996068812,0.397842276354506
508.3909607,0.346097715165159,0.388083746854335
508.6151123,0.337751344717913,0.378747928449552
508.8392944,0.329242352110473,0.369230209305309
509.0634766,0.320923870176135,0.359925585548995
509.2876892,0.312615510285836,0.350632283787747
509.5119019,0.304536634165565,0.341595670705415
509.736145,0.296438529285314,0.332537549326456
509.9603882,0.288452358136831,0.323604631231938
510.1846619,0.281331335733488,0.315639423788272
510.4089355,0.273606162005024,0.306998443912028
510.6332397,0.266677276999749,0.299248151426722
510.8575439,0.259664055136889,0.291403524093446
511.0818787,0.252820514205391,0.283748693076062
511.3062439,0.246227077332754,0.276373615526436
511.5306091,0.239413059281507,0.26875180727632
511.7549744,0.233120616684387,0.261713406359353
511.9793701,0.227131903746783,0.255014741734146
512.2037964,0.221227895705353,0.248410823625844
512.4282227,0.215683322977643,0.242208951273642
512.6526489,0.210156483793063,0.236026914745812
512.8770752,0.204970812372483,0.230226490837552
513.1015625,0.200208286373585,0.224899375517809
513.3260498,0.195260487451749,0.219365023486637
513.5505371,0.189889480941198,0.213357293330117
513.7750854,0.184479846571401,0.207306356047629
513.9996338,0.179383237004715,0.201605552123888
514.2241821,0.174398752890396,0.196030165933336
514.4487305,0.169666584755768,0.190737007350809
514.6733398,0.164831834812077,0.185329106061007
514.8978882,0.160364731076676,0.180332434809399
515.1224976,0.155811027009391,0.17523889690451
515.347168,0.151484960734029,0.170399982862878
515.5717773,0.147264391506589,0.165679072363969
515.7964478,0.142881022512464,0.160776062464161
516.0211182,0.13904356886297,0.156483685240447
516.2457886,0.13496292158696,0.151919284201266
516.47052,0.130886221727913,0.147359298538585
516.6952515,0.127231305396085,0.143271098119697
516.9199829,0.123516582790607,0.139116001495592
517.1447144,0.120133832509556,0.135332231947831
517.3695068,0.116769800740452,0.13156939995963
517.5942993,0.113296090005063,0.127683886751067
517.8190918,0.11013026368104,0.124142757124846
518.0438843,0.107215117531401,0.120882025379419
518.2687378,0.104685825321335,0.118052889898906
518.4935913,0.102060141217617,0.115115935430426
518.7184448,0.099299840451857,0.112028405724597
518.9432983,0.096667780144713,0.109084319164667
519.1682129,0.0942130429572985,0.106338577077371
519.3931274,0.0919944508465295,0.103856974662125
519.618042,0.0898893543311324,0.101502322551186
519.8429565,0.087917473447343,0.0992966785573954
520.0679321,0.086234251523028,0.0974139135495783
520.2929077,0.0844626803083942,0.0954323255940115
520.5178833,0.0825310899348309,0.0932717484816018
520.7428589,0.0806727530320483,0.0911931089137871
520.9678955,0.0786440504904329,0.0889239071517096
521.1929321,0.0769304551433043,0.0870071680036945
521.4179688,0.0751744699834493,0.0850430138030732
521.6430054,0.0730324452170725,0.0826470556600892
521.868103,0.0714594224413585,0.0808875537216749
522.0932007,0.0696228528451826,0.0788332619374779
522.3182983,0.0677652096810068,0.0767553983497966
522.543396,0.0658907311846648,0.0746587036300825
522.7685547,0.0637855608757971,0.072303968977583
522.9937134,0.0620421941934744,0.070353929153448
523.2188721,0.0605058221637237,0.0686354228443166
523.4440308,0.0591192406650048,0.067084464477768
523.6692505,0.0576595834988947,0.0654517674483017
523.8944702,0.0561305119269391,0.063741427053765
524.1196899,0.0551029456284464,0.0625920445260857
524.3449097,0.0540650203693121,0.0614310750006782
524.5701904,0.0528747623897333,0.0600997139710636
524.7954712,0.0517271886708889,0.0588160973483713
525.020752,0.0506555277641527,0.0576173928719728
525.2460327,0.0496753698996116,0.0565210389670974
525.4713745,0.0486330503834145,0.0553551542529594
525.6967163,0.0474016605034841,0.0539777852064764
525.9220581,0.046067667245086,0.0524856493262965
526.1474609,0.044830156748887,0.0511014340749428
526.3728027,0.0436436594399015,0.0497742795369955
526.5982056,0.0425514066222068,0.0485525420137737
526.8236084,0.0414358637357082,0.0473047534238803
527.0490723,0.0402706828276406,0.0460014423097626
527.2744751,0.0394768055662396,0.0451134522552867
527.499939,0.0384297576422531,0.043942278588694
527.7254028,0.0375204846045256,0.0429252127857509
527.9509277,0.0365666269927053,0.0418582769836248
528.1763916,0.0355826515820986,0.0407576529691195
528.4019165,0.0348371980241488,0.0399238271654117
528.6274414,0.0341506224305739,0.039155859208168
528.8530273,0.0333952221833952,0.0383109075522161
529.0785522,0.0328238861494145,0.0376718406074806
529.3041382,0.0321908746127401,0.0369637866345738
529.5297241,0.0317101350918821,0.0364260562648161
529.7553101,0.0311793018548773,0.0358322936544427
529.980957,0.0305409417830551,0.0351182570866838
530.206604,0.0298912945601971,0.0343915952954168
530.432251,0.0291979043796251,0.0336160048935296
530.6578979,0.0285663112461604,0.0329095374731098
530.883606,0.0278719621672058,0.0321328744970748
531.109314,0.0272494438224657,0.0314365576660795
531.335022,0.0265319827014164,0.0306340427548443
531.56073,0.0259936797672715,0.0300319249274962
531.786499,0.0257709390269101,0.0297827786528964
532.0122681,0.0254090959425701,0.0293780396890825
532.2380371,0.0249687982391169,0.028885545445092
532.4638062,0.0245478647948155,0.0284147110600936
532.6895752,0.0239690198830705,0.0277672450729631
532.9154053,0.0236523989818899,0.0274130893048643
533.1412354,0.0232576619250222,0.0269715568442759
533.3671265,0.0227813164813855,0.0264387414620872
533.5929565,0.0222825182953372,0.0258808116032324
533.8188477,0.0219907101431903,0.0255544100931752
534.0447388,0.0217474426360483,0.025282303638661
534.2706299,0.0213376227933488,0.0248239003537479
534.496582,0.0210427044047691,0.0244940198940422
534.7224731,0.0204735114536309,0.0238573500909589
534.9484253,0.0201721816664908,0.0235202981723468
535.1744385,0.0198056668291729,0.0231103336272209
535.4003906,0.0194137146842087,0.0226719162250843
535.6264038,0.0190063805036193,0.0222162932732779
535.852417,0.0185680132249739,0.0217259583026582
536.0784302,0.0179470998714802,0.0210314367318795
536.3044434,0.017394126215428,0.0204129089936055
536.5305176,0.0170555515209469,0.0200341968475165
536.7565918,0.0166779317346048,0.0196118108806313
536.982666,0.0166875228004232,0.019622538950917
537.2088013,0.0165881813453469,0.0195114207360568
537.4348755,0.0161010651289411,0.0189665577243881
537.6610107,0.0155411855201488,0.0183403053444749
537.887146,0.0151343935211324,0.0178852888489407
538.1133423,0.0147475383246937,0.0174525726298698
538.3394775,0.0147635103297488,0.0174704380888375
538.5656738,0.0146620390318466,0.017356937541923
538.7919312,0.0144418272554852,0.017110620035685
539.0181274,0.0140549504223818,0.0166778796149597
539.2443237,0.0137846016615316,0.016375481470376
539.4705811,0.0137174340805341,0.0163003512874007
539.6968384,0.0133303923646114,0.0158674264372795
539.9231567,0.0130831383830829,0.0155908609186509
540.1494141,0.0129048346913805,0.0153914196289121
540.3757324,0.0128917777191331,0.0153768147749115
540.6020508,0.0125927643066288,0.0150423538331909
540.8283691,0.0125237835582674,0.0149651955349583
541.0547485,0.0124704842063001,0.0149055776358722
541.2811279,0.0120703812047146,0.0144580431069868
541.5075073,0.0119279560699349,0.0142987337157989
541.7338867,0.01175017735656,0.0140998796396715
541.9603271,0.0119036943960365,0.0142715958619086
542.1867065,0.0117891661039268,0.01414349043643
542.413147,0.0117205324045722,0.0140667203292711
542.6395874,0.0114119236733644,0.0137215265602076
542.8660889,0.0112059878519988,0.0134911773990409
543.0925903,0.0111291902209778,0.0134052755400638
543.3190918,0.0110702603273024,0.0133393596081694
543.5455933,0.0110682128621451,0.0133370694195156
543.7720947,0.0111184626846744,0.0133932762726587
543.9986572,0.0110266821579824,0.0132906153213257
544.2252197,0.010743957447435,0.0129743740793513
544.4517822,0.0103870942824966,0.0125752053958764
544.6783447,0.0102434935799561,0.012414581075378
544.9049683,0.0102872886736122,0.0124635680025672
545.1315918,0.00993540107272328,0.0120699647277596
545.3582153,0.0097897225441057,0.0119070162584524
545.5848389,0.00974811372092638,0.0118604747803699
545.8115234,0.0096695810186286,0.0117726321603804
546.038147,0.00943862438674416,0.0115142960143536
546.2648315,0.00924069191797063,0.0112928989895559
546.4915771,0.00908901414344792,0.0111232400739907
546.7182617,0.00877039796425759,0.0107668524910829
546.9450073,0.00871437441904599,0.0107041874502974
547.1717529,0.00847961785386802,0.010441600895377
547.3984985,0.00850541079150763,0.010470451541709
547.6253052,0.00823992044803903,0.0101734877715873
547.8520508,0.00792901695784676,0.00982572720378197
548.0788574,0.00764016281109508,0.00950262989141286
548.3056641,0.0075540214395059,0.00940627660738617
548.5325317,0.0072221617265857,0.00903507549245021
548.7593384,0.00727056796015189,0.0090892202023082
548.9862061,0.00713625896175517,0.00893898910160577
549.2130737,0.00709437686655962,0.00889214195557638
549.4400024,0.00691205206750435,0.00868820286307779
549.6668701,0.00679591006219903,0.00855829242146116
549.8937988,0.00643775855471556,0.00815768266463349
550.1207275,0.00631608577666725,0.00802158578661399
550.3476562,0.00627418634052715,0.00797471924390071
550.574646,0.00615620508449063,0.00784275151152087
550.8016357,0.00603593342792193,0.00770822185553871
551.0286255,0.00591186179671324,0.00756944174441487
551.2556152,0.00562788343476387,0.00725179823280657
551.482605,0.00556996860842995,0.00718701770275278
551.7096558,0.00546529157185759,0.00706993138232557
551.9367065,0.00560920460426087,0.00723090505885846
552.1637573,0.0055157930152114,0.00712641968551205
552.3908691,0.0054716509131544,0.00707704461266879
552.6179199,0.00523875527957314,0.00681653959960664
552.8450317,0.00519502525981353,0.00676762546071313
553.0721436,0.00495740134033855,0.00650183163154238
553.2993164,0.0047581545178999,0.00627896443869799
553.5264282,0.00470140220955188,0.00621548424115126
553.7536011,0.00471356994198493,0.00622909443747682
553.9807739,0.00465192455917816,0.00616014109985362
554.2079468,0.00492412557946357,0.00646461108606417
554.4351807,0.00462142935119478,0.00612603073706199
554.6623535,0.00473733710893681,0.00625567916146689
554.8895874,0.00472495684534976,0.0062418312387821
555.1168823,0.0046149572579886,0.00611879138826317
555.3441162,0.00436035060132503,0.00583400154742352
555.5714111,0.00447940331880271,0.00596716776116787
555.7987061,0.00426997983896174,0.00573291748557197
556.026001,0.00417541005206628,0.00562713661200359
556.2532959,0.00416034463956966,0.00561028522059333
556.4806519,0.0043200127774474,0.00578888174343856
556.7080078,0.00422618477101446,0.00568393058713926
556.9353638,0.00441522894478982,0.0058953856247516
557.1627197,0.00429586823429001,0.00576187490593853
557.3900757,0.00426756799982189,0.00573021972702249
557.6174927,0.00407758685723185,0.00551771664454321
557.8449097,0.00400412944813861,0.00543555098509701
558.0723267,0.00371508013971378,0.00511223537497181
558.2998047,0.00370143321321706,0.0050969706286534
558.5272217,0.00381841675402122,0.00522782236836457
558.7546997,0.00377237464672644,0.00517632204790858
558.9822388,0.00374823007867822,0.00514931518256696
559.2097168,0.00372739532311329,0.00512601050232402
559.4372559,0.00374158014419532,0.0051418769097119
559.6647339,0.00366068762136083,0.0050513947164926
559.8922729,0.00333370368250334,0.00468564739030469
560.119873,0.00352516402609214,0.00489980503053405
560.3474121,0.00336951707303706,0.00472570639710239
560.5750122,0.00313938030668904,0.00446828731027071
560.8026123,0.00291587614736846,0.0042182871146984
561.0302124,0.00295126009818489,0.00425786577243398
561.2578735,0.00271128938661252,0.00398944694297197
561.4854736,0.0028523611132533,0.0041472424817983
561.7131348,0.0030152522819903,0.00432944412030492
561.9407959,0.00288853890380479,0.00418770908761335
562.1685181,0.00258917414713237,0.00385285515047378
562.3961792,0.00256739805055778,0.00382849753485267
562.6239014,0.00250324102865816,0.00375673480761306
562.8516235,0.00249325093265015,0.00374556040279043
563.0793457,0.00227635767751672,0.00350295482280254
563.3071289,0.0021827986019657,0.00339830447868179
563.5349121,0.00234968063054821,0.00358497008665059
563.7626953,0.00259395883311119,0.00385820705280121
563.9904785,0.00256075680507022,0.00382106898105851
564.2182617,0.00223177311817245,0.00345308484011651
564.446106,0.00216546885836162,0.00337892032357967
564.6739502,0.00216882636697844,0.00338267585910702
564.9017944,0.00215119727209167,0.00336295686513908
565.1296387,0.00219835853749863,0.00341570901798946
565.3575439,0.00212410295325457,0.00333265056109192
565.5853882,0.0025746379816853,0.00383659574744662
565.8132935,0.0025334369435537,0.0037905103966326
566.0412598,0.00251201222853389,0.0037665458182493
566.269165,0.00255594179337863,0.00381568315795687
566.4971313,0.00266960253430955,0.00394281818554652
566.7250977,0.00260872059325824,0.00387471879439462
566.953064,0.00285314628894883,0.00414812073873114
567.1810303,0.0027543600820383,0.00403762359575826
567.4090576,0.00264894128472564,0.00391970758012223
567.637085,0.00259015019882361,0.00385394691142553
567.8651123,0.00269448453171055,0.00397064990123087
568.0931396,0.00258816780161287,0.00385172950441219
568.321167,0.00238413630104253,0.00362351041801776
568.5492554,0.00209660524495934,0.00330189304645552
568.7773438,0.00230345635247113,0.00353326599937728
569.0054321,0.00244885292150987,0.00369589908327928
569.2335815,0.00228105561071132,0.0035082096879514
569.4616699,0.00199741995255192,0.0031909495070819
569.6898193,0.00191316559909956,0.00309670694396834
569.9179688,0.00208371309706518,0.00328747255645352
570.1461182,0.00210431795383532,0.00331052008379232
570.3743286,0.00216630169753359,0.00337985189441264
570.6025391,0.00222209966343416,0.00344226461384519
570.8307495,0.00220321259476817,0.00342113851545562
571.05896,0.00246868995617581,0.00371808776451516
571.2871704,0.00234454458490363,0.0035792251715693
571.5154419,0.00237712195013774,0.00361566452779656
571.7437134,0.00243724476510319,0.00368291479976202
571.9719849,0.00225559232535092,0.00347972777361313
572.2002563,0.00224426615707903,0.0034670589074423
572.4285889,0.00219703114707981,0.00341422426770421
572.6568604,0.00214192290380172,0.00335258303633273
572.8851929,0.00215547005393477,0.00336773617797003
573.1135864,0.00203816116303581,0.00323652051846614
573.3419189,0.00205398568906211,0.00325422101501816
573.5703125,0.00177448402021633,0.00294158490083287
573.798645,0.00170259690955744,0.0028611756960177
574.0270996,0.00173255854809358,0.00289468923561568
574.2554932,0.00202602380445761,0.00322294429676403
574.4838867,0.00206121689477706,0.00326230946781678
574.7123413,0.00221391842193927,0.00343311350014796
574.9407959,0.00224797934215063,0.00347121228426051
575.1692505,0.00219959478584088,0.00341709182146067
575.3977661,0.00234869156675302,0.0035838637710322
575.6262207,0.0024362687378036,0.00368182306609352
575.8547363,0.00241332576069519,0.00365616023824481
576.083252,0.00248172957534026,0.0037326732082546
576.3118286,0.00265975556603157,0.00393180387600181
576.5403442,0.00273168605500913,0.00401226160156121
576.7689209,0.00267011005837012,0.00394338587571742
576.9974976,0.00266497404079011,0.0039376409920277
577.2260742,0.00271063442195683,0.00398871433337529
577.4546509,0.0025360873972996,0.00379347505714203
577.6832886,0.00264957896847832,0.00392042086019437
577.9119263,0.00265176091753342,0.0039228614755823
578.140564,0.00279230774956423,0.00408006989443939
578.3692017,0.00276887026732284,0.00405385393871901
578.5979004,0.00273400685061878,0.00401485752352553
578.8265381,0.00277253577104825,0.0040579539816489
579.0552368,0.0027563078234611,0.0040398022385992
579.2839966,0.00277105222893366,0.00405629456815112
579.5126953,0.00280846631623461,0.00409814403158316
579.7414551,0.00279451573570185,0.0040825396335615
579.9701538,0.00268207392304099,0.00395676803610588
580.1989136,0.002540364541595,0.00379825924958655
580.4277344,0.00229716645806553,0.00352623044873558
580.6564941,0.00213447481421161,0.00334425198844607
580.8853149,0.00219524398230843,0.00341222523760239
581.1141357,0.00210528098633587,0.00331159728215055
581.3429565,0.00200643838469845,0.00320103705895226
581.5717773,0.00193145838980251,0.00311716831375763
581.8006592,0.00192825270147844,0.00311358259655935
582.029541,0.00174267015175815,0.00290599955261996
582.2584229,0.00177483975517393,0.00294198280756196
582.4873047,0.0017747009458875,0.00294182754267176
582.7161865,0.00177526052106127,0.0029424534545264
582.9451294,0.00162861463960598,0.0027784229543552
583.1740723,0.00159991099182231,0.00274631653816425
583.4030151,0.00146391457890665,0.00259419798283445
583.631958,0.00152102690936019,0.00265808088249224
583.8609619,0.00152997592730679,0.00266809079122785
584.0899658,0.00138674829165406,0.00250788376405937
584.3189697,0.00121528114845369,0.00231608948396798
584.5479736,0.00133385669816884,0.00244872196252676
584.7769775,0.00125926277047693,0.00236528505214364
585.0060425,0.00117614059575364,0.00227230888561328
585.2351074,0.00100237004618576,0.00207793813426468
585.4641724,8.71926106034854E-4,0.00193203028786002
585.6932373,7.07681517420545E-4,0.00174831478386183
585.9223022,7.8023230975868E-4,0.00182946634868548
586.1514282,7.80136870733318E-4,0.00182935959552671
586.3805542,8.98812189863299E-4,0.00196210367099399
586.6096802,9.64240203350941E-4,0.00203528806370302
586.8388062,0.00116989839885422,0.00226532668693563
587.0679932,0.00117691272602035,0.002273172550604
587.2971802,0.00140608215828977,0.00252950962755466
587.5263672,0.00159028093994576,0.00273554486008977
587.7555542,0.00181397598417244,0.00298575856964769
587.9847412,0.00192314703893701,0.00310787166644618
588.2139893,0.00209062334188351,0.00329520199898957
588.4432373,0.00197175715515699,0.00316224442889825
588.6724854,0.00215675843712796,0.00336917729678969
588.9017334,0.00213220178230023,0.00334170949248486
589.1310425,0.00211735326769163,0.00332510071183669
589.3602905,0.00209015484748493,0.00329467796538041
589.5895996,0.00214302908200473,0.00335382035007191
589.8189087,0.00218823397084329,0.003404384201254
590.0482788,0.00224109953715295,0.00346351689013385
590.2775879,0.0019976672172914,0.00319122608463381
590.506958,0.00186622989586676,0.00304420709330251
590.7363281,0.00161881540584141,0.00276746203816891
590.9656982,0.00163929880876906,0.00279037371351968
591.1951294,0.00158826381786315,0.00273328861163033
591.4244995,0.00161939666728338,0.0027681122071618
591.6539307,0.00139588815330106,0.00251810714069003
591.8833618,0.00150818247270665,0.00264371375981693
592.112854,0.00147081176241849,0.00260191281566843
592.3422852,0.00143319813811261,0.00255984016046041
592.5717773,0.00123217712554279,0.00233498845027582
592.8012695,0.00134987643279497,0.00246664080932461
593.0307617,0.00134246735968474,0.00245835340325486
593.2602539,0.0011587414140471,0.00225284706064029
593.4898071,0.00115441655696671,0.00224800949914162
593.7192993,0.00120363397923539,0.00230306156273695
593.9488525,0.00112345288051131,0.00221337513174095
594.1784058,0.00128324249350697,0.0023921075303718
594.40802,9.25932537777934E-4,0.00199243908982136
594.6375732,0.00104237385128942,0.00212268432212066
594.8671875,0.00118842977511969,0.00228605492619828
595.0968018,0.00138667889390933,0.00250780613933055
595.326416,0.00133498455103196,0.00244998352041997
595.5560913,0.00136659023646428,0.00248533600586497
595.7857056,0.00138359900508862,0.00250436113495185
596.0153809,0.00146959717747619,0.00260055424375622
596.2450562,0.00156821854301672,0.00271086700369631
596.4747925,0.00181030613005564,0.00298165366059495
596.7044678,0.00177775912475983,0.0029452482634248
596.9342041,0.00168254732063665,0.00283874926258318
597.1639404,0.00154538401280456,0.00268532547893813
597.3936768,0.00183991205573984,0.00301476931819008
597.6234131,0.00174482605191861,0.00290841103106129
597.8532104,0.00169399494734725,0.00285155398588313
598.0829468,0.00167889050526182,0.00283465893799298
598.3127441,0.00195529061267583,0.00314382580593748
598.5426025,0.00188265306132779,0.00306257719697152
598.7723999,0.00174340325495011,0.00290681956394289
599.0022583,0.00181312576735293,0.00298480756107674
599.2320557,0.00190533577515737,0.00308794890777433
599.4619141,0.00174093068565001,0.00290405387577641
599.6918335,0.0016357548076497,0.00278640957712221
599.9216919,0.0014292377218783,0.00255541024364752
600.1516113,0.00136108551106902,0.00247917870467841
600.3814697,0.00138226297092328,0.0025028667162187
600.6113892,0.00147214353372727,0.00260340246619066
600.8413696,0.0012922349063757,0.00240216597842344
601.0712891,0.00123938668989216,0.00234305269616195
601.3012695,0.00106730356908668,0.00215056941537272
601.53125,8.45421756018325E-4,0.0019023838924292
601.7612305,7.61588167809851E-4,0.00180861197556037
601.9912109,5.28575394262808E-4,0.00154797593578961
602.2211914,3.30677638238972E-4,0.00132661773887875
602.4512329,4.06572920514267E-4,0.00141151027720787
602.6812744,5.35871662694624E-4,0.00155613716437903
602.9113159,7.97319144814982E-4,0.00184857879884646
603.1413574,7.15828004450624E-4,0.00175742702301182
603.37146,7.80063112192876E-4,0.00182927709303731
603.6015625,7.91467364373291E-4,0.00184203329983062
603.831665,8.60712707235813E-4,0.00191948755979038
604.0617676,6.19358223817813E-4,0.00164952091469448
604.2918701,5.8334092689674E-4,0.00160923382875556
604.5220337,5.25269917770276E-4,0.00154427860070598
604.7521362,6.70766258419517E-4,0.00170702328397245
604.9822998,5.75224772796309E-4,0.00160015551845221
605.2125244,4.87690989126802E-4,0.00150224475427187
605.442688,4.14329014499266E-4,0.00142018584288423
605.6729126,6.35846443990338E-4,0.0016679637851999
605.9030762,9.36460519044812E-4,0.00200421514528136
606.1333008,0.00111486390595669,0.00220376794892633
606.3635864,0.00121818318177751,0.0023193355483845
606.593811,0.00135658277554338,0.00247414217754869
606.8240967,0.00117342942480116,0.00226927630997616
607.0543213,0.00115009605031197,0.00224317680380415
607.2846069,0.00137084134205191,0.0024900910727574
607.5149536,0.00134401598766142,0.0024600856184325
607.7452393,0.00151480641901813,0.00265112296364725
607.9755859,0.00148756462111994,0.00262065169714826
608.2058716,0.00151640708716375,0.00265291338826694
608.4362183,0.00139816122137787,0.00252064967710402
608.666626,0.00129278146098648,0.00240277732614958
608.8969727,0.00137416849330981,0.0024938126521128
609.1273804,0.00133320168877691,0.00244798930289044
609.3577881,0.00164192756474247,0.00279331410402275
609.5881958,0.00179128461441278,0.00296037717676908
609.8186035,0.00217461742884419,0.00338915344146348
610.0490112,0.00231335972089459,0.00354434339520838
610.27948,0.00284919019093611,0.00414369565205764
610.5099487,0.00305136940843616,0.00436984287038824
610.7404175,0.00338584918346292,0.00474397465131737
610.9708862,0.00380884310179107,0.00521711377601822
611.201416,0.00407254193591262,0.00551207365642036
611.4318848,0.00416119922337766,0.00561124111385179
611.6624146,0.00437979291483846,0.00585574871398861
611.8929443,0.00433322159090597,0.00580365643916664
612.1234741,0.00422270144928365,0.0056800343235682
612.3540649,0.00387119988211987,0.00528686284612433
612.5846558,0.00369146477120692,0.00508582044487309
612.8152466,0.00340338279398866,0.00476358684141642
613.0458374,0.00289632103709581,0.00419641377951097
613.2764282,0.00265180857467813,0.00392291478240009
613.507019,0.0022785916509246,0.0035054536299414
613.7376709,0.00215555677070518,0.00336783317486542
613.9683228,0.00192116021847486,0.00310564931181254
614.1989746,0.00165708399435283,0.0028102673024701
614.4296265,0.00170761578712549,0.00286678955294716
614.6603394,0.00163860902061757,0.00278960215216126
614.8909912,0.00184637542678802,0.00302199891083397
615.1217041,0.00174014978952705,0.00290318040575217
615.352417,0.00178479944166048,0.00295312319786631
615.5831909,0.00190427726934247,0.00308676491790342
615.8139038,0.00209100934682493,0.00329563376415734
616.0446777,0.00214607421017721,0.00335722647298692
616.2754517,0.00212566455845635,0.00333439729192251
616.5062256,0.0021344270574169,0.00334419857016494
616.7369995,0.00189842116809158,0.00308021458585384
616.9678345,0.00170179875197132,0.00286028291821332
617.1986084,0.00147767861057993,0.00260959371694804
617.4294434,0.00131110458731227,0.00242327262779797
617.6602783,0.001124515653236,0.00221456389435651
617.8911133,9.48350609732864E-4,0.00201751478590739
618.1220093,9.74499254749338E-4,0.00204676330811808
618.3529053,8.46992036157753E-4,0.00190414032659648
618.5837402,8.24834218908758E-4,0.00187935573796716
618.8146362,9.96388112631857E-4,0.00207124705270753
619.0455933,9.48498080881693E-4,0.00201767973950897
619.2764893,9.27003956185384E-4,0.00199363752305059
619.5074463,9.52415171233712E-4,0.00202206119423024
619.7384033,8.6885487547379E-4,0.00192859496816284
619.9693604,0.00107188431619796,0.00215569320222827
620.2003174,0.00104748816342498,0.00212840492722257
620.4312744,0.00116697032805114,0.00226205149834119
620.6622925,0.00108766113905976,0.00217334034048712
620.8933105,0.00110913357617906,0.00219735829834329
621.1243286,0.00121651309373628,0.00231746747425917
621.3553467,0.00118652543358262,0.00228392482822537
621.5864258,0.00116206855608411,0.00225656862968168
621.8174438,0.00114288218228275,0.00223510774404427
622.0485229,0.00105499269513308,0.00213679910834389
622.2796021,9.14081484605471E-4,0.0019791831145417
622.5106812,7.20916344475152E-4,0.00176311857705331
622.7418213,8.15516514906398E-4,0.00186893343607373
622.9729004,9.29060139400872E-4,0.00199593746327348
623.2040405,9.38343178240505E-4,0.00200632099050836
623.4351807,0.00127391609510259,0.00238167550336986
623.6663208,0.00129913644163892,0.00240988567890149
623.897522,0.0011282852759686,0.00221878039942401
624.1286621,0.00131352947806704,0.00242598498520902
624.3598633,0.00136277291867565,0.00248106615157403
624.5910645,0.00129593942484452,0.00240630966122791
624.8222656,0.00131387650069801,0.00242637314678004
625.0535278,0.00148986803312442,0.00262322817471071
625.284729,0.0015720792563497,0.00271518539799925
625.5159912,0.00178590565050643,0.00295436054588109
625.7472534,0.00180166511741233,0.00297198827066513
625.9785156,0.00187585995918913,0.0030549787841797
626.2097778,0.00173676630250381,0.00289939581212269
626.4411011,0.00176016475045526,0.00292556810610475
626.6724243,0.00182567518925666,0.00299884469550766
626.9036865,0.00174506897439203,0.00290868275157893
627.1350708,0.00183149226375129,0.00300535137424571
627.366394,0.00189256940285429,0.00307366910384486
627.5977173,0.00185265236405699,0.00302901996829262
627.8291016,0.00179275512432742,0.00296202201312188
628.0604858,0.00158441613410205,0.00272898479153275
628.2918701,0.00166521321816388,0.00281936023187594
628.5232544,0.00149163787872041,0.00262520783247849
628.7546997,0.00126760014505992,0.00237461080823983
628.986084,0.0012600869612891,0.00236620694936854
629.2175293,0.00104286835434122,0.00212323744766443
629.4489746,9.61450960773391E-4,0.00203216816118306
629.6804199,8.77942713716484E-4,0.0019387601541035
629.9119263,9.20219547114879E-4,0.0019860488338753
630.1433716,0.00102997188169295,0.00210881212021612
630.3748779,0.0010498263007143,0.00213102024669305
630.6063843,0.00115283758612444,0.00224624334400353
630.8378906,0.00113168181508079,0.00222257959244529
631.069458,0.00121931537285896,0.00232060195878441
631.3009644,0.00115079444927648,0.00224395799677275
631.5325317,0.00122543175363866,0.00232744342605629
631.7640991,0.00146555428420777,0.00259603207239774
631.9956665,0.00130913520244508,0.00242106977571928
632.2272949,0.00129014402558528,0.00239982722728738
632.4588623,0.00117537712048098,0.00227145490165137
632.6904907,0.00118283391078315,0.00227979568170465
632.9221191,0.00103722912625957,0.00211692969872779
633.1537476,0.00109041135493181,0.00217641658975232
633.385376,9.31220378298642E-4,0.00199835379480202
633.6170654,8.67596912888603E-4,0.00192718787626229
633.8486938,7.79880938063357E-4,0.00182907332247596
634.0803833,6.21240868640526E-4,0.00165162674384461
634.3120728,4.64145076612806E-4,0.0014759075140553
634.5437622,4.82828267033763E-4,0.0014968055647822
634.7755127,2.98386579277115E-4,0.00129049863004318
635.0072021,2.21753850107463E-4,0.00120478122175024
635.2389526,1.28515769876478E-4,0.00110048992639631
635.4707031,3.88158703531894E-4,0.00139091308626118
635.7024536,3.14237146490464E-4,0.00130822825492048
635.9342651,2.7031626162859E-4,0.00125910062419291
636.1660156,4.40681580225768E-4,0.00144966246025675
636.3978271,5.98788091947005E-4,0.00162651222883252
636.6296387,8.13078637426116E-4,0.00186620655238305
636.8614502,0.00102917372906236,0.00210791934795474
637.0932617,9.56761737263762E-4,0.00202692303823746
637.3251343,0.00115884986620676,0.0022529683696182
637.5570068,8.84653396961469E-4,0.00194626637738261
637.7888184,0.00111394861991461,0.00220274415728764
638.020752,0.00108467670078466,0.00217000210215314
638.2526245,0.00117221048894004,0.00226791287135114
638.4844971,0.00126978644014412,0.00237705628487118
638.7164307,0.00145545141763631,0.00258473152825402
638.9483643,0.0015603453386817,0.002702060444438
639.1802979,0.0016475017266544,0.00279954907330641
639.4122314,0.0015292081346366,0.00266723197804832
639.644165,0.00160133816108788,0.00274791289590807
639.8761597,0.00145891303079465,0.00258860350973844
640.1081543,0.0014256676320102,0.00255141692572472
640.3400879,0.00127890463698085,0.00238725542836533
640.5721436,0.001267318192612,0.0023742954308109
640.8041382,0.00114665179367917,0.00223932423643171
641.0361328,0.00114269133158305,0.00223489426832018
641.2681885,8.43873140576796E-4,0.00190065169127274
641.5002441,0.00108730545985056,0.00217294249611532
641.7322998,0.00107323776045455,0.00215720709498925
641.9643555,0.00110037110534085,0.00218755705155706
642.1964722,0.00101049053639743,0.00208702129471786
642.4285278,9.69072593525116E-4,0.00204069332547666
642.6606445,9.34499802287749E-4,0.00200202198890245
642.8927612,0.00114350249024611,0.00223580158845695
643.1248779,0.0010530840250137,0.00213466416864263
643.3569946,0.00113759865699567,0.00222919786586081
643.5891724,9.99433310459266E-4,0.00207465325353494
643.8213501,0.0010680540046782,0.00215140881382157
644.0535278,0.00114730246720497,0.00224005204619238
644.2857056,0.00127330010029347,0.00238098648342848
644.5178833,0.00140227350603646,0.00252524946608344
644.750061,0.00137363573353718,0.00249321673457929
644.9822998,0.00134882129304091,0.00246546058455531
645.2145386,0.00142492175615144,0.00255058262755716
645.4467773,0.00131576808395252,0.00242848897399778
645.6790161,0.00134523132460564,0.00246144503149517
645.9112549,0.00134743424229455,0.00246390910131262
646.1435547,0.00139833845784686,0.00252084792465362
646.3758545,0.00138247505151488,0.00250310393860211
646.6080933,0.00138731456722485,0.00250851717063164
646.8404541,0.00135630798001393,0.00247383480547869
647.0727539,0.00150841044525635,0.00264396875812292
647.3050537,0.00129907827099306,0.00240982061222495
647.5374146,0.0012723969856863,0.00237997630612752
647.7697754,0.00118151474229362,0.00227832012804436
648.0021362,0.00138299294783845,0.00250368323065007
648.2344971,0.00159685198796916,0.00274289489463033
648.4668579,0.00169909251541355,0.00285725586193497
648.6992798,0.00163158609724939,0.00278174667322579
648.9317017,0.00160588723884514,0.00275300125906178
649.1641235,0.0015649054559291,0.00270716115579455
649.3965454,0.00167162841361426,0.0028265359377872
649.6289673,0.00169486977184678,0.00285253251933253
649.8613892,0.00157018531123026,0.00271306692892153
650.0938721,0.00142944803751364,0.00255564549184212
650.326355,0.00132589567394046,0.00243981717247676
650.5588379,0.00123538122859592,0.002338572394272
650.7913208,0.00121306847478043,0.0023136145016109
651.0238037,0.0010043356432496,0.0020801367495024
651.2563477,9.61112424591246E-4,0.00203178949211488
651.4888916,9.77014710848831E-4,0.00204957696724075
651.7214355,9.81022158535595E-4,0.00205405949100443
651.9539795,8.41062521002319E-4,0.00189750787754939
652.1865234,8.32318635044908E-4,0.00188772741884983
652.4190674,8.62649082432058E-4,0.00192165348895803
652.6516724,8.53397233910995E-4,0.0019113048496007
652.8842773,9.06841557866261E-4,0.00197108490685629
653.1168823,9.75208601512735E-4,0.00204755674672842
653.3494873,0.00115940291913454,0.00225358698602573
653.5820923,0.00137387618094042,0.0024934856866114
653.8147583,0.0015283963825134,0.00266632399409772
654.0474243,0.00152294055748724,0.00266022139033547
654.2800293,0.00143162201027008,0.00255807718535481
654.5127563,0.00139264981763934,0.002514484905868
654.7454224,0.00142410781525581,0.0025496721953589
654.9780884,0.0013223569283326,0.0024358589146227
655.2108154,0.00129597925576354,0.00240635421403434
655.4435425,0.00105490037532429,0.00213669584417948
655.6762085,0.00105120582952171,0.00213256331628378
655.9089966,0.00106074938834593,0.00214323824770235
656.1417236,9.26595926320433E-4,0.00199318112194223
656.3744507,7.76009974188423E-4,0.00182474346244683
656.6072388,4.44704678748104E-4,0.00145416249023582
656.8400269,4.79888545277853E-4,0.00149351734403437
657.0728149,4.74700849168046E-4,0.00148771465541343
657.305603,7.19844991328636E-4,0.00176192021682158
657.5384521,7.85779937157225E-4,0.00183567163783453
657.7712402,9.90952052158877E-4,0.00206516655655247
658.0040894,0.00108941241409471,0.00217529922618558
658.2369385,0.00110001491226854,0.00218715863240455
658.4697876,0.00119911245821174,0.00229800402312053
658.7026367,0.00111209543635963,0.00220067128198821
658.9354858,0.00114545280067893,0.00223798310485965
659.168396,0.00113499423759121,0.00222628469698536
659.4013062,0.00107228626081582,0.00215614279669389
659.6342163,9.24419378844489E-4,0.00199074654848144
659.8671265,9.29583813610377E-4,0.00199652321816588
660.1000366,7.81267170660599E-4,0.00183062389057936
660.3330078,7.58284731514899E-4,0.00180491692253626
660.565918,7.49656919279459E-4,0.00179526629790011
660.7988892,8.39309697744676E-4,0.00189554726008909
661.0318604,8.61723443358493E-4,0.00192061811695366
661.2648315,9.16753601787633E-4,0.00198217200665075
661.4978638,7.22738241491749E-4,0.00176515645684868
661.730835,6.10747568840696E-4,0.00163988948128032
661.9638672,4.51179195321894E-4,0.00146140454968834
662.1968994,4.60401491127633E-4,0.00147172013290643
662.4299316,4.91738232294879E-4,0.00150677179120319
662.6629639,5.59161669503285E-4,0.00158218816170609
662.8960571,8.07300574758416E-4,0.00185974351025736
663.1290894,7.77664275922377E-4,0.00182659387882513
663.3621826,8.56400864095459E-4,0.00191466455501211
663.5952759,7.97496985405817E-4,0.00184877772213552
663.8283691,9.8830232734114E-4,0.00206220271138439
664.0614624,0.00100963161337546,0.00208606054783901
664.2946167,9.76607446212812E-4,0.0020491214220779
664.52771,0.00104698497536933,0.00212784208708258
664.7608643,0.00109965099984514,0.00218675157878507
664.9940186,0.00118642132098176,0.00228380837325355
665.2271729,0.00118146313804301,0.002278262406198
665.4603882,0.00120169928184553,0.00230089751027676
665.6935425,0.00114128583626402,0.00223332215393223
665.9267578,0.00116640207707513,0.00226141588218277
666.1599731,0.0012462578372738,0.00235073840632698
666.3931885,0.00104331514555513,0.00212373720521346
666.6264038,0.00112673229868129,0.00221704331933241
666.8596191,8.90925951591246E-4,0.00195328253264768
667.0928955,0.00101593889231109,0.00209311554391708
667.3261108,0.0011293740668559,0.00221999826461091
667.5593872,0.00116329183507167,0.00225793692630336
667.7926636,0.0011392557223765,0.0022310513735116
668.0259399,9.66127185705836E-4,0.00203739874459236
668.2592773,8.97766763628348E-4,0.0019609343112649
668.4925537,8.30009303087092E-4,0.00188514431953369
668.7258911,8.27875072463942E-4,0.0018827570795163
668.9592285,8.97072696319053E-4,0.00196015796346184
669.1925659,8.38533204326435E-4,0.00189467871470268
669.4259033,8.49187010440445E-4,0.00190659551133048
669.6593018,9.58436149513894E-4,0.00202879594919927
669.8926392,9.9781528871486E-4,0.00207284341807697
670.1260376,0.00111597439997306,0.00220501009011117
670.359436,0.00133726625817867,0.00245253572005084
670.5928345,0.00124502155462002,0.00234935556447667
670.8262329,0.00106194628659615,0.00214457703619535
671.0596924,9.55980909080116E-4,0.00202604964420661
671.2930908,0.00101770873253722,0.0020950951956784
671.5265503,0.00103415791666415,0.00211349440248171
671.7600098,0.00117326891273167,0.00226909676947506
671.9934692,0.00107405759283532,0.00215812411709815
672.2269287,0.00135941104837809,0.00247730573729612
672.4604492,0.00143999557240184,0.00256744341897185
672.6939697,0.00156221491883614,0.00270415166012574
672.9274292,0.00169775151941072,0.00285575589314698
673.1609497,0.00165361374044396,0.00280638565588893
673.3944702,0.00127936441870222,0.00238776971642428
673.6280518,0.00115664187244357,0.00225049862196653
673.8615723,0.00112967336381268,0.00222033304271059
674.0951538,8.93680487954609E-4,0.00195636361459105
674.3287354,0.00107923701720205,0.002163917553375
674.5622559,0.00109498346992081,0.00218153072116224
674.7958984,0.00100876406202174,0.00208509014975444
675.02948,0.0010912268826091,0.0021773287968425
675.2630615,0.00116590757045065,0.00226086275264277
675.4967041,0.00113451877857929,0.00222575287311984
675.7303467,0.00105909197403552,0.00214138434975697
675.9639893,9.96765529527034E-4,0.00207166921173085
676.1976318,7.57436825509662E-4,0.00180396849872267
676.4312744,7.75096271949353E-4,0.00182372144236829
676.664978,7.0755570564829E-4,0.00174817405731891
676.8986206,8.30829166488E-4,0.00188606137634012
677.1323242,9.83279103330821E-4,0.00205658399274936
677.3660278,0.00100921086033548,0.00208558991524496
677.5997314,9.27498492808329E-4,0.00199419068614532
677.8334961,9.15803612027652E-4,0.00198110939722769
678.0671997,9.43041067744213E-4,0.00201157580678683
678.3009644,9.22232326588354E-4,0.00198830022491671
678.534668,9.32131342353542E-4,0.00199937275208933
678.7684326,7.63839519996856E-4,0.00181113022170292
679.0021973,4.60197627028286E-4,0.00147149210106638
679.2360229,5.36747937535852E-4,0.00155711732010566
679.4697876,5.71034422457948E-4,0.00159546840924005
679.7036133,4.63468378222344E-4,0.00147515059422673
679.937439,7.39725315573349E-4,0.00178415731954185
680.1712646,9.08724207073165E-4,0.00197319074091034
680.4050903,9.38481959876847E-4,0.00200647622447059
680.638916,0.00100154150545815,0.00207701137144929
680.8727417,9.48606535838489E-4,0.00201780105161561
681.1066284,0.00105057238729964,0.00213185478056846
681.3405151,0.00100792682865963,0.00208415366380759
681.5744019,0.00132743229608285,0.00244153595854895
681.8082886,0.00135038394424143,0.00246720848538601
682.0421753,0.00142908583626192,0.0025552403522508
682.276123,0.00140232988400048,0.00252531252755878
682.5100098,0.00158724440865633,0.00273214835320361
682.7439575,0.00142066171634216,0.00254581756730636
682.9779053,0.00139868175535189,0.00252123191949138
683.211853,0.00130116654577984,0.00241215644842008
683.4458008,0.00112439420052149,0.00221442804363019
683.6798096,0.00105134454342566,0.00213271847448407
683.9137573,9.4820312466762E-4,0.00201734981673962
684.1477661,7.6745295768371E-4,0.00181517202625434
684.3817749,9.3880297004458E-4,0.0020068352898453
684.6157837,7.52999189976619E-4,0.00179900478907846
684.8497925,7.77525481170339E-4,0.00182643863019235
685.0838623,7.99193112177778E-4,0.00185067492183862
685.3178711,9.29840938967517E-4,0.00199681082529483
685.5519409,0.00109729120714833,0.00218411203669553
685.7860107,0.00108628170779673,0.00217179738000449
686.0200806,9.22193273417508E-4,0.00198825654205918
686.2541504,0.00102084500348958,0.00209860326619415
686.4882202,9.11877819610937E-4,0.00197671820882682
686.7223511,9.75804935183691E-4,0.00204822377473729
686.9564209,0.0011694255570942,0.00226479779059278
687.1905518,0.00135451793134899,0.00247183254960265
687.4246826,8.15989307111594E-4,0.00186946227698713
687.6588135,8.89984621732367E-4,0.0019522296097422
687.8930054,8.67596904759556E-4,0.00192718786716956
688.1271362,0.00107518545413188,0.00215938568442457
688.3613281,0.00101704505335492,0.00209435283846288
688.59552,0.0011373123704358,0.00222887764051836
688.8297119,0.00122722330297092,0.0023294473605012
689.0639038,0.00133521445944743,0.00245024068408532
689.2980957,0.00125638243050999,0.00236206325279441
689.5323486,0.00132873369217254,0.00244299163292176
689.7665405,0.00147347524818785,0.00260489205312543
690.0007935,0.00160169387622921,0.0027483107804717
690.2350464,0.00152419357718398,0.00266162295337659
690.4692993,0.00140983009991138,0.0025337018812525
690.7035522,0.00157910661168325,0.00272304583430202
690.9378662,0.00155912206405959,0.00270069215269928
691.1721191,0.00154600435166354,0.00268601935790905
691.4064331,0.00142694296474125,0.00255284344697225
691.6407471,0.00136906282443052,0.00248810171491042
691.875061,0.00116061104815026,0.00225493833667228
692.109375,9.73601332213588E-4,0.00204575893839973
692.343689,0.00104796969452312,0.00212894354300975
692.578064,8.35162695837009E-4,0.00189090863819002
692.812439,6.10903731425772E-4,0.00164006415667307
693.0467529,1.76397115961936E-4,0.00115404752425945
693.2811279,5.3066624411696E-4,0.00155031465232195
693.515564,5.19127517651018E-4,0.0015374080295463
693.749939,4.56662252382391E-4,0.00146753761379607
693.984314,4.82325063997585E-4,0.00149624270788576
694.21875,2.70936556135246E-4,0.00125979445355361
694.453186,5.40734414214474E-4,0.00156157638678401
694.6876221,4.42581535517469E-4,0.00145178765200239
694.9220581,4.92974514632058E-4,0.00150815463269937
695.1564941,8.32794208752891E-4,0.00188825937100842
695.3909302,9.86024966891625E-4,0.00205965537374424
695.6254272,0.0011635694547011,0.00225824745726557
695.8599243,0.00132341111356343,0.00243703807171167
696.0944214,0.00147635123126226,0.00260810897907997
696.3289185,0.00171660389531852,0.00287684318601115
696.5634155,0.00172867183481894,0.0028903417591224
696.7979126,0.00201529628211232,0.00321094504497166
697.0324707,0.00173451928224325,0.00289688241144905
697.2669678,0.00161368370975019,0.00276172198827309
697.5015259,0.00154822749309602,0.00268850604896033
697.736084,0.00145726296016946,0.00258675782605962
697.9706421,0.00134079011097299,0.00245647731957376
698.2052612,0.00119880894550306,0.00229766452949876
698.4398193,0.00103131946377388,0.00211031945585053
698.6744385,8.38321665774799E-4,0.00189444209861714
698.9089966,6.19815551512914E-4,0.00165003245780654
699.1436157,3.75801120981123E-4,0.00137709053341078
699.3782349,1.06278374175872E-4,0.00107561632542589
699.612854,-1.88752688888627E-4,7.45609833867758E-4
699.8475342,-5.09292068223033E-4,3.87071058724471E-4
700.0821533,-8.55339763823793E-4,0
