400,220.711258154412,5.36219949959891E-4
401,240.344337148024,5.79400171760915E-4
402,435.050615617557,0.00100762950314097
403,393.768019411402,9.1683418462349E-4
404,723.861502631488,0.00164282880957016
405,781.994940575714,0.00177068520668976
406,622.879131582323,0.00142073215415942
407,933.551148609847,0.00210401197017731
408,1199.99478479399,0.00269001762479959
409,1521.52651846397,0.00339718187450564
410,1930.50968831836,0.00429668337363089
411,2847.02904782713,0.00631244000769716
412,3709.53246938665,0.00820939611219813
413,4767.76800410724,0.0105368377285553
414,5837.70585832936,0.0128900169661906
415,8186.09844156834,0.0180549792552504
416,10381.9913228859,0.022884539697473
417,14756.4949721059,0.0325056509813509
418,21335.8620669388,0.0469760522137649
419,27098.5102685659,0.0596501940327068
420,35799.6994733761,0.0787872473659421
421,51139.2369212912,0.112524422749467
422,65698.3488386082,0.144545160913879
423,87440.5051412668,0.19236400440179
424,117011.067471763,0.257400336228666
425,152499.814914262,0.335452891638147
426,191228.292579098,0.42063078228524
427,234216.180120865,0.51517665149989
428,284312.928766196,0.625357470245608
429,333659.551786701,0.733888492193323
430,387580.979140994,0.852481158873047
431,426943.727252437,0.939054038995567
432,445136.184352047,0.979065813660274
433,454654.489653228,1
434,445681.623189005,0.980265430387043
435,420862.895309275,0.925680096369149
436,389687.97636701,0.857115205707123
437,353965.750579102,0.77854914720708
438,317368.528255763,0.69805865573922
439,288471.899958508,0.634504547920309
440,259146.702743281,0.570007862478138
441,226774.40791464,0.498809510382491
442,199867.791222135,0.4396321558231
443,176573.778270609,0.388400219853705
444,157395.058713897,0.346219298328972
445,140635.232821727,0.309358396398821
446,128482.582705233,0.282630335676854
447,112856.539290296,0.248263030337282
448,104297.541464582,0.229438707131071
449,94127.9705969136,0.207072152917643
450,83530.198818596,0.183763830461788
451,74778.3533036032,0.164515365632168
452,68784.4253800754,0.151332556288739
453,62337.0059800863,0.137152355627073
454,59156.3960643197,0.130157047266625
455,53063.9528503574,0.116757567267863
456,48700.1717845025,0.107160038812136
457,46944.5130995948,0.103298712147792
458,41835.1960881323,0.0920614812540294
459,38646.2501683004,0.0850478390140826
460,35426.3817911159,0.0779661871375651
461,34612.5426337617,0.0761762613018699
462,31763.6620959926,0.0699105454890054
463,28561.8027770758,0.0628685020269745
464,28557.4085414374,0.0628588375179297
465,26226.8805471836,0.0577331659032982
466,25257.127070459,0.05560032824544
467,22872.4559871449,0.0503555764500903
468,21788.5037918614,0.047971574621886
469,21078.9893126909,0.0464110963804656
470,19206.4332084137,0.0422926701293484
471,19093.9245745637,0.042045223064843
472,17044.0710118921,0.0375368557565578
473,17525.9839087204,0.0385967560289802
474,16428.1715377117,0.0361822706753845
475,15722.6162298598,0.0346305000796544
476,14830.4397038059,0.0326682821161241
477,13485.0584811597,0.029709303566723
478,13396.7523128424,0.0295150864530661
479,13012.1062033245,0.0286691109273074
480,12284.0469330557,0.0270678460016821
481,11970.0324947916,0.0263772149958487
482,11012.6494447185,0.0242715843678587
483,10611.3567573093,0.023388997013369
484,10557.0908652696,0.0232696467446074
485,10015.7026287287,0.0220789387490908
486,9594.8831237733,0.0211534048800486
487,9382.56476297243,0.020686440227444
488,7859.30108652252,0.0173362340049788
489,8869.64071432169,0.0195583352473222
490,8842.89314184276,0.0194995076883512
491,7871.56691840968,0.0173632109932359
492,8422.47569340947,0.0185748580866114
493,7376.96698159844,0.016275407344036
494,7375.4473470396,0.0162720651195521
495,7507.05039592083,0.0165615076895245
496,7843.76661333771,0.017302068095602
497,7104.07548828793,0.0156752205260338
498,6805.31941042099,0.015018148157971
499,6416.28567847693,0.0141625226680063
500,6517.35006726665,0.01438479971001
501,5823.61387585122,0.0128590236141433
502,6545.81151147153,0.0144473966910512
503,5785.08404069702,0.0127742826100218
504,5586.66773872493,0.0123378935988595
505,5002.84329911902,0.0110538530872696
506,5202.98723592119,0.0114940417905321
507,5323.32284764846,0.0117587032023583
508,5291.10769682521,0.0116878504666079
509,5196.91319777173,0.0114806827899084
510,5149.0284954409,0.0113753670588305
511,5131.97720940597,0.0113378651309251
512,4501.275016196,0.00995072353168534
513,3455.21887930812,0.00765006880392527
514,4473.97589817845,0.0098906829251481
515,3764.04471145186,0.00832928819351724
516,3999.93463925904,0.00884809522356361
517,3686.21982023244,0.00815812318849747
518,3352.36961735065,0.00742386618207262
519,3710.99800345877,0.00821261935019924
520,3183.23715440674,0.00705188289478245
521,2612.50260684892,0.0057966317769587
522,3327.5705512555,0.00736932409141046
523,3250.16359230576,0.00719907827018803
524,2896.06123858371,0.00642027947968973
525,2357.941662983,0.00523676044849386
526,2980.56336084615,0.00660613012406072
527,2666.33348007881,0.00591502528245856
528,2119.81929494212,0.0047130434771958
529,1848.37457641712,0.00411603863875759
530,2198.4494160768,0.00488597947322279
531,2482.80858184183,0.00551138783901621
532,2159.03853668655,0.00479930073505859
533,1979.65845868072,0.00440477924622349
534,1716.80270515013,0.00382666463960376
535,1930.85852148132,0.00429745058357046
536,1705.98256558448,0.00380286725018182
537,1820.58389033969,0.00405491689676203
538,1461.7224997076,0.00326565126764907
539,1640.98750624101,0.00365991967281331
540,1362.09466039493,0.00304653371606801
541,1610.41307318928,0.00359267546720278
542,1476.00970426855,0.00329707398346758
543,1462.48875741596,0.00326733654471715
544,888.255780322272,0.00200439111855985
545,1225.86825627072,0.00274692272040335
546,1616.75606128608,0.00360662598576331
547,1391.24130506946,0.00311063770007437
548,1147.90511786027,0.00257545365994866
549,1204.6850522051,0.00270033321448289
550,1103.8152477711,0.00247848413365847
551,1143.98490102296,0.00256683168921253
552,909.790554273237,0.00205175385345946
553,1342.13255020016,0.00300262983598343
554,1114.55391820582,0.00250210234307789
555,1010.1232344543,0.0022724216043262
556,1259.88556082974,0.0028217390422044
557,1000.14081909838,0.00225046667258478
558,1333.08623029685,0.00298273371576536
559,1007.98992502318,0.00226772968746304
560,1216.23076872312,0.00272572640931809
561,1078.0977088914,0.00242192199007603
562,975.64874548277,0.00219659976910861
563,1042.19676226942,0.00234296286000234
564,729.698181847838,0.00165566577229137
565,1258.91503762482,0.00281960451163661
566,831.540653959065,0.00187965410015162
567,806.10554697425,0.0018237131261712
568,399.253049699619,9.28897744521945E-4
569,792.171005721371,0.00179306604416279
570,705.484649756992,0.00160241148209017
571,440.021219418194,0.00101856165365421
572,748.866881960585,0.00169782465744509
573,662.22362694471,0.00150726488990352
574,575.986205008951,0.00131759769567758
575,767.589528665598,0.00173900251027641
576,677.696081331223,0.00154129439757438
577,621.630066635564,0.00141798500983924
578,237.685860103301,5.73553221902391E-4
579,953.683410276623,0.00214829007471763
580,733.392884319708,0.00166379175560127
581,309.090242133583,7.30597211519903E-4
582,312.383214942474,7.37839646408436E-4
583,449.383293867207,0.00103915223200199
584,451.826151941676,0.00104452495797728
585,661.082605761742,0.00150475537278823
586,424.989443964188,9.85501357896304E-4
587,393.820423384983,9.1694943986202E-4
588,293.469943994843,6.96242542114847E-4
589,154.347208087734,3.90261468234953E-4
590,544.683905300487,0.00124875264876806
591,550.930909751309,0.00126249206467252
592,804.516659579816,0.00182021858972428
593,920.137439626188,0.00207451038617832
594,417.855453981772,9.69811140897371E-4
595,51.539442697779,1.64150112300906E-4
596,349.300968539428,8.19035101753505E-4
597,240.43640646431,5.79602665394216E-4
598,505.881530341509,0.00116341223131849
599,434.57229724774,0.00100657750852989
600,-23.0959340370753,0
