400,408.43780070488,0.00603905811218791
401,334.689236803945,0.00523152208337956
402,267.285613200025,0.00449346222630197
403,206.226929893121,0.00382487854095512
404,151.513186883231,0.00322577102733902
405,103.144384170356,0.00269613968545368
406,61.1205217544957,0.00223598451529908
407,25.4415996356507,0.00184530551687523
408,-3.89238218617928,0.00152410269018213
409,-26.8814237109943,0.00127237603521979
410,-43.5255249387944,0.00109012555198819
411,-51.9860466550287,9.97484071978459E-4
412,-40.1506785829861,0.00112707962783526
413,-29.8615299634437,0.0012397443059869
414,-32.7008829735332,0.00120865380424868
415,-54.7761487435506,9.66932860655058E-4
416,-143.08169464862,0
417,-121.725985558692,2.33841902793294E-4
418,15.6008055936265,0.00173755025601765
419,235.218085749334,0.00414232747327791
420,429.590265613742,0.00627067452081324
421,596.764420528675,0.00810120715817738
422,738.933684213122,0.00965793988003164
423,840.201917617956,0.0107668122800153
424,929.494484495405,0.011744552876499
425,987.431867500185,0.0123789587783424
426,1014.60814940402,0.0126765351053321
427,1012.67394245098,0.0126553558210297
428,950.679469734851,0.0119765253780057
429,886.621935775025,0.011275104714972
430,801.382137903174,0.0103417413485704
431,711.1657126479,0.00935388463746497
432,607.278809183962,0.00821633818190068
433,475.799124160071,0.00677665478880048
434,319.453822532986,0.00506469651706553
435,230.636794947656,0.00409216300653964
436,169.35683675642,0.00342115639345134
437,287.605968856201,0.00471596715985706
438,444.693645396954,0.0064360543287252
439,612.288720409309,0.00827119597982382
440,812.652458437176,0.0104651497162188
441,1063.19293691079,0.0132085314492394
442,1551.13598979042,0.018551436780065
443,2103.55099824371,0.0246003006302104
444,3253.36189873657,0.037190562451604
445,4823.82467083549,0.0543869009738791
446,7258.30843838186,0.0810441434997617
447,10737.1045024901,0.119136453506201
448,15178.1738884761,0.167765516174307
449,20782.8171613784,0.229135543359739
450,27556.0699479436,0.30330167444163
451,35204.6852591842,0.387052897619599
452,43440.0161109934,0.477228570476445
453,52093.9960609643,0.57198838995678
454,60345.3921985471,0.662339975351973
455,68158.6837425879,0.747894379284123
456,75275.3075541483,0.825820373057102
457,81276.0060745239,0.891527147493137
458,85893.3999604365,0.942086937743188
459,89125.5427492482,0.977478430324991
460,90921.3269678731,0.997142005855126
461,91182.3344725571,1
462,89924.4814798906,0.986226693012124
463,87672.5672472261,0.961568560290981
464,84800.9893438486,0.930125200666756
465,81253.5226078914,0.891280956809578
466,77706.8465695997,0.852445370976625
467,74220.7407753532,0.814273020490273
468,70724.2715838099,0.775987192313572
469,67708.9881950117,0.742970278563324
470,64765.1115312904,0.71073525804799
471,62185.4586345632,0.682488434710178
472,59471.6266191683,0.652772369574201
473,56907.7210072592,0.62469797671061
474,53922.7655737401,0.592013149651579
475,51183.2717237366,0.562016091165826
476,48332.4542646046,0.530800055381083
477,45406.5426186367,0.498761749192464
478,42280.2236868714,0.464529012425721
479,39241.3317935297,0.431253588990717
480,36221.6652805521,0.398188680669369
481,33157.8650441581,0.364640514507338
482,30257.7185713974,0.332884333211095
483,27812.5017929872,0.30610956578016
484,25425.8696002458,0.279976291025937
485,23397.6898986228,0.25776801881933
486,21580.3533850728,0.237868448800151
487,19999.5730854889,0.220559134855283
488,18488.3239000151,0.204011176478538
489,17246.5805045299,0.190414267232467
490,15918.7361833141,0.175874565395415
491,14947.8230892244,0.165243208486928
492,13867.1149058339,0.153409611348845
493,13115.5931768785,0.145180557921052
494,12346.2523001167,0.136756387421207
495,11757.8445270817,0.130313408043399
496,11133.4290617705,0.123476149681849
497,10648.7826852727,0.118169342477047
498,10044.351126483,0.111550904980052
499,9581.60011764242,0.10648384886072
500,9120.27799161281,0.101432438799965
501,8645.07740459463,0.096229061613617
502,8244.16421266044,0.0918391205790186
503,7838.6032195907,0.0873982867992173
504,7484.90994296216,0.0835253969567996
505,7182.90143838493,0.0802184478373531
506,6782.65761991468,0.0758358363446504
507,6488.92990040146,0.0726195606150611
508,6138.85521436001,0.0687862938123071
509,5759.35658898791,0.0646308391612461
510,5344.96839675336,0.0600933488368017
511,5044.77913422848,0.0568063201527465
512,4758.61573715186,0.0536728726516402
513,4460.2042507979,0.0504053103576168
514,4164.85277314857,0.0471712547130351
515,3827.30790045537,0.0434751875407246
516,3534.15105757069,0.0402651628270354
517,3285.85256389845,0.0375463305009102
518,3042.79732192472,0.0348849110168891
519,2847.91706704633,0.0327510006219823
520,2609.80559517215,0.0301437147001944
521,2410.69673066904,0.0279635016460479
522,2197.55463969766,0.0256296268068558
523,2019.95853793744,0.0236849753701182
524,1843.99940705173,0.0217582485259333
525,1633.96548109571,0.0194584076407686
526,1479.03112104864,0.0177618989737465
527,1368.40075798742,0.0165505126181818
528,1207.50468748718,0.0147887240903786
529,1059.17789420054,0.0131645673165942
530,957.805121168537,0.0120545502229255
531,919.00326206678,0.0116296755195821
532,820.365988428073,0.0105496117456803
533,747.556482742745,0.00975235826750262
534,678.367388991908,0.00899474777247722
535,648.769106089288,0.00867065088746079
536,617.919372775747,0.00833285080279369
537,613.738552308081,0.00828707142786029
538,561.974980650038,0.00772026786067731
539,555.293752518177,0.00764710938615552
540,513.144206114083,0.00718557799464317
541,506.538058881238,0.00711324164502556
542,449.924959637504,0.00649333645740416
543,439.277186256157,0.006376744890366
544,396.397008400104,0.00590721319091506
545,358.361412364158,0.00549072895649002
546,360.514178267336,0.0055143014294502
547,347.252396463235,0.00536908685107017
548,319.167812312646,0.00506156474682737
549,306.618591111002,0.004924152603217
550,267.36600945618,0.00449434255359231
551,256.115718038506,0.00437115350184931
552,222.270280934105,0.00400055089717642
553,226.643886256576,0.00404844123817924
554,201.732825950317,0.00377566875761753
555,218.129261192121,0.0039552073343899
556,186.885492720445,0.00361309262215609
557,184.173607118696,0.00358339786996592
558,176.938451320544,0.00350417396821107
559,189.831524567709,0.00364535124161718
560,149.633067940894,0.00320518399887266
561,128.347397358778,0.0029721090075346
562,99.8908996020428,0.00266051450349605
563,89.5888645965033,0.00254770872129542
564,46.783365844963,0.00207899474715739
565,48.8193918088179,0.00210128893479216
566,91.7661013157964,0.00257154914612641
567,82.0535731475109,0.00246519837789664
568,83.7268585928042,0.0024835206097081
569,75.5252929139186,0.00239371466057484
570,60.7708147901664,0.00223215527499549
571,65.6080579216226,0.00228512238245
572,65.8902808694505,0.002288212682606
573,67.5142480036396,0.00230599488609704
574,56.1005465783499,0.00218101651858111
575,45.168143031656,0.00206130829270588
576,51.9770637938407,0.00213586498292362
577,46.5141656540445,0.00207604704429201
578,41.8467699051295,0.00202493974092785
579,-1.53569930268105,0.00154990802436406
580,-35.9243625606796,0.0011733571724628
581,-27.8138247650052,0.00126216637953857
582,1.78924039582485,0.00158631562958557
583,-4.87661620193998,0.00151332547112234
584,-2.07457028445149,0.00154400746563259
585,31.0196464021223,0.00190638431619063
586,44.2485241828401,0.00205123860030905
587,51.9940767369643,0.00213605127217186
588,85.6840388438869,0.00250495144827662
589,73.0302047897713,0.00236639380917484
590,85.0159177329072,0.00249763561946336
591,91.9890064587089,0.00257398992496178
592,97.5642202373456,0.00263503770347318
593,101.741559068811,0.00268077895499747
594,104.521022953111,0.00271121367953475
595,105.902611890251,0.00272634187708503
596,105.886325880223,0.00272616354764826
597,104.472164923034,0.00271067869122451
598,101.660129018681,0.00267988730781373
599,97.4502181671705,0.00263378939741601
600,91.8424323684885,0.00257238496003119
