400,37.9924374818802,0.0011009735349663
401,124.716526985168,0.00180538823256249
402,27.0871216058731,0.00101239532297254
403,81.1858642101288,0.00145181128721239
404,5.40735757350922,8.36301869443285E-4
405,5.40232419967651,8.36260985964121E-4
406,48.5391061306,0.00118663864196698
407,113.06702041626,0.00171076534641998
408,-5.3750536441803,7.48721948099995E-4
409,5.36596345901489,8.35965646568986E-4
410,-48.2118594646454,4.00780842107003E-4
411,37.331582069397,0.00109560574998055
412,-5.3092930316925,7.49256087371155E-4
413,79.2825436592102,0.00143635160377284
414,15.7851383686066,9.20595188201285E-4
415,36.6654586791992,0.00109019517595025
416,36.6077888011932,0.00108972675350951
417,-5.22144556045532,7.49969626714613E-4
418,26.0660350322723,0.00100410156752256
419,88.4844636917114,0.0015110940167993
420,109.131327867508,0.00167879776172189
421,171.156650304794,0.00218259721350294
422,67.293205499649,0.00133896844227277
423,139.48836350441,0.00192537218182317
424,159.83819937706,0.00209066332024235
425,560.903776884079,0.00534831052200552
426,949.837383031845,0.00850741602693197
427,998.908177614212,0.00890599258304827
428,485.540815591812,0.0047361763630573
429,86.6881997585297,0.00149650389861482
430,147.542017698288,0.00199078782834097
431,177.912604212761,0.00223747231517666
432,96.496796131134,0.00157617402818578
433,5.07434022426605,8.33596942626469E-4
434,25.349508523941,9.98281595164514E-4
435,35.4582422971725,0.00108038958482154
436,-15.1765240430832,6.69109699109138E-4
437,186.932121872902,0.00231073316854994
438,25.2279883623123,9.97294550060947E-4
439,85.6625891923904,0.00148817339712513
440,125.808849930763,0.00181426060403166
441,125.649556517601,0.0018129667464414
442,125.490263104439,0.00181167288885115
443,135.357447266579,0.00189181889658105
444,95.1304739713669,0.00156507610353182
445,295.029223561287,0.00318874973387763
446,345.027324914932,0.00359485832085882
447,525.031154751778,0.00505693585994753
448,545.021517753601,0.00521930718710033
449,495.009712815285,0.00481308729302433
450,774.999815225601,0.00708730134876036
451,936.74306678772,0.00840105770284735
452,1500.57444167137,0.0129807668668029
453,1262.01947164536,0.0110431088523642
454,2191.22046589851,0.01859052550582
455,2831.14867687225,0.0237883297122193
456,3746.98907661438,0.0312272252016468
457,4484.04720783234,0.0372139652595291
458,6259.66307830811,0.0516363699640576
459,8133.83986759186,0.0668593337775323
460,10076.5392208099,0.0826388707580333
461,13397.1487680674,0.109610455971132
462,17802.7559015751,0.145394912567356
463,24011.8655000925,0.195828282179329
464,29998.1504473686,0.244451762979323
465,38706.2027782202,0.315182745390571
466,48654.9098062515,0.395990920982406
467,60884.1347211599,0.495322557896787
468,72358.6111199856,0.588523764952952
469,85358.5383981466,0.694115416532885
470,99873.4223246574,0.812012273453466
471,108140.540364385,0.879161775827032
472,114072.451112509,0.927343603272439
473,121550.666801095,0.988085261939662
474,123017.551029205,1
475,121955.039747357,0.991369773178569
476,121158.793848395,0.984902281650644
477,113900.679394126,0.925948390895425
478,110831.785560012,0.90102136157181
479,102178.985174775,0.830739161993392
480,97287.7919107676,0.791010541679428
481,89039.6862417459,0.724015466909979
482,83445.8827108145,0.678579908632896
483,78763.0085855722,0.640543356393412
484,72447.3925679922,0.589244890504202
485,67606.7016094923,0.549926474165464
486,63432.530200839,0.516021849655919
487,59252.2126022577,0.482067302840538
488,54045.1532098055,0.439773066160653
489,50206.430231452,0.408593114875608
490,48379.204762578,0.393751512231304
491,46095.9549261331,0.375205860702557
492,42841.8960787058,0.348774832229392
493,40616.8095377684,0.330701610915257
494,39460.395041585,0.321308657097114
495,38434.1845601797,0.312973282807578
496,37169.6579346657,0.302702190362381
497,35922.3897253275,0.292571279060407
498,35360.0042226315,0.28800331396463
499,36314.1052421331,0.295752980579498
500,34931.921415329,0.284526219849497
501,34518.3977848291,0.281167382359294
502,34100.6990978718,0.277774633055788
503,34850.6623615026,0.283866194795837
504,34475.1779122353,0.280816329801028
505,33239.2735224962,0.270777720898449
506,33495.1619524956,0.272856169597867
507,32715.2694894075,0.266521508528605
508,31439.0440061092,0.256155392342997
509,30154.1945689917,0.245719228263471
510,29319.294462204,0.238937768698842
511,27114.1281077862,0.221026348704774
512,24448.7261242866,0.199376673938135
513,23414.8870332241,0.190979336417903
514,20850.2446718216,0.170148079684084
515,19139.6180856228,0.156253549152615
516,17127.9940974712,0.139914173191369
517,15181.4848473072,0.12410369039846
518,13447.6583111286,0.110020718733243
519,11880.7506091595,0.0972935419895559
520,11320.5198991299,0.0927430791544905
521,10286.846357584,0.0843470863069253
522,8720.52996993065,0.0716247125020444
523,8575.13348937035,0.0704437324713281
524,6758.669911623,0.0556895430743341
525,7093.54564547539,0.0584095645832942
526,5912.82752895355,0.0488192050907967
527,5356.74742913246,0.0443024555048598
528,5089.23968553543,0.0421296291611091
529,4021.01323008537,0.0334529809554042
530,3549.65995788574,0.0296244233470261
531,3778.07921087742,0.0314797542008044
532,3224.09832692146,0.026980055454113
533,2781.98145353794,0.0233889699154771
534,2810.87495088577,0.0236236567748415
535,2693.5977011919,0.0226710746393452
536,2175.2663642168,0.0184609386312168
537,2013.88341224194,0.017150108803384
538,1904.52380335331,0.0162618375483528
539,1493.56544387341,0.0129238364211495
540,1571.44432365894,0.0135564060781786
541,1346.63234531879,0.0117303752412395
542,1021.56349217892,0.00909000992643517
543,1041.95940244198,0.00925567530317699
544,1118.82269704342,0.00987999588968332
545,927.50952064991,0.00832605840740754
546,762.357716441154,0.00698461615202631
547,752.792417407036,0.00690692220026357
548,887.329960227013,0.00799970072447367
549,587.952905058861,0.0055680165293284
550,649.992895722389,0.00607193512348628
551,419.311314940453,0.00419822855708461
552,555.704006552696,0.00530607549057966
553,455.208513617516,0.00448980284164016
554,323.165749430656,0.00341728810741601
555,385.995052456856,0.00392761787559076
556,220.907367110252,0.00258669642439614
557,298.991955399513,0.00322093694466838
558,285.470738768578,0.00311111113065564
559,349.397565722466,0.00363035551517349
560,289.094147086143,0.00314054219287727
561,165.34502184391,0.00213539237655092
562,309.417794823647,0.00330562061868792
563,151.886128306389,0.00202607278062881
564,169.138701796532,0.00216620646675248
565,202.861025929451,0.00244011537594236
566,188.181995153427,0.00232088523949099
567,90.7413178682327,0.00152942527010364
568,158.015315532684,0.00207585698235695
569,75.4558235406876,0.00140526914547881
570,228.186861276627,0.00264582397143905
571,315.271042108536,0.00335316350371278
572,60.1321890354156,0.00128080322801655
573,147.216369867325,0.00198814276029028
574,96.0218622684479,0.00157231638730217
575,61.5911376476288,0.00129265350919409
576,-97.554034948349,0
577,116.198723077774,0.0017362025391989
578,135.122669935226,0.00188991192236185
579,226.949816942215,0.00263577610335847
580,155.512725114822,0.0020555297413043
581,-27.6722638607025,5.6761330018142E-4
582,46.5018427371979,0.00117009101044491
583,-9.37664914131165,7.16219068010292E-4
584,198.511524438858,0.00240478663631836
585,47.6460516452789,0.00117938482461568
586,86.4401099681854,0.00149448879421138
587,67.7579209804535,0.00134274308455214
588,29.2648479938507,0.00103008386238322
589,29.4905869960785,0.00103191742295331
590,148.581629991531,0.00199923205858146
591,129.8594186306,0.00184716126798939
592,251.823252439499,0.00283781009004372
593,50.7833707332611,0.00120486763670724
594,92.1637637615204,0.00154097905867042
595,216.807407140732,0.00255339458082963
596,-31.2312004566193,5.38705908240664E-4
597,178.442847013473,0.00224177920181284
598,74.0801317691803,0.00139409511633924
599,32.0073416233063,0.00105235971251572
600,53.7767589092255,0.00122918137281951
