400,128.088789224625,3.3449667487652E-4
401,247.264070892334,5.95614340396426E-4
402,192.860305833817,4.76413580567867E-4
403,51.9589530944824,1.67693250470586E-4
404,84.3547781467438,2.38673759950932E-4
405,73.4716091156006,2.14828314392899E-4
406,94.9209186553955,2.61824583717116E-4
407,51.6877807617188,1.67099101369414E-4
408,62.3506222724914,1.90461800782744E-4
409,72.9771030426026,2.13744832402676E-4
410,62.1397299766541,1.89999727581032E-4
411,-12.7993995666504,2.58051875001304E-5
412,61.5877991676331,1.887904257664E-4
413,29.5988162994385,1.18701323294721E-4
414,39.98901720047,1.4146665655506E-4
415,81.7115936279297,2.32882440128291E-4
416,18.8268628120422,9.50995553076268E-5
417,29.2400951385498,1.17915351314684E-4
418,91.7524433135986,2.54882331322746E-4
419,112.427318572998,3.00181785094562E-4
420,-2.0786919593811,4.9294673775791E-5
421,80.910416507721,2.31127029976375E-4
422,-2.07056016921997,4.93124908435056E-5
423,28.9309198379517,1.17237936236667E-4
424,90.7468486785889,2.52679034465557E-4
425,450.781383991241,0.00104152866881768
426,1189.09371843338,0.0026591996362891
427,909.77483253479,0.00204720112115388
428,590.826508235931,0.00134837296906595
429,120.343618488312,3.17526705320601E-4
430,79.3674302101135,2.27746287138411E-4
431,99.6310583591461,2.72144682537149E-4
432,28.4411609649658,1.16164855545838E-4
433,99.4570683956146,2.71763463777138E-4
434,89.2302700042725,2.49356151754703E-4
435,89.1521520614624,2.49184992311433E-4
436,190.212434673309,4.70611992131458E-4
437,301.112282800674,7.13597861720351E-4
438,88.8025190353393,2.4841893278724E-4
439,58.4521196842194,1.81920030370057E-4
440,118.763554334641,3.14064723461572E-4
441,38.1974651813507,1.37541296578196E-4
442,108.423587322235,2.91409454600029E-4
443,-2.00529551506042,4.94554882327009E-5
444,118.16206240654,3.12746831312321E-4
445,18.0017831325531,9.32917737210321E-5
446,78.0061778068543,2.24763730313301E-4
447,128.007595825195,3.34318776988486E-4
448,108.004264068604,2.90490701083743E-4
449,118.002315378189,3.12396819375844E-4
450,77.9999814033508,2.24750153752837E-4
451,148.275907897949,3.78727435045809E-4
452,329.223021316528,7.75189580360183E-4
453,370.058299255371,8.64661258522251E-4
454,330.446120834351,7.77869438853681E-4
455,351.244113922119,8.23438648563791E-4
456,402.510567474365,9.35765437170613E-4
457,575.579393005371,0.0013149659480864
458,424.418356323242,9.8376625244766E-4
459,526.995503616333,0.00120851676163081
460,711.524974822998,0.00161282799183588
461,836.235611772537,0.0018860738355215
462,1023.15867490768,0.00229562951850088
463,1108.31903271675,0.00248221916624298
464,1245.49804916382,0.00278278371311647
465,2086.52643799782,0.00462550954061333
466,2267.69501876831,0.00502245692948753
467,2813.31348562241,0.00621792815754584
468,3278.18821048737,0.00723648671446542
469,4152.32364106178,0.00915175135479792
470,5051.47852897644,0.0111218345967887
471,6199.88245024681,0.0136380321404382
472,7094.74356870651,0.0155987075669771
473,9334.46311278343,0.0205060199776104
474,11178.859552002,0.0245471641290025
475,14388.9707548618,0.0315806423102182
476,18322.8574446201,0.0401999406619823
477,21742.4711112499,0.0476924468689324
478,26901.8528211594,0.0589968523527306
479,34348.4468866825,0.0753126288397152
480,42025.8896958828,0.0921342038798365
481,50868.2904016972,0.111508246865794
482,63926.1413288116,0.140118504824336
483,77735.3550446033,0.170375027801869
484,96447.6877939701,0.211374474797682
485,117588.571555614,0.257694971276642
486,140929.501554823,0.308835854412547
487,166931.469487381,0.365807174894961
488,197407.091693449,0.432580445445335
489,226012.863540316,0.495256801318155
490,261079.517392397,0.572089200313282
491,295110.086642218,0.646651497750119
492,332501.864886665,0.728578334491749
493,364994.492174482,0.799770941425625
494,392715.957684803,0.86050974780855
495,421283.647926092,0.923102665406179
496,437773.717499542,0.959233047571215
497,455726.012766218,0.998567222956919
498,456379.938678646,1
499,452498.576630068,0.991495785174746
500,443986.936023712,0.972846450398488
501,430853.453414154,0.944070480489593
502,406276.152521038,0.890220660760326
503,380775.797981596,0.834348394682241
504,353502.327709007,0.77459116324509
505,321416.771737576,0.704290465357681
506,294539.117314148,0.645400481801655
507,266484.129270172,0.583930914608539
508,239602.791130447,0.525032859887197
509,215572.307669353,0.472381138365185
510,192245.679004669,0.421271590008041
511,172155.51920948,0.377253270502252
512,154948.325509262,0.339551641554752
513,137256.887807179,0.300789015212996
514,121495.327522659,0.266254825162409
515,110493.863051891,0.242150189706905
516,96578.9285518646,0.211662028389693
517,84567.1228703499,0.185343696145418
518,78439.1846414566,0.171917145753531
519,66980.7185967445,0.146811202120213
520,60225.9045596123,0.132011142512928
521,54456.5728163719,0.119370312843188
522,47994.6145515442,0.105211911594315
523,42554.6464262009,0.093292730388996
524,38616.6677513123,0.0846644663390635
525,34803.1418175697,0.0763088830731061
526,29732.7134349823,0.0651993777804005
527,27564.6375437737,0.0604490393926056
528,23593.5871509552,0.0517483139256768
529,22026.1454312324,0.0483139883091139
530,19303.9431152344,0.0423495374273595
531,17216.5964177608,0.0377760798349144
532,15483.5196730614,0.0339788414528432
533,14229.5391793728,0.0312313215431992
534,13079.4971832275,0.0287115349139501
535,11330.4025771618,0.0248792007762151
536,10211.0349699974,0.0224266229232309
537,9117.03206291199,0.0200296201121393
538,8713.36584196091,0.0191451717618692
539,7485.55904655457,0.016454999440566
540,6708.48895549774,0.0147524087247508
541,6530.13100376129,0.0143616195331281
542,5834.72590498924,0.0128379599835892
543,5088.11853165627,0.0112021142641032
544,4444.32965693474,0.00979154786390215
545,4500.19123148918,0.00991394274089177
546,3459.82156171799,0.00763445243344847
547,3352.43556551933,0.0073991655497547
548,3257.87162632942,0.00719197229039674
549,3176.39742288589,0.00701345914987331
550,2772.32924962044,0.00612813010648866
551,2336.37322149277,0.00517293353601669
552,2264.30859203339,0.00501503713713543
553,2235.74542098045,0.00495245412125481
554,1875.86444320679,0.00416394093742785
555,1722.59752821922,0.00382812718072469
556,1779.44692955017,0.00395268642450421
557,1545.55841560364,0.00344022761677994
558,1138.79678492546,0.00254899710371178
559,1378.95572605133,0.00307519466064619
560,1121.9978249073,0.00251218993059903
561,973.173557138443,0.00218611018630384
562,758.470286798477,0.00171568699161001
563,924.107180643082,0.00207860385188029
564,625.00777425766,0.00142326544897629
565,791.969445228577,0.00178908494732484
566,667.636991500854,0.00151666771774978
567,887.615072965622,0.00199864822825351
568,578.835050582886,0.00132209922014145
569,566.757074594498,0.00129563590618775
570,486.798637390137,0.00112044386829823
571,388.550257301331,9.05177855993498E-4
572,443.260136318207,0.00102504932338046
573,464.164554405212,0.00107085171439264
574,310.761663341522,7.34740028831521E-4
575,330.832396507263,7.78715783838536E-4
576,244.771942234039,5.9015398982437E-4
577,300.329007339478,7.11881674797823E-4
578,212.59300069809,5.19648680542224E-4
579,268.708583259583,6.42600098929488E-4
580,234.183868408203,5.66955109309336E-4
581,143.895772075653,3.6913038753249E-4
582,331.093120288849,7.79287039758727E-4
583,183.782323169708,4.56523368371923E-4
584,241.995001220703,5.84069604333169E-4
585,72.421998500824,2.12528576816448E-4
586,92.2027839660645,2.55869045163192E-4
587,209.081584739685,5.11955031952541E-4
588,93.6475135803223,2.59034503796085E-4
589,192.671835041046,4.76000633749213E-4
590,213.957547187805,5.22638454838554E-4
591,75.9178139686585,2.20188044126074E-4
592,-4.02917203903198,4.50210962527138E-5
593,97.5040718078613,2.67484372487181E-4
594,-24.5770036697388,0
595,161.056931018829,4.06731152541401E-4
596,204.043842983246,5.00917144325798E-4
597,163.747553730011,4.12626411283876E-4
598,122.761361217499,3.22824073436192E-4
599,-4.26764554977417,4.44985915391361E-5
600,38.7192664146423,1.38684583323534E-4
