400,618.350142825795,0.00408107340878834
401,806.854949800787,0.00478585006770262
402,711.319875794405,0.00442866612450334
403,553.967028579422,0.00384035956770802
404,459.708787848311,0.0034879494141228
405,488.853223303491,0.0035969138388272
406,960.622481361955,0.00536075194358715
407,1019.37084791618,0.00558039874284492
408,549.137468785075,0.00382230294055613
409,891.903456866256,0.00510382711888307
410,609.644776407698,0.00404852602096717
411,639.071348725208,0.00415854529131917
412,725.686571639057,0.00448237993721463
413,724.546829206926,0.00447811869912616
414,660.583856540145,0.00423897567198681
415,837.658072508577,0.00490101594731333
416,839.282066421929,0.00490708769170392
417,805.692581037669,0.00478150423490162
418,320.933825788299,0.00296910135039896
419,410.415720777629,0.00330365383208853
420,1164.33648853232,0.00612239234762533
421,772.060072369905,0.00465575992381402
422,1337.20297925186,0.00676870089393055
423,1368.56454998663,0.00688595468387599
424,1213.10543271265,0.00630472835321454
425,1836.95876725669,0.00863717427768804
426,3299.7203292659,0.0141061075266839
427,3284.50343226108,0.0140492150049376
428,1264.62221890587,0.00649733791598331
429,1318.15135194518,0.00669747118655303
430,1051.62339066989,0.00570098367480616
431,1110.5470763186,0.00592128595233864
432,753.765035802355,0.0045873589373686
433,1315.54381600476,0.00668772220191133
434,1224.56845783374,0.00634758600058988
435,1457.67353385261,0.00721911293557322
436,985.990900226523,0.00545559869989125
437,1571.31310402406,0.00764398547792972
438,721.059029847812,0.00446507860949277
439,922.989935578688,0.00522005240223759
440,1363.49863576859,0.00686701438121618
441,1741.40338826396,0.00827991441875659
442,2053.20150459276,0.00944565675821389
443,1825.41684884141,0.00859402166620442
444,1992.93628169145,0.0092203387775921
445,2660.90581019705,0.0117177251313479
446,2455.97578477387,0.010951538311252
447,3675.69812609649,0.0155118031146556
448,3506.81543564929,0.0148803890927436
449,5088.7369561285,0.0207948343621199
450,5941.31789555141,0.0239824408512222
451,6648.51438025599,0.0266264878847397
452,8328.71962948614,0.0329083936931139
453,11150.3542321978,0.0434578446057362
454,15742.8720556073,0.0606282256667148
455,20729.988530025,0.0792739214601526
456,27868.2689217063,0.105962330554728
457,35123.2481255029,0.133087050002453
458,42460.5549885237,0.160519573869256
459,52816.5110384864,0.199238141431961
460,69094.2659434304,0.260096969918249
461,86121.9202913409,0.323759502100039
462,104338.825086806,0.391868371595395
463,124628.035954237,0.467725122818998
464,148965.986952886,0.558719193818592
465,169984.932790452,0.637304258353658
466,194215.269017696,0.727895982165096
467,208636.040061789,0.781811969765201
468,232099.210731006,0.869535435798509
469,248004.504700077,0.929001717441174
470,256970.466532838,0.962523412329754
471,266994.233403529,1
472,261906.353111724,0.980977571179447
473,258791.203262362,0.969330733424577
474,258036.249707138,0.966508133551264
475,248414.02416499,0.930532817707918
476,235990.984643334,0.8840858945332
477,222217.474690724,0.832589869144248
478,208758.897764849,0.782271306812748
479,190374.378336761,0.713535764275672
480,181819.032675772,0.681549269991693
481,168515.733772324,0.631811256918348
482,153189.97372212,0.574511720971038
483,142984.452871346,0.536355596450335
484,129959.531224014,0.487658372710867
485,117773.260637779,0.442096674809276
486,106097.655070602,0.398444237428581
487,96956.8795189373,0.364268953749783
488,86587.1796867764,0.325499001307011
489,80469.8478054639,0.302627686808632
490,71710.654815932,0.269879053662282
491,67342.3290845386,0.253546875913472
492,58762.2916161232,0.221468064569678
493,52735.8966250819,0.19893674244988
494,46552.4530921948,0.175818251501947
495,43060.5996525417,0.162763004582204
496,39713.0820560185,0.150247396597483
497,32782.2200447852,0.124334477717272
498,31602.7753624251,0.119924801932621
499,26472.1621982194,0.100742604607912
500,25494.0781160088,0.0970857703729679
501,23407.7378024216,0.0892854178028437
502,19102.7481510781,0.0731900392720621
503,18360.1935122839,0.070413796131164
504,16031.9955138443,0.0617091926095738
505,14968.0063531907,0.0577311787976188
506,12936.5471322097,0.0501360141678197
507,12564.2710618698,0.0487441584944378
508,11774.9956728238,0.0457932370798507
509,11127.7396417906,0.0433732937885677
510,9842.11933200774,0.0385666514482412
511,8507.90285601874,0.0335783190799284
512,7663.69194183475,0.030422006214143
513,6612.74762080427,0.026492764094715
514,6021.92912262762,0.024283827920345
515,6275.09774302277,0.0252303678907963
516,5057.3589617395,0.0206775191678615
517,5483.13001476272,0.0222693804313884
518,4725.22640115266,0.0194357509598068
519,4387.30393333011,0.0181723356036369
520,3768.64776676458,0.0158593207098225
521,2855.60537716474,0.0124456625908831
522,3163.15946534197,0.0135955374730113
523,2697.93501536346,0.0118561689191655
524,3193.42991044132,0.0137087117920291
525,2765.77264357876,0.0121097984033652
526,2298.75367346477,0.0103637205463152
527,2129.3182590891,0.00973024001517269
528,2286.65413672499,0.010318483126566
529,2040.59930053161,0.00939853997951898
530,1894.51986114435,0.00885238213410611
531,1758.36055659028,0.00834331341971287
532,1469.06618136121,0.00726170745704006
533,1736.58948575152,0.00826191633062556
534,1483.37312766631,0.00731519787979363
535,1103.3844789545,0.00589450662760724
536,1148.34428893793,0.0060626011455881
537,1156.1298975572,0.00609170976790051
538,1319.66780759036,0.00670314086978367
539,973.729136094496,0.0054097547487685
540,1891.80786217719,0.00884224258593372
541,746.053081794818,0.00455852569292061
542,1273.89897827459,0.00653202161226859
543,671.868611816466,0.00428116680890231
544,514.797277530961,0.00369391276501136
545,927.829445559375,0.00523814623087626
546,355.84122604866,0.0030996121915901
547,771.968245367178,0.00465541660350714
548,861.779604273813,0.00499120087595365
549,783.861218015515,0.00469988172703455
550,448.208777682142,0.00344495348806417
551,367.159325014524,0.00314192799298757
552,713.401937229282,0.00443645047931782
553,285.214811283592,0.002835556067887
554,69.6481508496452,0.00202960128534344
555,26.3314007876946,0.00186764979522713
556,556.515400524526,0.00384988735160893
557,425.808692389248,0.00336120465679848
558,385.389070274257,0.00321008487006243
559,1063.16263653254,0.0057441262942225
560,750.937384714724,0.00457678699218537
561,484.377691639837,0.00358018084244693
562,993.070894793948,0.00548206919152717
563,74.2530213720481,0.00204681785034033
564,447.548288104479,0.00344248406754772
565,686.899112205038,0.00433736243603595
566,170.856920692447,0.00240799788863057
567,362.462670842149,0.0031243682697699
568,657.08213012523,0.00422588351225497
569,-19.4533996580753,0.00169647082528443
570,421.188997382583,0.00334393266642195
571,869.756333044014,0.00502102405310199
572,328.613029430704,0.00299781214867019
573,-473.204104103361,0
574,80.8100068111055,0.00207133292963431
575,183.853520218376,0.00245658922239081
576,236.754876207509,0.0026543753771545
577,134.667723649197,0.00227269470039773
578,449.649111467375,0.00345033856894973
579,399.871664991349,0.0032642320023341
580,84.9613879933151,0.0020868540009875
581,458.869742518222,0.0034848124142027
582,518.25617017155,0.00370684477898966
583,141.452586277454,0.00229806176074527
584,197.131723526547,0.00250623340873328
585,365.297115213735,0.00313496561349891
586,-77.9797484123742,0.00147765410015456
587,-191.062677396986,0.00105486271276788
588,-135.563730508402,0.00126236066992388
589,661.481142933305,0.00424233042201366
590,264.537432933503,0.00275824804660871
591,266.044470589789,0.00276388251811795
592,327.579554868391,0.00299394822201077
593,683.564869396726,0.00432489645946931
594,451.367922546351,0.00345676481318713
595,335.238253174973,0.00302258235548866
596,-205.1882995758,0.00100205021973904
597,-329.497061624972,5.37287992203867E-4
598,-269.56261134509,7.61369289121258E-4
599,37.1422689644783,0.00190806917590959
600,536.637368142766,0.00377556790335388
