400,525.14439036731,0.00521019642594879
401,777.971002481034,0.00702927610933411
402,430.666663449546,0.00453043209207706
403,429.421100880947,0.00452147030777761
404,174.942342545219,0.00269050348323533
405,174.631779124299,0.00268826898899173
406,174.434217546201,0.00268684753952511
407,47.510951798769,0.00177363855357304
408,-15.7708475019263,0.00131832795761338
409,-78.8220482458718,8.64676511163706E-4
410,110.202236329077,0.0022247004139563
411,516.811772039413,0.0051502434938466
412,78.0471774199764,0.0019933457559534
413,264.024763880271,0.0033314487596941
414,325.320030691155,0.00377246631560395
415,353.543871641988,0.00397553598153637
416,477.596392379506,0.00486809004560321
417,414.740890464159,0.00441584664619491
418,107.333170493348,0.00220405757367759
419,290.743946388439,0.00352369245449713
420,595.958402318973,0.00571970105982939
421,900.47121087741,0.00791066133394046
422,1017.56087627387,0.00875311786838659
423,1475.36966263631,0.0120470379790299
424,1624.28782271984,0.0131184995519644
425,1705.18232049419,0.0137005329707122
426,1758.7556945481,0.0140859917461834
427,1836.43758519566,0.0146449105556494
428,2179.07154637043,0.0171101513481436
429,2768.69385629163,0.0213524656989997
430,2768.98715031891,0.0213545759404882
431,3165.73647231134,0.0242091750865176
432,3688.15980129417,0.0279679948402377
433,4191.75151058012,0.0315913216705292
434,3974.88825637489,0.0300309972390959
435,5204.57513094531,0.0388785564092139
436,5434.75836290601,0.0405347176701469
437,6591.07347615005,0.0488543692784495
438,7107.03582739,0.0525667024964026
439,8398.69175168276,0.061860127069716
440,11253.4395844068,0.0823999497580043
441,13958.2644205726,0.101861081105887
442,19077.0873614759,0.138690854430759
443,23014.8016405074,0.167022587328958
444,29607.0083980076,0.214453311812384
445,39034.4212920082,0.282283257081941
446,47399.4981863815,0.342469727569731
447,59414.8914672066,0.428920111974684
448,72655.3567760812,0.524184851871243
449,81275.5244942186,0.586206692975471
450,98411.4818075267,0.709499377805562
451,108992.352924205,0.785628419443829
452,116012.924891303,0.836141218410375
453,127174.474431518,0.916448223412566
454,136683.048079628,0.984862117806995
455,138486.853633926,0.997840443186464
456,138787.001801057,1
457,133696.923662633,0.963377044643206
458,126750.295695925,0.913396270480909
459,123768.123945855,0.891939636633845
460,115724.382580422,0.834065165374922
461,106881.226790393,0.770438931964744
462,96447.0433044021,0.695365303309138
463,87504.1008944956,0.631021108243832
464,81725.4390604014,0.58944381441518
465,72255.5017211775,0.521307907072619
466,66657.873605449,0.48103314526911
467,62740.3485166422,0.452846672972455
468,56351.0765420422,0.406876057998624
469,52952.554165661,0.382423794224964
470,47928.1994568904,0.346273716919278
471,45171.5086878513,0.326439411782604
472,41536.0050848713,0.300282075386069
473,36985.5872929799,0.267541959593111
474,35345.9357005002,0.25574471691057
475,33205.7771265222,0.240346341919114
476,30196.3135432637,0.218693344173248
477,29230.5199430717,0.211744488980494
478,27742.982563324,0.201041703371208
479,25012.603856638,0.181396712712368
480,23628.5773760448,0.171438684832842
481,21633.9906193554,0.157087694581029
482,20838.6189330809,0.151365019807413
483,18930.3310499894,0.137634947291863
484,18273.1024033264,0.132906207431419
485,16178.8310043584,0.117837989250161
486,14945.0368587935,0.108960878391802
487,13332.0531280408,0.0973555101526254
488,12757.5786012854,0.0932221836348729
489,12236.0724917945,0.0894699632471333
490,11700.0335046941,0.0856131792528201
491,10241.5509977278,0.075119442557879
492,10008.8400692067,0.0734450945980843
493,9402.37412700426,0.0690815908319959
494,8109.62333346375,0.059780288708183
495,7640.74931602276,0.0564067546009012
496,7481.09369742489,0.0552580373448274
497,5793.34805558905,0.0431147594591722
498,7034.2047997281,0.0520426854966405
499,5776.86932003353,0.0429961954646373
500,5657.12444555312,0.0421346347826516
501,5916.23965268884,0.0439989607134391
502,3942.78986283887,0.0298000502867062
503,3565.98969384582,0.0270889846817804
504,4017.03303265456,0.03033422760575
505,3999.55727382559,0.0302084900594856
506,2880.94897510164,0.0221601378197314
507,3609.25112364507,0.0274002493360986
508,3146.80037364165,0.0240729304400991
509,2869.75326722039,0.022079585046518
510,2853.17140695632,0.0219602790728829
511,1857.62752576521,0.0147973715250859
512,2003.94981723187,0.015850155903313
513,1941.37278968486,0.0153999161184037
514,2267.47510110633,0.0177462122003405
515,2417.07951435752,0.0188226113436697
516,1611.8334295817,0.0130288905771137
517,1553.49106340936,0.0126091190503055
518,1771.80350691693,0.0141798703541128
519,1926.88660648416,0.0152956884766619
520,1137.87100959313,0.00961874557029955
521,1689.13696983139,0.0135850871671259
522,1043.35760896805,0.008938724565203
523,1117.22504909583,0.00947019852072033
524,867.214545156862,0.00767138064887486
525,1648.19599448661,0.0132905181111035
526,836.785758906341,0.00745244646945589
527,1141.56149200912,0.0096452984775616
528,1072.02011047515,0.00914495038032055
529,1304.02648263594,0.0108142290788137
530,625.698568949055,0.0059336806422989
531,1014.87148463511,0.00873376777841851
532,365.20490455916,0.00405943675404434
533,482.853269274207,0.00490591311287157
534,953.456832834325,0.00829189125118511
535,528.212223685753,0.00523226939214066
536,1085.6561292183,0.00924306111498786
537,809.781167835359,0.0072581492688382
538,737.931220963735,0.00674119111513048
539,781.807700135982,0.00705688103073483
540,261.930719750371,0.00331638217670679
541,345.061366486913,0.00391450461833135
542,633.207008514659,0.00598770363360321
543,226.186184965129,0.00305920135038362
544,515.745675190617,0.00514257295987095
545,771.075898961786,0.00697966605198358
546,524.127642019863,0.00520288095291969
547,568.694757974194,0.00552353997888937
548,233.199289882262,0.00310966042415576
549,660.919100626505,0.0061870912824085
550,537.203378744975,0.00529696047573213
551,194.119502575819,0.00282848255871732
552,458.16770746298,0.00472830125631765
553,547.893263081987,0.0053738738641315
554,771.129828651792,0.00698005407444135
555,111.345268495124,0.00223292449516883
556,246.077741404444,0.00320232048601241
557,383.527935502879,0.00419127039706594
558,927.497454164003,0.00810511432158227
559,707.338488125371,0.00652107734506394
560,298.521692056681,0.00357965309491133
561,115.543999251761,0.00226313423358026
562,23.2994355058428,0.00159943743991574
563,539.789775904266,0.00531556952359421
564,23.6477682044675,0.00160194368294858
565,787.134112039869,0.00709520440025158
566,264.335929473126,0.00333368758654622
567,218.263150634378,0.00300219536251969
568,511.596021580355,0.00511271633001539
569,518.305353133328,0.00516098976379308
570,124.190015193207,0.00232534205185469
571,325.616117862184,0.00377459665367567
572,327.798952988523,0.0037903020851463
573,25.4585114870791,0.00161497192506948
574,333.680141032051,0.00383261705189251
575,180.424331260408,0.00272994622311535
576,130.304093719402,0.00236933265844725
577,709.824407842364,0.00653896346082487
578,977.340865181957,0.00846373612794734
579,293.763579972515,0.00354541862508549
580,564.274358861791,0.00549173534348885
581,81.2466162561599,0.00201636561979003
582,191.255176324852,0.00280787381960492
583,413.950947918929,0.00441016303392381
584,361.69536517272,0.00403418572630426
585,475.599110842617,0.0048537196664909
586,-28.2482916499743,0.00122855313145671
587,-198.99997936596,0
588,315.481956770587,0.00370168167690263
589,317.14391846911,0.00371363944011068
590,-145.547367308374,3.84589896628828E-4
591,205.606702382166,0.00291113260734951
592,914.913576449694,0.00801457370919607
593,-29.8968370553386,0.00121669189806452
594,451.876137184079,0.00468303360203373
595,212.267944996575,0.00295906004269608
596,-91.8040155425342,7.71271656499479E-4
597,770.973309373319,0.00697892792305583
598,155.642290989307,0.0025516402070156
599,845.748706604073,0.00751693460195064
600,664.448487835259,0.00621248511461852
