400,464.780350641882,3.07981423392847E-4
401,397.759530603362,2.79399508409559E-4
402,364.8745469829,2.65375272276269E-4
403,331.404937516548,2.51101714719956E-4
404,134.710628697689,1.67218825654645E-4
405,656.931870077346,3.89926979852133E-4
406,330.589842708735,2.50754106760417E-4
407,297.370893604448,2.36587446630218E-4
408,230.973472283539,2.08271388273828E-4
409,-257.395457539191,0
410,133.141474119257,1.665496389343E-4
411,294.90540472916,2.35536006295927E-4
412,196.043564263624,1.93375067088479E-4
413,355.786066508028,2.61499369592435E-4
414,98.9305678150616,1.51959945538639E-4
415,3.17338944981308,1.11123030539656E-4
416,256.784595097269,2.19278882921928E-4
417,509.624191768601,3.27105672452637E-4
418,66.3680015482287,1.38073208549426E-4
419,129.102010946069,1.64826956446562E-4
420,223.899133209366,2.05254442825164E-4
421,443.804794437523,2.99036120070453E-4
422,442.209287420392,2.98355695004143E-4
423,473.356661822814,3.11638904708396E-4
424,440.372839178577,2.97572517366379E-4
425,1223.19717446786,6.31418307155703E-4
426,2146.20200187227,0.00102504592154292
427,1494.78427819389,7.47240218985392E-4
428,1305.18484522173,6.66383033546965E-4
429,620.688669153934,3.74470587541209E-4
430,527.111392396845,3.34563320409867E-4
431,403.740100633729,2.81950001585579E-4
432,372.712172610212,2.68717731369159E-4
433,340.621520141218,2.55032248259584E-4
434,280.157187137222,2.29246433874618E-4
435,709.206094928604,4.12220014310041E-4
436,156.40354894122,1.76470058357907E-4
437,278.760439138525,2.28650772220092E-4
438,186.380880824639,1.89254287957385E-4
439,125.611121821279,1.63338220616062E-4
440,63.8853788521856,1.37014461270698E-4
441,33.5358734919216,1.24071513370428E-4
442,703.493536420841,4.09783818191997E-4
443,367.618000357559,2.66545254247097E-4
444,518.840536178923,3.31036104402606E-4
445,730.254748368645,4.21196490915224E-4
446,428.065437577536,2.92323863201539E-4
447,941.612289250685,5.11332709199265E-4
448,640.261177348363,3.82817542485977E-4
449,518.667036421794,3.30962113136832E-4
450,488.217979432484,3.17976710127892E-4
451,762.016824756536,4.3474184840995E-4
452,1099.30192553921,5.78581539869407E-4
453,1101.73123439051,5.79617550754026E-4
454,1070.48115831893,5.6629054256484E-4
455,799.260808909384,4.50625037963343E-4
456,1932.62471957873,9.33963065180269E-4
457,1478.9876360489,7.40503532049152E-4
458,1848.06203333024,8.97900189379531E-4
459,2377.96464849361,0.00112388416700494
460,2541.73688977852,0.00119372700501167
461,2971.73559761727,0.00137710564023737
462,4140.95988362044,0.00187573679873008
463,3524.15063456513,0.00161269033783521
464,5159.98255987594,0.00231031249449206
465,7706.63811793338,0.0033963674339912
466,7856.07966190473,0.00346009875662058
467,9521.02089300915,0.0041701349616722
468,11785.2590205516,0.00513574925326316
469,13495.0640974264,0.00586491823861937
470,16117.1413549216,0.00698313775921416
471,20030.386407661,0.00865199286038853
472,25217.3315842055,0.0108640342226662
473,33205.3470879416,0.0142706290671004
474,37950.1457226435,0.0162941111896995
475,43225.4786793984,0.0185438466896807
476,54550.542979325,0.0233735701221117
477,66919.1670443296,0.0286483334163095
478,82446.6899021059,0.0352702508737049
479,103057.265646744,0.0440599034525798
480,120675.631931969,0.0515734887387539
481,150911.704795222,0.0644680618506513
482,177155.839399489,0.0756602201029381
483,228028.26179035,0.0973554373642882
484,275037.270775788,0.117403050889432
485,344469.645895793,0.147013405427428
486,424015.417733017,0.180936751734216
487,497420.838795003,0.212241464253405
488,594565.843691307,0.253670236229061
489,727018.74213646,0.31015652631733
490,843811.0335068,0.359964143423954
491,1006190.05159063,0.429212822972705
492,1183862.17341517,0.50498344884644
493,1365856.27311311,0.582597239337765
494,1519904.68224476,0.648293220535563
495,1699374.9698996,0.724830698006427
496,1863708.12997306,0.794912747248072
497,2016844.75852784,0.860219887561551
498,2159967.2113614,0.921256350212075
499,2260206.26067205,0.964004618343621
500,2329152.1562324,0.993407507240237
501,2344610.68205601,1
502,2344459.42547915,0.999935494632594
503,2259183.07920232,0.963568269075385
504,2195648.94539723,0.936473297543999
505,2072294.77971304,0.88386728236254
506,1938690.34378678,0.826889903887617
507,1753645.03739829,0.747974885954193
508,1606333.45686424,0.685151914399115
509,1457345.03185764,0.621613830344261
510,1294057.58040062,0.551977737370464
511,1182131.10294776,0.504245210954076
512,1052292.31751796,0.44887374393002
513,933399.771225385,0.398170445338211
514,833716.024574387,0.355658993369151
515,749625.078678071,0.319797297479852
516,659801.647512307,0.281490907441479
517,588657.880776805,0.251150707317751
518,530293.678079,0.226260521273813
519,477394.203819923,0.203700840937693
520,417680.02042002,0.17823493777131
521,365572.475581112,0.156012986208832
522,335911.287940382,0.143363580502314
523,296972.369551339,0.126757563830224
524,263896.835699864,0.112652065031098
525,235251.214768011,0.100435761177353
526,210606.087365388,0.0899255206913485
527,191246.499019902,0.0816693682317974
528,170599.682724569,0.0728642603908369
529,150268.424670681,0.0641937265348569
530,134327.464376231,0.0573954932153287
531,119602.445610356,0.0511158142401734
532,108108.187907392,0.0462139360436174
533,97441.8932888283,0.0416651536533201
534,85816.5908595396,0.0367073897002981
535,80543.944046606,0.0344587997418709
536,72742.067735359,0.0311315864175631
537,64993.9528512547,0.0278273003647971
538,59424.403951331,0.0254520925851639
539,53249.0867826495,0.0228185469166887
540,44243.615252438,0.0189780444950085
541,42227.7054580658,0.0181183331049716
542,38388.0571693551,0.0164808643170549
543,34662.9890192304,0.0148922597444366
544,30690.5622015038,0.0131981657969687
545,28295.8175964024,0.0121768952922157
546,26626.738339804,0.0114650943714712
547,23298.7467670539,0.0100458283561826
548,21313.3394891935,0.00919912516767504
549,18829.0594266914,0.00813967108310394
550,15897.7960962931,0.00688959507306822
551,16331.9195394507,0.0070747327562158
552,14075.8307057956,0.00611259383876871
553,13868.8077880543,0.00602430617784376
554,12161.4994996812,0.00529620198096138
555,11391.0769594302,0.00496764510066648
556,11305.2214056969,0.00493103086443008
557,8836.60048300992,0.00387825482710831
558,7923.72667638148,0.00348894772050279
559,7613.03567160734,0.00335644943296434
560,6306.08550261992,0.00279908325039714
561,7301.8838272462,0.0032237546142899
562,6155.99100579289,0.00273507346738785
563,5854.63723119347,0.00260655716513218
564,5470.67442619894,0.00244281114944942
565,5266.46686676183,0.00235572413530334
566,4659.43462739654,0.00209684720948116
567,4507.81362146435,0.00203218642647755
568,3929.97560139276,0.00178575976153514
569,3819.28351269676,0.00173855365652757
570,3533.80075984558,0.00161680576137353
571,3257.86845277192,0.00149913078011562
572,2508.72691147404,0.00117964946324245
573,2675.47666830779,0.0012507621021294
574,2652.38120727473,0.00124091273735936
575,2669.34300296617,0.00124814631943338
576,3014.98925446561,0.00139555173418318
577,2818.07544290142,0.00131157523526943
578,1970.51440646485,9.50121623202987E-4
579,1544.25666953417,7.68338374491324E-4
580,2052.52848510445,9.85097611586333E-4
581,2019.92959008718,9.71195381721091E-4
582,1132.94645185122,5.92929693027634E-4
583,1711.54132374137,8.39679127436617E-4
584,1150.7060644715,6.00503514681224E-4
585,1161.09974517814,6.04936037263755E-4
586,1230.72720608852,6.34629588716858E-4
587,1351.60548271971,6.86179728270705E-4
588,1484.42869204531,7.42823942330903E-4
589,1853.30355646033,9.00135506231831E-4
590,1385.14643449005,7.0048371069598E-4
591,1276.49999945267,6.54150001742686E-4
592,616.464930835879,3.72669318481103E-4
593,190.800774654707,1.91139210129533E-4
594,997.201686165297,5.35039542623155E-4
595,1134.26384044007,5.9349151081239E-4
596,763.67114268689,4.35447354167915E-4
597,897.040540420017,4.92324497497253E-4
598,969.443006961198,5.23201486798056E-4
599,1430.34563713382,7.19759508373988E-4
600,1378.72653946619,6.97745861566884E-4
