400,316.256118324769,3.79980288392512E-4
401,644.669351604677,6.1235239080143E-4
402,544.988883262559,5.41822467976969E-4
403,249.496599612564,3.32743916203634E-4
404,380.959011509881,4.25761474403825E-4
405,346.731740693604,4.01543623010124E-4
406,281.64990506429,3.55494312442526E-4
407,-208.911398628425,8.3927040174506E-6
408,117.180436435356,2.39122277656676E-4
409,116.972950660978,2.38975469000001E-4
410,-143.065973879037,5.49822997843867E-5
411,148.831264803269,2.61517141156489E-4
412,469.136638935112,4.8815244588081E-4
413,372.451679479468,4.19742025643936E-4
414,178.516616739098,2.82521311942135E-4
415,273.517690881047,3.49740282106638E-4
416,145.691974719641,2.59295904729691E-4
417,-107.704850920803,8.00024197207286E-5
418,336.025484798071,3.9396830344542E-4
419,428.584250759902,4.59459193773199E-4
420,-75.745992353436,1.0261523310136E-4
421,301.848887053505,3.6978630629575E-4
422,-75.4214937080104,1.02844835397569E-4
423,425.595783839448,4.57344673799841E-4
424,549.976126057278,5.4535124202136E-4
425,1236.97598710899,0.00103144493706792
426,2441.76553776638,0.00188390596018371
427,2787.77969839664,0.00212873177662815
428,1475.24958759443,0.00120003783127129
429,698.9088325484,6.50730083729897E-4
430,326.859840647739,3.87483059291664E-4
431,665.851111426347,6.27339759042731E-4
432,358.151176201932,4.09623560017813E-4
433,264.317440436496,3.43230551919649E-4
434,172.228287576696,2.7807194108849E-4
435,294.614049694836,3.64667224001683E-4
436,263.473771447385,3.42633605399623E-4
437,907.645661241208,7.98423936529602E-4
438,293.753653543945,3.64058442009281E-4
439,628.474786119177,6.00893762317184E-4
440,566.844888341791,5.57286905264709E-4
441,566.80894995852,5.57261476698404E-4
442,413.738348493842,4.48954825580516E-4
443,291.224369243007,3.62268821339222E-4
444,777.281675124946,7.06183580592349E-4
445,775.046886414369,7.04602333253653E-4
446,988.228495951806,8.55441135662416E-4
447,925.763180235009,8.11243170203523E-4
448,927.204864812588,8.12263248697184E-4
449,1442.60819024075,0.00117694208067413
450,1288.18178653876,0.00106767611798043
451,1202.4654253977,0.0010070266403383
452,1050.19082137522,8.99283205255613E-4
453,1783.36320141296,0.00141804673276644
454,2123.1192713769,0.00165844457391075
455,2587.7410197836,0.00198719238782771
456,3117.9862702308,0.00236237277385601
457,3358.47104028115,0.00253253020343284
458,4479.47403174172,0.00332570719977623
459,5192.34901509089,0.00383010909911865
460,6695.77781742626,0.00489387534304169
461,7005.64728336978,0.00511312661545389
462,9462.85984520515,0.00685175219809791
463,12699.828961128,0.00914210241141787
464,15034.6834789054,0.0107941523233423
465,18222.7706355195,0.0130499156123139
466,23811.7329792672,0.0170044424050696
467,27615.1426278537,0.019695583342168
468,38065.5993781977,0.0270899096363864
469,44006.7984208899,0.0312936650654607
470,59496.1576145715,0.0422533177105628
471,77951.207905897,0.0553113750654032
472,93984.9443292188,0.0666562073212405
473,126326.223057779,0.089539605951962
474,159339.006760969,0.112898134714239
475,200789.367769736,0.142226756575851
476,258607.227217375,0.183136367380664
477,321696.712260751,0.227775970154923
478,394385.869982855,0.279207918354838
479,459413.872876731,0.3252191390264
480,556017.805034407,0.393572227579671
481,664708.707783038,0.470477574334978
482,747838.153469616,0.529296653801894
483,848088.294626941,0.600229654384315
484,941458.924589029,0.66629498729081
485,1041137.44572836,0.73682353235226
486,1137054.26120842,0.804690444555745
487,1212951.49151752,0.858392296937886
488,1292270.60967095,0.914515340648565
489,1334837.398631,0.944633902390604
490,1387686.61280604,0.982027898015763
491,1407309.8023505,0.995912484105287
492,1413086.7191884,1
493,1386427.63217813,0.981137093548241
494,1379910.10910613,0.976525554227447
495,1332055.87034733,0.942665803941186
496,1282630.69077875,0.907694518607806
497,1222728.11709825,0.865309847177779
498,1163130.75975648,0.823141134652968
499,1078541.49817792,0.763289147697633
500,1020009.89341084,0.721874519178383
501,937783.92547509,0.66369470452532
502,872154.396855134,0.617257868246778
503,795493.941557013,0.563015988309905
504,743954.232984483,0.526548546608692
505,661157.53855414,0.467964908656169
506,601316.796346923,0.425623986709978
507,534137.80328781,0.378090811207408
508,485413.210253009,0.343615232956681
509,439071.776853087,0.310825883391694
510,382948.053148674,0.271114975454265
511,347408.940780867,0.24596891731228
512,309201.37281513,0.218934766442473
513,273697.956941845,0.193813965715964
514,247482.851583953,0.175265202969571
515,218643.427882724,0.154859577255931
516,198882.70155079,0.140877675622372
517,178361.758019752,0.126357874626236
518,153916.430082357,0.109061335780475
519,143568.338326252,0.101739438872511
520,129265.041707207,0.0916189967893714
521,114463.889695227,0.0811462920912436
522,104014.668027529,0.0737528396922345
523,95005.5233348105,0.0673783283114188
524,80239.0095832853,0.0569301322645574
525,75328.6291738112,0.0534557429776782
526,64590.6141479702,0.0458579519193425
527,61844.5499379096,0.0439149464336354
528,55135.4418320075,0.0391678491857957
529,46816.9466030366,0.0332820138133001
530,45740.3670541977,0.0325202690727619
531,38805.3446394398,0.0276133238724241
532,36258.2380082128,0.025811092832442
533,34280.387472003,0.024411644695838
534,27927.3056479626,0.0199164574420104
535,24711.8062508343,0.0176412983452134
536,23859.3547282011,0.0170381376548305
537,21639.9922654497,0.015467805313693
538,21260.2138077697,0.0151990892276226
539,19958.9292836507,0.0142783522107802
540,16352.3144140547,0.0117264554085189
541,14229.6241318765,0.0102245244457908
542,13523.5976809866,0.00972496829480662
543,15072.2835902996,0.0108207566621755
544,11556.1136038147,0.00833285505106641
545,11024.5093206046,0.00795671306767126
546,11378.2002033745,0.00820697062645257
547,10755.1147729432,0.00776610023276079
548,7359.32137605918,0.00536337229424405
549,7673.88167027429,0.005585942609609
550,7595.45536117136,0.00553045128196544
551,7136.78173810562,0.00520591212424989
552,5366.42578725097,0.0039532788786169
553,5446.64709644022,0.00401004027671322
554,4895.0648855249,0.00361976270865765
555,4788.43801227526,0.00354431778683505
556,3945.02096607755,0.00294754953156368
557,4212.47472325841,0.00313678914055444
558,4036.81960992596,0.00301250258980772
559,3228.30476205592,0.00244042973771208
560,3149.93391769549,0.00238497765470763
561,2936.82034544604,0.00223418699276963
562,2713.84117805195,0.00207641582927758
563,2835.25807849034,0.00216232558431719
564,2468.19359672449,0.00190260540040221
565,2086.44906874855,0.00163249820142322
566,2906.19025188423,0.00221251436049822
567,1827.40495381396,0.00144920891979825
568,2343.98083700718,0.00181471740687266
569,1704.81731284132,0.00136247079546121
570,2075.9793886964,0.00162509027348753
571,1993.69503477324,0.00156686914723897
572,2004.42158551832,0.00157445882662959
573,1080.50865612796,9.20734895650729E-4
574,1404.97556909914,0.0011503147392406
575,1150.36956141459,9.7016568525539E-4
576,782.499937303967,7.09875814736966E-4
577,1329.77974073133,0.00109710917089094
578,1615.94041639513,0.00129958504912109
579,2006.29838778941,0.00157578677704494
580,1584.72358695513,0.00127749726594906
581,926.655666635867,8.11874657976618E-4
582,821.368259206993,7.37377488733199E-4
583,601.368159151019,5.81714194445031E-4
584,606.532380510505,5.85368191461607E-4
585,670.228748092363,6.304372001096E-4
586,614.757913236159,5.91188250275328E-4
587,563.238025632301,5.54734833100826E-4
588,1452.51796234064,0.00118395384007933
589,868.585761048075,7.70786709377964E-4
590,335.562654235009,3.93640823002797E-4
591,822.776142932945,7.38373651092673E-4
592,-24.4180637750249,1.38932827727319E-4
593,36.778696164506,1.82233213724988E-4
594,906.246804782536,7.97434161504328E-4
595,411.897321273802,4.47652188164111E-4
596,541.75900623169,5.39537135840107E-4
597,801.34259939532,7.23208130738424E-4
598,742.084946965786,6.81279779857595E-4
599,750.400943324009,6.87163847128837E-4
600,-220.772870094917,0
