400,315.401357669142,6.21261592391883E-4
401,343.351574003982,6.64000622885448E-4
402,536.978226409196,9.60077594253932E-4
403,315.037490950021,6.20705199174106E-4
404,508.621468292138,9.16716915562049E-4
405,508.314059956204,9.16246853574475E-4
406,424.368727572295,7.87884980536799E-4
407,285.3313415462,5.75281149141486E-4
408,340.162224150394,6.59123747550596E-4
409,448.930124497976,8.25442124266766E-4
410,615.152229676352,0.00107961445469942
411,337.298651614815,6.54745022446916E-4
412,280.995124018489,5.68650583892066E-4
413,198.553208759199,4.42587605058423E-4
414,305.710793788145,6.06443628185519E-4
415,627.82463362101,0.0010989919883875
416,437.596023709922,8.08111006918884E-4
417,545.627335553626,9.73303056806262E-4
418,651.333494931796,0.00113493968655176
419,810.387885561173,0.00137815177370727
420,488.621769525742,8.86135122376655E-4
421,648.218628728973,0.00113017670511252
422,1046.2256413804,0.00173877427897667
423,1120.59172078416,0.00185248839471903
424,1414.95335319884,0.0023026005023747
425,2575.09319798219,0.00407658506152781
426,3355.45507192437,0.00526984630598041
427,4281.89442336493,0.00668647647503928
428,4130.13832355628,0.00645442429699508
429,3365.80544564282,0.00528567319378239
430,3984.51169239685,0.00623174476724703
431,4686.31228524419,0.00730487695981317
432,5078.13008327671,0.00790401052706071
433,6656.12143175874,0.0103169371231704
434,8068.18411208927,0.012476140087129
435,11876.2744967547,0.0182991394200391
436,16152.5714817674,0.0248380794072113
437,20207.083784318,0.0310378856219218
438,25030.1808070722,0.0384129444858479
439,33681.5106554021,0.0516418027446932
440,46053.1710222571,0.0705594656114364
441,61754.4696824977,0.0945685206466248
442,76163.3152600871,0.116601269271545
443,99192.3017698255,0.151815184787782
444,131596.85461521,0.20136539776638
445,165322.044618216,0.252935013781948
446,207207.813855245,0.316983075064262
447,255152.120814929,0.390295323262806
448,312056.356310966,0.477308311890254
449,379630.442880084,0.580636705196905
450,437809.053267669,0.669598356643187
451,499570.362851012,0.764038358895144
452,551294.329189746,0.843130132215114
453,597802.478258736,0.914246333157757
454,628269.917746634,0.960834481518919
455,649385.551839231,0.993122665573135
456,653883.15000227,1
457,640553.158388358,0.979616940661894
458,620309.007355117,0.9486613524131
459,585648.606423107,0.895661693497907
460,551767.957819365,0.843854363763142
461,506809.32734401,0.775107551365845
462,469813.182804786,0.718536277259631
463,429450.023736205,0.656816458508233
464,387868.724723656,0.593233966509981
465,356094.567413925,0.544647699344843
466,320741.441398688,0.490588785714017
467,298369.007845502,0.456378813655482
468,273772.302979326,0.418767680105638
469,252764.48520699,0.386644359354951
470,225646.038606857,0.345177198518114
471,215019.694065343,0.32892832022844
472,195710.646625098,0.299402610750419
473,183041.691297935,0.280030350387114
474,169518.81593925,0.259352350067128
475,156763.530820154,0.239848081723429
476,149070.955444554,0.228085267095693
477,134672.327565793,0.206068142483717
478,127853.724420447,0.195641729884213
479,120441.011980696,0.184306857223222
480,111615.03431502,0.170810942770544
481,103668.610643473,0.158659965492072
482,94306.8415027839,0.144344765495609
483,91048.1993341969,0.139361934402554
484,83960.2101385704,0.128523600174982
485,81475.7960105714,0.124724651003957
486,73413.5718796098,0.112396601773454
487,71091.0903044751,0.108845265723983
488,65397.7427058496,0.100139495660772
489,60114.1504543727,0.092060287698795
490,58028.985894179,0.0888718361084889
491,56023.1086896998,0.0858046238199842
492,54461.4447414647,0.0834166636587914
493,53303.3211486339,0.0816457621760857
494,49524.0375156975,0.0758668116128101
495,48112.8936969468,0.0737090136917537
496,47090.3490039456,0.0721454276253111
497,47082.7980136658,0.0721338813102502
498,45863.3794129132,0.0702692528530807
499,46545.9018144595,0.0713129065186828
500,46754.8200205063,0.0716323659987788
501,45893.6952175823,0.0703156091347161
502,47127.725044818,0.0722025798037215
503,49108.6912575927,0.0752317003786833
504,52634.2873252811,0.080622734066573
505,51937.5489598788,0.0795573425902342
506,50340.5315578198,0.0771153230141541
507,53776.4875346238,0.082369286901515
508,55938.2547079224,0.085674872519628
509,54844.9274292671,0.0840030519032112
510,55371.1485082108,0.0848077032329148
511,57376.7809439883,0.0878745412424914
512,58595.3413593227,0.0897378574374472
513,58518.6199080843,0.0896205416927422
514,60266.2016565697,0.092292791121646
515,58804.297368508,0.090057374722802
516,59630.7041847426,0.091321043872837
517,57737.9654009868,0.0884268329792182
518,55725.3956691796,0.0853493870622464
519,52167.1746785731,0.0799084661907033
520,50463.7815829537,0.0773037861916632
521,49388.8681477895,0.0756601224170054
522,44288.5950366816,0.0678612300789365
523,40608.2074251832,0.0622335026770596
524,34820.1939720869,0.0533829778544415
525,32440.5652874459,0.049744257434612
526,30387.9208594536,0.0466055327911446
527,27078.0445907563,0.041544358985436
528,25344.57951529,0.0388936955403901
529,22890.4051521175,0.035140986377513
530,19371.5243412588,0.0297602210740599
531,19714.7945505409,0.0302851199072669
532,16144.4757091233,0.0248257000585236
533,13695.3916221525,0.0210807745015834
534,13062.5250829588,0.0201130502452512
535,11494.7197403732,0.017715699200021
536,10564.8693801852,0.0162938532141997
537,10407.2127179776,0.0160527784113116
538,9112.93718305126,0.0140736852661419
539,8644.55785220185,0.0133574804874771
540,7802.0705414164,0.0120692224491585
541,7349.82996604041,0.0113776956462933
542,6512.0900156752,0.0100966968570386
543,5578.47896638645,0.00866910035378926
544,4895.71756514454,0.00762508123071959
545,4330.62821454195,0.00676099593357332
546,4484.25489673031,0.00699590844287256
547,3474.63896092553,0.00545209190312853
548,3714.67684518914,0.00581913687810303
549,2845.56946575125,0.00449017375499198
550,3351.0012542934,0.00526303591692072
551,2547.14436193077,0.00403384814164314
552,2291.75445523243,0.00364332819434229
553,3119.24865012463,0.00490866006888172
554,1752.40917609479,0.00281860848357245
555,2378.90968654553,0.0037765983645671
556,2049.09497435028,0.0032722745027096
557,2138.74742597022,0.003409363204196
558,1677.44938151794,0.0027039865104245
559,1086.56278565385,0.0018004543181747
560,1498.81836674821,0.00243083955886322
561,1104.28907565909,0.00182755981317322
562,1151.41332486122,0.00189961810064793
563,1080.52209126908,0.00179121741573286
564,1252.35842350162,0.00205397453200014
565,888.429304070409,0.00149748589711689
566,1020.28925095527,0.00169911461523766
567,1452.83626567507,0.00236052774458672
568,397.95647381591,7.47497668139119E-4
569,701.205450588198,0.00121119952683485
570,664.368660120041,0.00115487192306095
571,625.74747298348,0.00109581577569691
572,896.000466228074,0.00150906305725231
573,635.090310115504,0.00111010202651867
574,462.355398250429,8.45970880732071E-4
575,465.92264109864,8.51425597040567E-4
576,332.150292154839,6.46872600662565E-4
577,795.733848239985,0.00135574409927566
578,568.89681301467,0.00100888471008804
579,666.79716704943,0.00115858538382511
580,436.485327277602,8.06412626909179E-4
581,393.371438419028,7.40486632328383E-4
582,348.983320630566,6.72612198120577E-4
583,302.830602402144,6.02039490986762E-4
584,451.528622293191,8.29415520221083E-4
585,161.287909950443,3.85604763743025E-4
586,1000.89916595339,0.00166946499019575
587,809.55042816313,0.00137687120697236
588,866.779243487484,0.00146438051473429
589,267.757269376333,5.48408412366716E-4
590,-35.5741675536155,8.45804627974616E-5
591,529.009771148785,9.4789292819334E-4
592,946.320439411058,0.00158600796682076
593,328.558387355973,6.41380173452354E-4
594,330.696224816849,6.44649167843529E-4
595,334.194666688844,6.49998679706189E-4
596,-90.8875943110588,0
597,285.10190873138,5.7493032051278E-4
598,233.916020290578,4.96661328934895E-4
599,345.007718385763,6.66533054276559E-4
600,127.065533945216,3.33274894302033E-4
