400,355.756451656896,4.67862823745758E-4
401,559.510074150006,7.42259704816986E-4
402,557.504200740884,7.39558376612108E-4
403,268.639361549248,3.5054143568382E-4
404,210.895779248768,2.72777621272778E-4
405,181.217856587931,2.32810089333157E-4
406,499.151185139957,6.60973832759217E-4
407,323.832614536694,4.24870698106835E-4
408,94.6726366130439,1.16258844048989E-4
409,123.163839937574,1.54628210122378E-4
410,379.748903290962,5.00173679460053E-4
411,150.642995298068,1.9163464187623E-4
412,206.758925910182,2.67206482759177E-4
413,149.505353631334,1.9010256935988E-4
414,64.4705980605365,7.55854804081471E-5
415,64.4129574884349,7.550785531852E-5
416,92.0344933791552,1.12706032244513E-4
417,8.34453940812725,0
418,63.965339149339,7.49050435763026E-5
419,230.553658634351,2.99251068595467E-4
420,369.043251888413,4.85756280059979E-4
421,422.317989256579,5.57501859818728E-4
422,588.680848288319,7.81544255167777E-4
423,393.94101378855,5.19286325452338E-4
424,557.222979786001,7.39179653760619E-4
425,1409.43466556791,0.00188686098442711
426,2499.27248116658,0.0033545556139244
427,1950.62771124845,0.00261569064632527
428,1532.35193900259,0.00205239480928657
429,770.740334143016,0.00102672544250912
430,306.830085775986,4.01973235940636E-4
431,442.159609378622,5.84222752484442E-4
432,306.300663694413,4.01260258344575E-4
433,684.799448728368,9.10988060146375E-4
434,333.214507490024,4.37505379804458E-4
435,304.752439447634,3.99175250484017E-4
436,440.674071005873,5.82222164268113E-4
437,601.680112060371,7.99050483482289E-4
438,518.918650513625,6.87594860541933E-4
439,653.558224376686,8.68915215413329E-4
440,437.564160059555,5.78034018537808E-4
441,1001.31327809615,0.00133724015093984
442,355.644653157365,4.67712263676177E-4
443,623.427059549396,8.28337298071364E-4
444,862.296211073215,0.00115002458568993
445,1074.35064202298,0.00143560024200455
446,1739.32290090307,0.00233112451098659
447,2114.41185813916,0.00283626026627027
448,2089.61634920647,0.00280286792589147
449,2004.07499878555,0.00268766860098663
450,3349.41476364308,0.00449945006008922
451,4549.25868844831,0.00611529093059915
452,5332.43771015861,0.00717000533640064
453,6095.29018494005,0.00819734579413692
454,8370.90897424209,0.0112619425883003
455,9952.34426044365,0.0133916760616984
456,13058.3743505514,0.0175745954071828
457,18021.434958896,0.0242583948647521
458,24450.0302768229,0.0329158434211226
459,31160.9484223841,0.0419534987311703
460,39709.9084387954,0.0534664619668803
461,53433.4472410761,0.071948078139045
462,69425.8385095968,0.0934851788357516
463,88432.9420468623,0.119082220326388
464,111382.399806934,0.149988466579028
465,134461.417939576,0.181069192979353
466,172942.64687051,0.232892218598411
467,199957.918912703,0.269273934412661
468,231303.790097415,0.311487708000103
469,273765.090734248,0.368670732863227
470,317487.929187558,0.427552682329304
471,356709.470964053,0.480372694079716
472,386898.92057669,0.521029104079222
473,425882.867147711,0.573529144176901
474,449604.860647917,0.605475771429963
475,484505.133197643,0.652476290090703
476,501023.559435039,0.674721806927587
477,541331.335229972,0.729004660040649
478,556750.314179016,0.749769541082525
479,565875.760940331,0.76205886433012
480,579333.942228368,0.780183121092492
481,595825.820754078,0.802392885881402
482,600405.784305868,0.808560765002538
483,593057.072255408,0.798664186763274
484,596144.104151551,0.802821521065871
485,591738.255347706,0.79688812388032
486,594809.61244196,0.801024348782764
487,608189.918387964,0.819043730104372
488,598360.003462201,0.805805693087798
489,601995.591113829,0.810701772481437
490,604752.802104305,0.814414933930958
491,603921.367752933,0.813295233628012
492,613544.223813609,0.826254422562855
493,617195.300513622,0.831171361200692
494,633348.332760397,0.852924798583175
495,642342.915382676,0.865037885888773
496,653875.540860431,0.880568978896779
497,682780.800930175,0.919495959004622
498,689037.452733781,0.927921849645739
499,712598.315641588,0.959651480845142
500,718409.836741461,0.967477909865509
501,732105.722618679,0.985922285588661
502,729150.44963721,0.981942392230658
503,742351.014404407,0.999719714450389
504,739615.931522145,0.996036353128118
505,742559.140662412,1
506,718177.220447087,0.967164643358236
507,706490.254441157,0.951425698538636
508,695903.380676055,0.937168258077488
509,663151.531005591,0.893061040306707
510,632494.708474435,0.851775214890829
511,608062.310952771,0.818871879995452
512,575188.640831783,0.774600605501332
513,544613.130719393,0.733424284269128
514,491967.774424005,0.662526297801052
515,462501.943863263,0.62284439224713
516,425918.635794327,0.573577314142919
517,389437.175508511,0.524447395386799
518,347540.00397756,0.468024088389211
519,317266.5661595,0.427254570699481
520,294459.089373986,0.396539531533681
521,265079.536701235,0.356973817206597
522,238904.966554193,0.321724282381904
523,213397.598672416,0.287373274996341
524,197640.526708683,0.266153080975941
525,179564.449594634,0.241809861349179
526,157431.992048582,0.212003876813697
527,143972.030903174,0.193877223101002
528,132787.289051532,0.17881462817815
529,120413.560618077,0.162150814068649
530,109585.414296533,0.147568449632332
531,96828.3537151978,0.130388398586743
532,87497.7953257617,0.117822849619383
533,79404.8809304994,0.106924047224292
534,70396.4160752879,0.0947922645876741
535,68487.6372366986,0.092221694535692
536,61842.6930767564,0.0832728870000503
537,56295.8342682164,0.0758028811263765
538,51930.7819922195,0.0699244250008324
539,47702.3577730472,0.0642299671384886
540,40880.5534497184,0.055042980390987
541,36979.6516920003,0.0497896000457158
542,34008.4391638956,0.0457882407533711
543,33927.6460731736,0.0456794359535597
544,29657.8622529748,0.0399292787353704
545,26384.8194128791,0.0355214417803974
546,24163.8679401227,0.0325304659652041
547,22632.9876612211,0.0304688153860186
548,19104.5775434314,0.0257170729648777
549,18953.0891470592,0.0255130621454655
550,17819.3352099369,0.0239862252704102
551,14986.0935100143,0.020170672563827
552,13003.4786810669,0.0175006669032056
553,12781.9131056505,0.0172022825009892
554,11526.053355681,0.0155110046025254
555,10219.5203993868,0.0137514846301332
556,10015.4500853393,0.0134766612576273
557,9777.18559708897,0.0131557882756113
558,7987.62477918156,0.0107457702307165
559,8033.2417128855,0.0108072029757114
560,5890.71254720495,0.00792183920414572
561,7110.59922071562,0.00956467182903808
562,6601.82857143085,0.00887950570714964
563,5641.17100523943,0.00758577930996956
564,5670.95356246648,0.00762588775424374
565,4950.55380817385,0.00665571876640618
566,4152.23757490485,0.00558061893830396
567,4369.18235810694,0.00587278047706307
568,3966.18108145312,0.0053300549439979
569,3134.86530778223,0.00421051433073435
570,3037.85351667545,0.0040798676576538
571,3194.34121033658,0.0042906110767952
572,2577.51485221426,0.00345992533604469
573,2827.89954958365,0.00379712071537321
574,3046.5958411875,0.0040916410266377
575,2970.42679533138,0.0039890634706593
576,1196.16915952304,0.00159965436212144
577,2400.52904243548,0.00322157691503046
578,1740.82121904446,0.00233314230983512
579,2292.91580361438,0.00307665317461704
580,2108.63702336866,0.00282848324306775
581,1490.70465436476,0.00199630802727074
582,1401.8418656888,0.00187663569085964
583,1612.37100164823,0.00216015721835466
584,1426.34085310013,0.00190962870297309
585,1638.62079918114,0.00219550806259314
586,936.722499152208,0.00125025515370977
587,1199.28228676322,0.00160384683926434
588,1315.82659427619,0.00176079813218795
589,1324.60524184136,0.00177262041776222
590,543.018546965859,7.20050413182996E-4
591,974.204036307821,0.0013007318852025
592,1250.91195901897,0.00167337699467635
593,883.687860795356,0.00117883291750216
594,833.114864485634,0.00111072579732429
595,1229.3779576443,0.00164437695658185
596,959.576662071592,0.00128103306552228
597,1078.84409343459,0.00144165161442927
598,750.383361879858,9.99310520365818E-4
599,1495.37484089276,0.00200259741050538
600,1279.0743851839,0.00171130359351911
