400,365.592910320961,4.09153419260928E-4
401,393.565442916003,4.37444081246006E-4
402,393.734103272003,4.37614659762831E-4
403,509.586754991705,5.54784894482942E-4
404,161.340281595429,2.02577841622247E-4
405,190.642668592999,2.32213482338281E-4
406,305.12157932912,3.47994352627786E-4
407,448.925872210622,4.93434120303123E-4
408,74.5948350371619,1.14845845994525E-4
409,762.83708213498,8.10915417469291E-4
410,74.4782718660549,1.14727957159737E-4
411,244.684267944482,2.86869692504135E-4
412,215.876407396412,2.57734202447608E-4
413,45.1431043096892,8.50591630742178E-5
414,73.1040162673203,1.13338072261299E-4
415,44.7206799247028,8.46319344902738E-5
416,268.464622952834,3.1092049960001E-4
417,-11.1519133711334,2.81239066314594E-5
418,-38.9595657817898,0
419,239.100835337024,2.81222759961386E-4
420,238.354646138336,2.80468084412245E-4
421,210.489633502132,2.52286165201952E-4
422,237.123970678295,2.79223412578008E-4
423,485.073602952482,5.29992956313804E-4
424,374.65792241917,4.18321527021272E-4
425,784.780974005941,8.33108875478469E-4
426,2725.83745327193,0.00279624083581418
427,2318.62564828243,0.00238439784333043
428,1271.75983509999,0.00132562610845622
429,586.571952977612,6.32645639007005E-4
430,-10.8907387623935,2.83880515582672E-5
431,206.162517254124,2.47909837004761E-4
432,314.605619998982,3.57586254538425E-4
433,422.06759342341,4.66270384445874E-4
434,124.677256108234,1.65497850460047E-4
435,124.514784195834,1.653335307675E-4
436,204.953392309352,2.4668696077809E-4
437,232.226187894252,2.74269927699622E-4
438,69.9711668732342,1.10169593220043E-4
439,446.763958418054,4.91247619236814E-4
440,284.146858754689,3.26781088223266E-4
441,177.35631545157,2.18776024558532E-4
442,42.9129945594131,8.28036904629938E-5
443,149.674571282081,1.90779458112659E-4
444,283.499716225527,3.26126585793552E-4
445,362.772797926352,4.06301233952189E-4
446,604.090690038253,6.50363615271903E-4
447,175.870804456705,2.17273618965186E-4
448,310.203833504309,3.53134406875787E-4
449,416.520974739002,4.60660684507996E-4
450,442.992680883369,4.87433451262456E-4
451,256.851372875374,2.99175172952403E-4
452,337.53005186477,3.80771404145862E-4
453,365.600014416842,4.09160604151127E-4
454,553.298905520548,5.98994179825647E-4
455,691.07295740323,7.38335125050549E-4
456,556.454967420764,6.02186135367021E-4
457,854.67672067571,9.03799540920023E-4
458,1181.04243827361,0.00123387698988566
459,1347.00809248906,0.00140173015829608
460,1322.74267049589,0.00137718876758712
461,1514.83359257156,0.00157146432445278
462,1602.90680453064,0.0016605391860517
463,2101.73981816114,0.00216504538790056
464,2603.35304534901,0.00267236342245462
465,2690.55113657332,0.0027605532106402
466,3254.09248880613,0.00333050367388348
467,4145.33545868336,0.00423188267922398
468,4150.66357590212,0.00423727139269641
469,6894.39568579218,0.00701220774980919
470,7551.14035356543,0.00767642152249305
471,10772.6833971651,0.0109346029190896
472,12047.4344022965,0.0122238515660892
473,15330.4843534933,0.0155442393834546
474,20300.1932021527,0.0205704683358733
475,23928.6532169732,0.0242401945380639
476,29626.8670054562,0.0300032136590875
477,37273.2292677853,0.0377365373917176
478,45795.800509004,0.0463560351583159
479,53499.2056956972,0.0541470505599553
480,60743.0337298453,0.0614732620746195
481,71360.3748678069,0.0722113533895108
482,84336.3406619107,0.0853348938113026
483,97834.7565828062,0.0989868261436555
484,114673.365267926,0.116016938987072
485,130653.282125254,0.132178594168786
486,145494.662187727,0.147188764067164
487,163075.748205136,0.16496979837856
488,188711.722901315,0.190897328977493
489,212251.802655925,0.214705128188262
490,234912.071355985,0.237623110323283
491,269909.558739024,0.27301862134884
492,297471.356493061,0.30089387723821
493,328263.831142486,0.332036552254536
494,354817.455829637,0.358892169204856
495,404697.38894687,0.409339382837133
496,442461.15332541,0.447532631506607
497,490658.364698919,0.496277985934507
498,534798.932146371,0.540920560547387
499,577734.945228301,0.58434488149368
500,618518.420851124,0.625592184343422
501,671361.10848043,0.679035847659368
502,721024.733812901,0.729264293455639
503,764506.916840629,0.773240995895116
504,818065.110226545,0.827408302357776
505,848912.626097348,0.858606644574916
506,904192.597074885,0.914515310268904
507,938198.731052855,0.948908193305906
508,964932.781281435,0.975946287762999
509,978123.846826149,0.98928737424777
510,987816.395054384,0.999090155056672
511,988716.008762508,1
512,958734.143506969,0.969677153373773
513,911346.076125608,0.921750145268336
514,873416.739426789,0.883389441237744
515,824188.454012402,0.833601286445845
516,769790.218967857,0.778584384597537
517,703961.462158604,0.712006962568952
518,651783.444719218,0.65923552868417
519,582854.761106408,0.589522924630863
520,529846.619445308,0.535911925587569
521,479164.257095625,0.484653156758956
522,434271.568953164,0.439249907642178
523,403829.18304926,0.408461302902852
524,350207.358332779,0.354229641435562
525,320526.741845748,0.324211469656144
526,287773.996060235,0.291086229495897
527,262843.775872258,0.265872479895096
528,227312.350661699,0.229936958609541
529,209446.571101023,0.211867992957838
530,193256.080044185,0.195493368732979
531,165828.845736477,0.167754206669318
532,153991.958020979,0.155782698970589
533,138466.305914917,0.140080474857055
534,123859.713281635,0.125307762606639
535,114721.88728817,0.116066012844396
536,101891.765576566,0.103089975178263
537,90467.7091107467,0.0915359938262056
538,82842.0091296846,0.0838235673653252
539,74280.8659076056,0.0751650589417938
540,66741.8929712217,0.0675403458653779
541,58123.2158837378,0.0588236492483629
542,57141.5564355883,0.0578308254653288
543,52246.6972692049,0.0528802974546739
544,43913.5112289791,0.0444523387519077
545,40943.3906128974,0.041448439190115
546,37955.0109778282,0.038426072950963
547,35666.0042010598,0.0361110334820454
548,32103.6374847591,0.0325081522522057
549,27592.6044948133,0.0279458156425878
550,26225.0151609978,0.0265626728239704
551,22713.9520007155,0.0230116786214143
552,19353.329566705,0.0196128360955533
553,18781.7975359402,0.0190348040764262
554,18325.8786761734,0.0185737000877023
555,16620.0014213927,0.0168484220264806
556,12383.338343512,0.0125635757161316
557,12937.4139721168,0.0131239528028244
558,11901.2257168249,0.012075980060858
559,10080.1586791457,0.0102342021724919
560,9118.2231235649,0.00926132660028899
561,9580.59628323915,0.00972895829316027
562,7259.69138517494,0.00738165792814849
563,6929.16640798335,0.00704737391666037
564,6246.22870569056,0.00635666921815711
565,5693.79476515817,0.00579795249032473
566,5042.59701033278,0.00513934871518883
567,4036.09158505754,0.00412139638370577
568,4359.86628895558,0.00444885335157867
569,3297.81232130237,0.00337472072856
570,4043.45151270015,0.00412884001522052
571,3569.72783334532,0.00364972871411043
572,3099.09478660304,0.00317374319513196
573,3583.31251220641,0.00366346789044454
574,1660.02694382211,0.0017183089481476
575,1808.33703930184,0.00186830576255601
576,2680.27216888909,0.00275015734107344
577,1935.40412175447,0.00199681796883849
578,1806.02895164865,0.00186597142520538
579,2062.10493038072,0.00212495973569147
580,1640.54349999886,0.00169860392066623
581,1062.52030933679,0.0011140069181962
582,1367.31203824702,0.00142226501921545
583,1831.74539564252,0.00189198034027293
584,887.515610389655,9.37011904716754E-4
585,1403.51323845654,0.0014588779327978
586,1154.81006449492,0.00120734627740485
587,754.808396927335,8.02795422662873E-4
588,1230.14277361403,0.00128353573943757
589,1234.3492384648,0.00128779004407877
590,243.449625276702,2.85621008343419E-4
591,1310.1103651119,0.00136441279599797
592,892.099298238364,9.41647722483069E-4
593,1168.11368537425,0.00122080119930711
594,580.472996398474,6.26477319479418E-4
595,693.925980441879,7.41220595293468E-4
596,643.627881488912,6.90350460058641E-4
597,650.729326427013,6.97532669165623E-4
598,653.72708496265,7.00564520970833E-4
599,604.713824876384,6.50993836973024E-4
600,493.390973592536,5.38404919749109E-4
