400,210.513910045774,0.00202093324831679
401,77.0955703178189,0.00124099664756727
402,422.081687768207,0.00325771564061327
403,156.491943735153,0.00170513177112839
404,-135.193110797118,0
405,209.297245939714,0.00201382087629155
406,50.1524779202868,0.00108349278459716
407,23.791022935603,9.29389056178044E-4
408,-2.63371301807021,7.74915400026758E-4
409,102.650839243443,0.00139038757551415
410,233.842894094357,0.00215730976562986
411,75.8332785393343,0.0012336175454073
412,75.7114449031107,0.00123290533063768
413,-2.5876203160725,7.75184848630217E-4
414,-28.4217490461712,6.2416376272731E-4
415,23.1160146743109,9.25443094551902E-4
416,151.158627133924,0.00167395428211778
417,23.0601169984559,9.25116328056494E-4
418,-28.1349782568086,6.25840166699251E-4
419,125.064664555581,0.00152141426014677
420,150.045750938291,0.00166744863320289
421,48.456616320477,0.0010735791210469
422,251.351982014498,0.00225966434853432
423,276.074375236073,0.00240418645374823
424,351.821924613935,0.00284699129075444
425,1308.64464463218,0.00844038318344773
426,2540.22465613145,0.0156399505718473
427,2381.8947907683,0.0147143862360876
428,1401.19369414562,0.00898140618843556
429,598.416665452327,0.00428853421749426
430,196.907795679416,0.0019413946585701
431,346.371309640248,0.0028151280992079
432,620.189457586297,0.00441581355195772
433,668.809646219179,0.00470003733054358
434,344.857821677863,0.00280628055501672
435,121.823504422391,0.00150246709424799
436,419.056261868251,0.00324002961336212
437,442.664306527962,0.00337803746250627
438,566.900743440455,0.00410429851846258
439,762.223214116926,0.0052461141349665
440,959.236787980045,0.00639781559830078
441,1032.31811448266,0.00682503423621021
442,1892.40080887111,0.0118529035260891
443,2163.11207858045,0.0134354267977188
444,2817.180426781,0.0172589779316452
445,3232.11103509181,0.0196845782565536
446,4285.90917482173,0.0258448688182035
447,5736.33161626149,0.0343237447428626
448,7370.48850546735,0.0438766950483263
449,10300.7415181195,0.0610063608700118
450,13005.3875159049,0.0768171737615888
451,16433.0913431823,0.0968548363263755
452,22987.2451646194,0.135169092542607
453,29743.6018275647,0.174665385630152
454,35200.8185871536,0.206567169880397
455,45186.2708658038,0.264940102140213
456,54436.1424481498,0.319012978582947
457,66528.1162348132,0.389700209069795
458,77479.7059985787,0.453720985453095
459,88488.0922732776,0.518073782739684
460,102585.139063157,0.600482264034866
461,116348.259367747,0.680938678707367
462,128899.110144272,0.754308411167812
463,142368.058276641,0.833045154882746
464,150529.622947687,0.880756009472243
465,154827.529300142,0.905880699808732
466,165504.976706157,0.968298895474411
467,168715.06120196,0.98706439948893
468,170519.549453721,0.997613072452788
469,170927.86457843,1
470,167572.533345455,0.98038541296818
471,164298.046392107,0.96124342522646
472,162811.138697988,0.952551263901833
473,153230.771130967,0.896546374848431
474,152627.842994046,0.893021779035251
475,143854.09988587,0.841732253250463
476,135169.389599578,0.790963195315875
477,132394.12185213,0.774739541974602
478,122742.114952488,0.718315863887564
479,113716.775820282,0.665555558687108
480,107438.147633649,0.628851969546086
481,103812.608072677,0.607657799338053
482,92949.7135442698,0.544155517342474
483,90625.64793204,0.530569500328491
484,80132.5765582887,0.469229129616691
485,75652.356104644,0.443038667957903
486,67115.7011596934,0.393135111571934
487,62262.3493318605,0.3647633994478
488,59071.861570283,0.3461124539738
489,50086.338746288,0.293584906849516
490,45917.5051482174,0.26921474970171
491,42318.4564367064,0.248175439636006
492,37957.965963723,0.222684895202356
493,35693.8604599912,0.209449392842489
494,33096.2686308792,0.194264396945648
495,30020.1071422751,0.176281779715734
496,28349.029426371,0.166512997732777
497,26520.5528703156,0.155824093998943
498,22309.7445471032,0.131208561106609
499,21559.0249769513,0.126820006498192
500,19096.5935345828,0.11242513085624
501,18972.3120352583,0.111698606374547
502,17489.5043136011,0.103030412658806
503,14705.6583761709,0.0867566129557302
504,14206.4413604698,0.083838291358743
505,12365.5712447442,0.0730769373844096
506,12067.7824364589,0.0713361243046719
507,11704.4640462021,0.0692122385565476
508,10344.5684481636,0.0612625642293816
509,9048.65095388596,0.0536868929431129
510,9505.52083785636,0.0563576617820541
511,8405.32462858135,0.0499261375000917
512,7044.48077693233,0.0419709198743125
513,6683.45180393396,0.0398604175959406
514,6474.53731206685,0.0386391457755418
515,5458.19266990952,0.0326978007774667
516,4676.83591144348,0.0281301473692975
517,5030.56560249134,0.0301979795232771
518,4204.26380281452,0.0253675865042422
519,3994.06001974668,0.0241387777485276
520,4015.69491152914,0.0242652509454568
521,4081.79079850533,0.0246516341182414
522,3348.71127725342,0.0203661996641017
523,3331.82085336187,0.020267461665847
524,3318.32496312334,0.0201885674240345
525,3423.46297856964,0.0208031829749695
526,2736.27177482565,0.0167860023339429
527,2027.78215161264,0.0126443154450055
528,2189.4726768078,0.0135895255177081
529,1953.4706513021,0.0122099054600891
530,2119.5375540076,0.013180698949629
531,1783.58146467122,0.0112167676726217
532,1565.01227266793,0.00993905643002033
533,1479.86256407655,0.00944128847391331
534,1586.9150092762,0.0100670953935706
535,1265.9063277871,0.00819054363642683
536,1474.07376662708,0.00940744833608541
537,1283.08129828334,0.00829094503652013
538,1126.85438350008,0.00737767412406471
539,1264.97042724088,0.00818507255132605
540,973.103934897566,0.00647888013149013
541,910.490824964071,0.00611285656813699
542,914.527490558929,0.00613645409789816
543,716.349448338141,0.00497794538831563
544,1030.88751176902,0.00681667122240139
545,795.615351425095,0.00544131780874177
546,659.006323178787,0.00464272908893479
547,1296.82868553642,0.00837130947895901
548,738.206699059592,0.00510571845058112
549,635.601256392023,0.00450590780733883
550,963.733946863939,0.00642410507859326
551,716.793867069013,0.00498054337023456
552,323.64503281469,0.0026822748862901
553,178.800721731651,0.00183554437042279
554,475.557082687571,0.00357032197211304
555,552.68243093319,0.00402118114233631
556,666.972552463093,0.0046892980524031
557,409.426730578613,0.00318373732314051
558,562.970974482776,0.00408132588479892
559,376.820923536801,0.00299313037689355
560,339.938435552828,0.00277752281976114
561,613.479414098895,0.00437658799631734
562,151.777352454576,0.00167757122506858
563,269.784049520617,0.0023674144832221
564,351.916172887884,0.00284754224708143
565,552.372516245243,0.0040193694438192
566,758.492551103121,0.00522430543433762
567,561.304154098182,0.00407158199031282
568,322.255510267055,0.00267415201881418
569,160.200962358669,0.001726813943034
570,533.356173641277,0.00390820375520797
571,371.654322074676,0.0029629274708312
572,248.077458524606,0.00224052214720736
573,504.89571027945,0.0037418296488037
574,209.234230096253,0.00201345249842954
575,211.267168154973,0.0020253366427105
576,39.1097486760288,0.00101893922526397
577,607.613264681076,0.00434229567454396
578,392.51334966411,0.00308486512277782
579,128.750038573165,0.00154295821047343
580,533.230840631665,0.00390747108381004
581,85.6121447639082,0.0012907828174226
582,41.0049376273877,0.00103001811615344
583,822.042755548913,0.0055958070624755
584,134.215532716663,0.00157490838263408
585,42.0221449461979,0.00103596450418457
586,277.623025991225,0.00241323955250649
587,185.004236289339,0.00187180886049731
588,329.186780637539,0.0027146708220211
589,139.954952390672,0.00160845986798421
590,528.801603928277,0.00388157866283254
591,484.46209859886,0.00362237889212594
592,340.756869756429,0.00278230722040648
593,193.952972993999,0.00192412136341607
594,296.491259453287,0.00252353942506191
595,550.029812823717,0.00400567447394569
596,709.733125732561,0.00493926770597465
597,97.7628493605712,0.00136181337633344
598,253.532369298948,0.00227241045113475
599,151.87452212586,0.0016781392592929
600,574.337450366889,0.0041477720014395
