400,359.542268037476,9.95283555701179E-4
401,225.990357970047,7.94440195480848E-4
402,332.353275447276,9.54395120409879E-4
403,278.527850354751,8.73449222777923E-4
404,278.486403963377,8.73386893212524E-4
405,409.974865649056,0.00107112711618515
406,119.066384711333,6.33641521268352E-4
407,303.689041232277,9.11288128417206E-4
408,-13.1492525262762,4.34807728153252E-4
409,118.293155447221,6.32478692795539E-4
410,-302.277071057307,0
411,39.1876520336588,5.1351509946708E-4
412,-38.9461258672601,3.96012845157078E-4
413,-194.587690157128,1.61949740060767E-4
414,-12.8833707225449,4.35207577132244E-4
415,12.8256478043283,4.73870338797704E-4
416,141.243037836613,6.66992100304423E-4
417,12.7998552081567,4.73831550346971E-4
418,-12.7905971770611,4.35347095545759E-4
419,63.8244816810065,5.50565439286637E-4
420,216.579319270192,7.80287311896569E-4
421,267.056408123149,8.5619778097372E-4
422,493.752168989166,0.00119711644201756
423,266.239804940581,8.54969724204851E-4
424,442.379270757169,0.00111985880114996
425,970.543892236901,0.00191414438848398
426,2901.84923966582,0.00481855702768379
427,2148.34612914501,0.00368539392595756
428,1291.0558696418,0.00239614949421674
429,810.414567928884,0.00167333232111935
430,286.436015699647,8.85341995410264E-4
431,236.419126690256,8.10123602417296E-4
432,658.702889747944,0.00144517921409796
433,384.944985796206,0.00103348568392844
434,385.121841668115,0.00103375165037977
435,534.048389182912,0.00125771631111568
436,605.9314001514,0.00136581828778061
437,829.8822689492,0.00170260901575225
438,654.409746366406,0.00143872292798254
439,875.776399148525,0.001771627357152
440,1194.79284714154,0.00225138339619421
441,1219.65799180996,0.00228877708981528
442,1487.9289364051,0.00269221900191347
443,1803.2025594845,0.00316634635670859
444,2072.70549306531,0.00357164100762207
445,2828.95529542612,0.00470893474902509
446,3689.69797309772,0.0060033711339583
447,4465.87221996515,0.00717062844820137
448,6191.27793531961,0.00976539689022658
449,7254.32882989617,0.0113640764871278
450,8666.29211991008,0.0134874714391803
451,11396.7191253901,0.0175936510837849
452,16412.0027916526,0.0251359350053083
453,22136.1015352572,0.0337441774880857
454,28337.7128351275,0.0430705319491897
455,39543.7608021231,0.0599228579649335
456,51448.1740421956,0.0778254275004826
457,66483.121584142,0.100435881993693
458,91806.6895326502,0.138518979996397
459,116701.224314614,0.175956872230264
460,152019.848700341,0.229071134665055
461,191405.594337734,0.288301777600851
462,231003.355769302,0.347851262584658
463,288074.178694308,0.433677783830295
464,343766.290908772,0.517430917344248
465,396873.775660253,0.597297133296922
466,455052.831208935,0.684790281129423
467,518287.73522252,0.779886716656898
468,555919.725433307,0.836479957157144
469,602153.652687815,0.906009305717486
470,633544.169581926,0.953216244868585
471,644214.878093582,0.969263495352167
472,664653.287907137,1
473,659460.695419509,0.992191068454629
474,654656.325438982,0.984965969164447
475,626302.548128183,0.942325860856264
476,604308.661041112,0.90925013633354
477,579900.066941292,0.87254303079842
478,548227.487861507,0.824911909640987
479,508953.0576537,0.765848669514416
480,473875.233006547,0.713096536146973
481,435621.352719643,0.655568060107888
482,405480.660426246,0.610240682038069
483,377123.015381719,0.567594757200284
484,346124.374940448,0.520977145326794
485,311720.924145021,0.469239175742984
486,288059.085390218,0.433655085615731
487,260581.987990075,0.392333381057856
488,243292.559348074,0.366332502875015
489,221010.345244226,0.332823174917772
490,195336.076705397,0.294212672365362
491,180097.466353926,0.271295937542682
492,161668.806887208,0.243581815821899
493,152161.195277005,0.229283700111694
494,138831.448691576,0.209237628934191
495,127645.651568138,0.192415757349728
496,115428.167937995,0.174042373813125
497,104182.26195723,0.157130106929347
498,98474.1744248711,0.148545943064884
499,88168.7353152323,0.133048006582501
500,81728.9767238734,0.123363511962819
501,76609.0778895803,0.11566390148665
502,69268.8971319108,0.104625298090782
503,64820.8996644173,0.0979361331273469
504,60093.4127097684,0.0908266551356799
505,56452.2430663355,0.0853508461715842
506,52034.1081266271,0.0787065902657731
507,49883.5619284191,0.0754724701057614
508,47652.3058768972,0.0721169736349632
509,43549.5279444336,0.0659469704820485
510,40271.9709043471,0.0610179839260912
511,39368.6038036618,0.059659446381233
512,36865.0610271462,0.0558944688272853
513,34612.5177423854,0.0525069593403398
514,32972.3536818572,0.0500403824036056
515,33022.0994010338,0.0501151929951648
516,31744.040261847,0.0481931711240813
517,30942.1867276766,0.0469872957597677
518,28093.9656196301,0.0427039702895315
519,25498.7710604472,0.0388011612961696
520,26395.5157199217,0.0401497396173449
521,24040.0741307923,0.0366074854981442
522,22711.6079583661,0.0346096585118105
523,18726.4993991674,0.0286166136091345
524,17313.2819069729,0.026491332512734
525,15756.5887014677,0.0241502840465011
526,14368.8568043608,0.0220633297142182
527,13780.0364477062,0.0211778263999118
528,11945.7014001901,0.0184192435048635
529,10679.610670556,0.0165152204448028
530,9980.08485234647,0.0154632316277268
531,8751.17125433907,0.0136151177645882
532,8281.73977123501,0.0129091585880236
533,7179.22045314898,0.0112511240122513
534,6477.32663887671,0.0101955740608868
535,6852.94978331069,0.0107604586399734
536,6272.61152442395,0.00988771121224749
537,4040.14779413918,0.00653039856180298
538,5325.65704055419,0.00846362435029182
539,5133.76760550743,0.0081750495264191
540,3878.2195218538,0.00628688112873858
541,3907.62266532477,0.00633109933672053
542,3147.63887489023,0.00518819020043944
543,2963.05723640788,0.00491060527867342
544,3319.6915650933,0.00544693333947717
545,2446.38007566781,0.00413359522273529
546,2744.1871821848,0.00458145538392781
547,2224.75551138587,0.00380030293080718
548,2317.63988255761,0.0039399880106287
549,1865.78272279657,0.00326045815395946
550,2131.09577835613,0.00365945181539045
551,1961.66370733846,0.00340464972042155
552,1689.44753205453,0.00299527473415031
553,1996.83618119832,0.00345754419294321
554,1524.25451765426,0.0027468475863819
555,761.848317792345,0.00160029548573602
556,1400.45508438812,0.00256067058481008
557,1635.79283965886,0.00291458559457236
558,774.615281810236,0.00161949521078579
559,894.800048015774,0.00180023625956471
560,900.841387506503,0.00180932158768122
561,944.037064735473,0.00187428183390517
562,799.692655099961,0.00165720806651705
563,999.015231562963,0.00195696129359101
564,769.217996248045,0.00161137844953668
565,815.327626565896,0.00168072087292006
566,540.997581534363,0.00126816692273163
567,1316.16314860833,0.0024339073238957
568,874.483528447919,0.00176968306076785
569,718.206628947765,0.00153466450053476
570,517.47004105444,0.0012327847983927
571,812.519796111658,0.00167649828933385
572,189.489427853395,7.39547910884584E-4
573,656.436670350382,0.00144177113765358
574,448.9497973051,0.00112973995245388
575,667.643438602169,0.00145862454687673
576,803.185623387714,0.00166246100140732
577,284.705097240888,8.82738936574573E-4
578,550.696365515859,0.00128275253490229
579,732.419545035168,0.00155603873489863
580,291.526892618527,8.92997960992035E-4
581,-22.5833176580921,4.20620216041634E-4
582,340.897582584021,9.67244561164655E-4
583,253.159451446724,8.35298705293556E-4
584,347.740537456692,9.77535406497899E-4
585,256.838209271828,8.40831041616247E-4
586,399.552161641279,0.00105545282972645
587,545.107360884386,0.00127434745503556
588,694.334902816415,0.00149876476920139
589,888.79882593266,0.00179121126240823
590,413.248477091421,0.00107605016911497
591,122.483977701119,6.38781102271631E-4
592,616.194524925211,0.00138125258943075
593,174.29763336903,7.16701580566462E-4
594,476.49640336281,0.00117116618829358
595,177.438302173588,7.21424706396173E-4
596,433.341810642528,0.00110626772741417
597,231.803583494135,8.03182472153543E-4
598,441.285708235943,0.00111821423634169
599,130.560230192056,6.5092665442022E-4
600,-290.155623998532,1.82289579893542E-5
