400,453.788383419669,1.86039745366421E-4
401,381.389861512136,1.34461454442859E-4
402,520.967320830587,2.33899490101839E-4
403,428.892225623537,1.68303177880584E-4
404,472.628588418014,1.99461919588504E-4
405,333.138034192974,1.00085797019357E-4
406,356.962619679183,1.17058952948016E-4
407,239.078650218119,3.3075834068148E-5
408,192.651336429426,0
409,494.486052422899,2.15033655137679E-4
410,398.882520197115,1.46923607190021E-4
411,352.28061604295,1.13723391125866E-4
412,489.056133969087,2.11165262436794E-4
413,347.599031021044,1.10388127533722E-4
414,529.804700292112,2.40195432572193E-4
415,278.466038630531,6.1136271280518E-5
416,389.089797044126,1.399470569731E-4
417,525.42184221761,2.37072988592852E-4
418,794.718616136205,4.28925901939483E-4
419,700.89114055329,3.62081155600324E-4
420,815.009459109992,4.43381542391962E-4
421,655.601087224694,3.29815530764647E-4
422,919.839238890527,5.18064570947147E-4
423,900.650427994442,5.04394042256801E-4
424,1006.8180742168,5.80030196134644E-4
425,1401.40650168512,8.61143624569357E-4
426,1360.54988128645,8.32036474346483E-4
427,2587.02620213121,0.00170580503785647
428,3042.80238621686,0.0020305099627557
429,3294.23314320839,0.00220963473477527
430,2984.0063626635,0.00198862238925169
431,2835.06779039011,0.00188251529192353
432,3631.51080443335,0.00244991871950769
433,4219.68386291578,0.00286894607427267
434,4904.851371517,0.00335707439732244
435,6143.31218072397,0.00423938097253529
436,6661.95182501921,0.00460887120179879
437,9089.4798530845,0.00633829527783956
438,11702.4553850769,0.00819983621285179
439,14046.9394964591,0.00987009798583361
440,17371.1411962508,0.0122383320028131
441,23888.7511993161,0.0168816199596277
442,31425.578682371,0.0222510207473703
443,42323.7630903557,0.0300151257473534
444,58592.0663091125,0.041605020874238
445,78136.8082895809,0.0555291226560683
446,105443.115949747,0.0749827336336951
447,137191.615171178,0.0976010590647159
448,174755.447923114,0.124362355329271
449,222256.662901064,0.158203260099185
450,284936.906825466,0.202858037173526
451,354017.735888772,0.252072731131212
452,431760.601244201,0.307458449249256
453,509650.365159977,0.362948821115501
454,594863.604875547,0.423656597362678
455,683171.874736932,0.486569340798025
456,756281.090895545,0.538653945854447
457,828538.754187711,0.590131886018752
458,902450.173306051,0.642787998014078
459,963150.188630222,0.686032016910671
460,1028068.66117306,0.732281357020186
461,1095250.48081478,0.780143155119883
462,1166674.08483367,0.831026893210573
463,1220082.95366365,0.869076539830834
464,1278934.78510324,0.911003872093954
465,1333150.18035975,0.949628105785458
466,1367629.75075674,0.974192106071632
467,1394504.68926985,0.993338400231514
468,1400811.58621251,0.997831571594165
469,1403855.3282333,1
470,1380616.33022583,0.98344402940253
471,1337813.60747855,0.952950433290176
472,1292905.56150013,0.920956958848227
473,1216396.90401918,0.866450517421647
474,1158327.81888184,0.825080830748982
475,1079821.1736627,0.769150979146248
476,1012875.05772125,0.721457101519286
477,916494.127819545,0.652793218459592
478,834720.472678631,0.594535877513765
479,769850.214817192,0.548320886598106
480,712842.669777072,0.507707464314805
481,641516.32914477,0.45689301878863
482,582582.982179109,0.414907613081365
483,519164.25804864,0.369726726551938
484,479892.160994387,0.341748425425435
485,433207.689322821,0.308489386455494
486,399039.87151853,0.2841474855368
487,355675.776679873,0.253253955664991
488,322237.310208258,0.229431660592262
489,292843.332960359,0.208490748126824
490,269679.334808679,0.191988209067447
491,245775.418212287,0.174958535920308
492,219741.087591225,0.156411109213333
493,203644.828327633,0.144943781964042
494,189623.259446798,0.134954509532981
495,169193.108212602,0.120399622828035
496,154200.21411728,0.109718357063765
497,139518.238588839,0.0992585964887386
498,128286.27691661,0.0912567012634132
499,120344.695160162,0.0855989446761935
500,109399.435444026,0.0778013021967816
501,101730.48349941,0.0723377730520369
502,89932.7857570713,0.0639328350733337
503,87443.618608921,0.0621594979396192
504,79996.1739614858,0.0568537754394674
505,73116.7478044123,0.0519527217388146
506,67092.3809883285,0.047660831019456
507,64023.1142063255,0.0454742182153111
508,59008.4001071501,0.041901626180406
509,54060.1314088791,0.0383763713027809
510,50682.3117516233,0.0359699386798637
511,46493.9990120626,0.032986093053349
512,43560.1442813491,0.0308959507570535
513,39284.7182475085,0.027850043713851
514,37778.230310451,0.0267767887489275
515,35045.2237392513,0.024829735075575
516,34734.4714936977,0.0246083483772833
517,30520.8834941229,0.0216064961025687
518,28995.3289239345,0.0205196576510677
519,25925.9070521458,0.0183329343575664
520,24414.3395254576,0.01725606058186
521,24088.318981558,0.0170237964137905
522,22313.7903285974,0.0157595833787302
523,19164.770160148,0.0135161525172565
524,19764.6284711695,0.0139435047015773
525,17286.6194936295,0.0121781168927212
526,16698.9653176309,0.0117594592011897
527,16444.5712859562,0.011578223327456
528,14549.5617497897,0.0102281770753495
529,13853.5386519153,0.00973231499300562
530,13079.0938139576,0.00918058354733537
531,12717.760582068,0.00892316184777973
532,12383.1120554435,0.00868475091605625
533,11435.8841875179,0.0080099250597332
534,10393.1460998983,0.00726705563335164
535,11526.1318508461,0.00807421946950388
536,9685.15777718027,0.00676266926305705
537,8546.98954477694,0.00595181331373486
538,8031.24018293308,0.0055843821849226
539,8794.97434942237,0.00612848311391339
540,7965.33983248361,0.00553743333351112
541,7493.58325569693,0.00520134362723667
542,7254.32915407,0.00503089377089664
543,6993.96325501088,0.00484540340818733
544,6703.23392401521,0.0046382814722829
545,6410.87894656713,0.00443000139028029
546,5800.06606981435,0.00399484493367127
547,5981.46450226184,0.0041240771455361
548,5186.48769153234,0.00355771827326988
549,5042.40142824212,0.00345506806701893
550,5611.52699738853,0.00386052557366476
551,4653.9119745605,0.00317829968094168
552,4632.5835489345,0.0031631048439078
553,3421.74118240443,0.00230047425148731
554,4876.98635025499,0.00333722274655146
555,4405.87208455075,0.00300159063674447
556,4217.25222523499,0.00286721372239012
557,3649.40445119322,0.00246266654493212
558,3964.15148885532,0.00268689922051905
559,3459.23077934272,0.00232718266053411
560,4217.23752308073,0.00286720324825378
561,3711.32903485505,0.00250678297310326
562,3227.84964083595,0.00216234167536359
563,3253.51989189302,0.00218062972382394
564,3681.7191883622,0.00248568827066499
565,2813.67298924496,0.00186727316751766
566,3047.36221780085,0.00203375848653498
567,2637.52362028654,0.00174178050332013
568,3242.8570687627,0.00217303329534734
569,3190.61665685586,0.00213581608300232
570,3469.24230413975,0.00233431508982913
571,2809.01772631509,0.00186395665635974
572,2714.29057507198,0.00179647096139739
573,1691.32199892402,0.0010676857675006
574,2723.20770654695,0.00180282372094691
575,2289.29904261154,0.00149369769581482
576,3106.37577847864,0.00207580103824567
577,2593.86677721152,0.00171067841320006
578,2652.62860636732,0.00175254162586716
579,2707.96772255662,0.00179196642293567
580,2029.22126545874,0.00130841259745502
581,1956.74042248754,0.00125677565920471
582,2175.40341064188,0.00141255595581967
583,1592.5024215176,9.97284538606441E-4
584,2291.52829668724,0.0014952858651894
585,1821.80018980084,0.00116064128525026
586,1712.8044854275,0.00108299036087412
587,1682.19826457395,0.00106118581954285
588,1990.14725068895,0.00128057541448157
589,3114.34908169634,0.00208148139389588
590,1423.51729090433,8.76895834543399E-4
591,1953.9057090098,0.00125475614730602
592,2496.16968582171,0.0016410768679016
593,1895.09644528166,0.00121285914121183
594,2354.02949297602,0.00153981308481097
595,1751.77519083366,0.00111075394399675
596,2030.98747981719,0.00130967088720478
597,2595.98602297164,0.0017121882102439
598,1886.29298826996,0.00120658736583688
599,2540.74982179221,0.00167283673207997
600,1313.76215048388,7.98703871312541E-4