400,250.123174321001,6.01054108885748E-4
401,326.749246807657,6.91060897896453E-4
402,892.614326999941,0.0013557393451738
403,378.168143686648,7.51458744900244E-4
404,69.1604797062445,3.88491066771913E-4
405,18.0005337464174,3.28397389615132E-4
406,299.294679531969,6.58812116718305E-4
407,-84.3019937995872,2.08230431903727E-4
408,68.8346537328772,3.88108343911568E-4
409,349.564128186434,7.17859794772206E-4
410,501.390104349701,8.96198161328199E-4
411,143.988281376868,4.76385564539308E-4
412,270.133838604133,6.24559106331749E-4
413,67.6368775035863,3.86701407749329E-4
414,392.379898455206,7.68152206687005E-4
415,191.386882413909,5.32061077383665E-4
416,91.8090853146938,4.15094652212643E-4
417,364.773806822871,7.35725441431687E-4
418,535.846282028415,9.36671198948436E-4
419,289.699753612818,6.47541690807741E-4
420,362.549431076089,7.33112637303484E-4
421,460.91058112272,8.48649960198888E-4
422,459.404108100278,8.46880421514716E-4
423,311.365337446778,6.72990595725536E-4
424,776.789583076336,0.0012196888737058
425,1188.69617307008,0.0017035240532283
426,2626.49041759149,0.0033923910277164
427,2303.74521895913,0.00301328691791644
428,1593.81479368445,0.00217938592408559
429,427.877531228909,8.09848561984329E-4
430,379.555052595732,7.53087840761562E-4
431,524.050219303807,9.22815265917342E-4
432,473.58553553593,8.63538260102144E-4
433,595.115052802759,0.00100628969266595
434,473.993146721389,8.6401704979836E-4
435,473.413758772286,8.63336487070845E-4
436,544.624297226949,9.46982062291259E-4
437,736.318242781434,0.00117215028444119
438,640.239305046726,0.00105929370186525
439,590.220429229731,0.00100054035256633
440,1333.97767498089,0.00187417512622858
441,1112.72162983357,0.00161428256581599
442,1423.79821185291,0.00197968044378843
443,1825.37943862719,0.00245138720854825
444,2489.29999703281,0.00323124392938814
445,3063.29939594623,0.00390547713896923
446,4256.04973336727,0.00530650977027625
447,5296.05818067656,0.00652812818093692
448,6514.13920577692,0.00795891483443847
449,8531.13908405228,0.0103281303845394
450,11241.7046983841,0.0135120245791861
451,15155.0228216216,0.0181087001912806
452,17859.4062787406,0.0212853326784976
453,24247.3412678664,0.0287887515295742
454,31376.7921583465,0.0371631724184089
455,38811.2493566019,0.0458958608981561
456,52511.0165730525,0.0619879300507486
457,63386.8403165869,0.0747629287063613
458,73993.4950757216,0.0872217551349384
459,85831.0225575041,0.101126393646155
460,103860.272904117,0.122303975627161
461,119404.131096532,0.14056215746182
462,151625.114135172,0.178409682827045
463,178422.789655372,0.209886863481763
464,223575.706872476,0.262924543233461
465,280429.322311247,0.329706138625608
466,341416.311940298,0.401342892667726
467,429356.886677773,0.504639962437997
468,503249.879154427,0.591436411314768
469,598029.901550045,0.70276725734864
470,690196.272684124,0.81102804706864
471,756988.315681933,0.889483553485787
472,813156.077448596,0.955459529005294
473,835389.441725827,0.981575362200939
474,851075.009970722,1
475,831357.451537933,0.976839291587399
476,796622.650206668,0.936038976064294
477,739749.991591283,0.869235012108498
478,693780.629251229,0.815238316691042
479,640296.398106841,0.752414479427935
480,573682.330200129,0.674168026743462
481,516147.740030375,0.606586542397801
482,473679.284112906,0.556702094098044
483,418616.433391835,0.492023973109364
484,373176.774681969,0.438649480048538
485,334961.120165214,0.393760472412207
486,300482.586427845,0.353261174839071
487,274852.085968933,0.323154985494108
488,245435.121143139,0.288601125946216
489,215476.563815994,0.253411099093684
490,195686.189892125,0.230164859890719
491,174389.921999917,0.205149762174165
492,158644.621509211,0.186654961472694
493,144735.386652513,0.17031684669766
494,127629.097074143,0.150223396167431
495,114622.63120484,0.134945695101946
496,99801.3661080327,0.117536288131853
497,91218.8336800742,0.107455043454262
498,85693.996017958,0.100965439046323
499,73552.8295718283,0.0867041390579808
500,69697.7937112528,0.0821759231639462
501,64160.1884775188,0.0756713216657543
502,57307.3651129781,0.0676218339824692
503,50202.1036755312,0.0592758265947417
504,46517.510068274,0.0549478161847557
505,44581.7416225339,0.0526740169880182
506,39549.2362284343,0.0467627176547419
507,35150.2129097041,0.0415955212834145
508,31582.0171652591,0.0374042345438378
509,30996.2405753385,0.0367161675683893
510,28449.9859491868,0.0337252769293908
511,23809.4906900835,0.0282744419311071
512,23976.1136756127,0.0284701612132805
513,22218.641297258,0.0264057927755239
514,19778.7744479156,0.0235398677242143
515,17781.584713101,0.0211939216350798
516,17027.2182316511,0.0203078250033565
517,15478.2464926877,0.0184883663260676
518,14503.8090169847,0.0173437691226157
519,12600.5083170437,0.0151081073045923
520,10495.726947885,0.0126357815483619
521,11345.3214059694,0.0136337352037158
522,11390.1226432045,0.0136863597918798
523,8776.1884205033,0.0106159711051636
524,9263.44704791858,0.0111883165621104
525,7910.88505104375,0.00959956539262025
526,7929.10848919618,0.0096209710721704
527,6760.08699175792,0.00824781089503582
528,6943.4860375849,0.00846323573265083
529,5766.74311032148,0.00708100578223178
530,5994.43605653105,0.00734845927819792
531,4995.63144446955,0.00617523986262114
532,4554.6843001725,0.00565729296421357
533,3705.88922686592,0.00466027828504239
534,3938.33611593817,0.00493331587423325
535,3685.61030060797,0.00463645818076416
536,3199.97011850309,0.00406601378778753
537,3210.39541385263,0.00407825958518324
538,3566.63593983702,0.00449670809518514
539,2836.04141256047,0.00363853456057776
540,2593.88579952951,0.00335409287561953
541,2774.11555352848,0.00356579498842796
542,2102.22611976332,0.00277657783895245
543,2113.37390738003,0.00278967229277726
544,2126.21049920379,0.00280475045578892
545,2275.04794482792,0.00297957842400452
546,1746.17347016888,0.00235835001298198
547,1894.63102542774,0.00253273175302949
548,1356.71056266098,0.0019008777113752
549,2022.18344489597,0.0026825578283367
550,1411.42355643555,0.00196514488215665
551,1138.18440820396,0.00164419174484652
552,1468.00221669077,0.00203160350871599
553,909.472600852353,0.00137554147059245
554,1166.02849950757,0.00167689807011975
555,886.255319571481,0.00134826990531662
556,1001.50746184732,0.00148364778540645
557,1080.80217381823,0.00157678922119221
558,903.341851419541,0.00136834014795161
559,1021.48653359564,0.00150711567351718
560,544.778278541514,9.47162932369052E-4
561,1109.43371273538,0.00161042050097385
562,740.290380221957,0.00117681605060835
563,824.734810696171,0.0012760064670054
564,447.748968492703,8.33190020095121E-4
565,1141.48806932126,0.00164807230298421
566,416.469842435459,7.9644882211758E-4
567,222.961556946251,5.69149433559157E-4
568,225.174547739364,5.71748864652707E-4
569,743.282467535365,0.00118033062681955
570,709.043015071342,0.00114011215973959
571,473.548715889645,8.63495010878648E-4
572,231.854266440452,5.79595019522309E-4
573,522.452073880466,9.2093804667252E-4
574,732.88769685643,0.00116812068442068
575,404.763698715011,7.82698510066041E-4
576,659.68613390292,0.00108213640494247
577,581.473957442742,9.90266540857436E-4
578,200.872172193745,5.43202722103454E-4
579,244.7063331781,5.94691359732208E-4
580,-143.410267048026,1.38800462359278E-4
581,424.310529546163,8.0565867781774E-4
582,251.197399085268,6.02315918587979E-4
583,342.185224058158,7.09192360236531E-4
584,300.505041380202,6.602338362449E-4
585,-58.7873288886966,2.38200558086473E-4
586,168.285182622432,5.04925276846815E-4
587,-151.920151820657,1.28804551328225E-4
588,263.603055830595,6.16887895109551E-4
589,-60.60536361941,2.36065051683611E-4
590,315.293039186913,6.77604166672721E-4
591,412.277519240655,7.9152442057886E-4
592,368.02006092366,7.3953856793606E-4
593,-62.5345503986052,2.33798983467372E-4
594,763.367944389584,0.00120392350087312
595,-112.384166856696,1.75244450196868E-4
596,-261.576178828953,0
597,581.916184886215,9.90785991625402E-4
598,85.2736351948441,4.07417958615568E-4
599,187.144017511893,5.27077308365578E-4
600,86.5063391025913,4.08865921651343E-4
