400.1708374,-6.627351977E-4,0.00417625482302129
400.3862915,6.178040057E-4,0.00660530118044715
400.6017761,-7.975287735E-4,0.00392056577934964
400.8172913,-7.076663896E-4,0.00409102514186063
401.0328369,0.001898343209,0.00903434753768333
401.2483826,3.36983976E-5,0.00549731511025096
401.4639587,0.003111485625,0.0113355493742218
401.6795349,2.134231909E-4,0.00583823388364373
401.8951416,-4.156135838E-4,0.00464501818027829
402.1107788,-3.931479878E-4,0.00468763302095346
402.326416,0.002325189533,0.00984402951051158
402.5420837,-0.001449031173,0.0026847351806785
402.7577515,3.931479878E-4,0.00617915266386532
402.9734802,0.002257792745,0.00971618498848606
403.1891785,0.001246840809,0.00779851693806374
403.4049377,0.001291772001,0.00788374661941408
403.620697,0.001875877613,0.00899173269700816
403.8364868,0.001156978426,0.00762805757725995
404.0522766,0.001044650329,0.00741498315194757
404.2680969,-7.525975816E-4,0.00400579546051029
404.4839478,7.525975816E-4,0.00686099022430849
404.6997986,1.909575949E-4,0.00579561904296856
404.9156799,0.001606290345,0.00848035438886648
405.1315918,-4.830104008E-4,0.00451717360324287
405.3475037,2.583543828E-4,0.00592346356480439
405.563446,-5.504072178E-4,0.00438932902620745
405.7793884,4.830104008E-4,0.00634961208157591
405.9953613,4.830104008E-4,0.00634961208157591
406.2113647,0.001651221537,0.00856558407021682
406.4273682,1.010951964E-4,0.00562515965276292
406.6434021,0.002370120725,0.00992925919186192
406.8594666,0.003403538372,0.0118895423011021
407.075531,0.001022184733,0.0073723683112724
407.291626,-3.032856039E-4,0.00485809238346446
407.5077515,-3.257511999E-4,0.00481547754278929
407.723877,-0.001336703193,0.00289780938405435
407.940033,0.002415051917,0.0100144888732123
408.156189,-9.098567534E-4,0.00370749157616348
408.3723755,0.001965739997,0.00916219205970884
408.5885925,-7.301319856E-4,0.00404841030118546
408.8048096,0.002504914301,0.0101849482359129
409.0210571,-4.380791797E-4,0.00460240333979281
409.2373352,-4.380791797E-4,0.00460240333979281
409.4536133,2.808200079E-4,0.00596607846067915
409.6699219,3.706823918E-4,0.00613653782319015
409.8862305,1.123279981E-5,0.00545470026618035
410.1025696,-1.235607924E-4,0.00519901119138069
410.3189392,5.504072178E-4,0.00647745665861133
410.5353088,7.301319856E-4,0.00681837538363332
410.751709,4.830104008E-4,0.00634961208157591
410.9681396,9.772535414E-4,0.00728713863068082
411.1845703,6.627351977E-4,0.0066905308617975
411.4010315,0.001673687133,0.00860819891089199
411.6174927,-5.953384098E-4,0.00430409934485711
411.8340149,1.123279981E-5,0.00545470026618035
412.0505066,0.002167930361,0.00954572562578538
412.2670593,3.706823918E-4,0.00613653782319015
412.4836121,0.001493962365,0.00826728018549062
412.7001648,0.001538893557,0.00835250986684096
412.9167786,9.547880036E-4,0.00724452390040484
413.1333618,6.402696017E-4,0.00664791602112232
413.3500061,0.001875877613,0.00899173269700816
413.5666504,0.001449031173,0.00818205050414028
413.7833252,2.583543828E-4,0.00592346356480439
414,0.001628755941,0.00852296922954165
414.2167053,-9.997191373E-4,0.00353703221365248
414.4334412,1.909575949E-4,0.00579561904296856
414.650177,0.001943274401,0.00911957721903367
414.8669434,3.032856039E-4,0.00600869330135432
415.0837097,0.002684639068,0.0105258669594174
415.3005371,0.002212861553,0.00963095530713572
415.517334,0.002370120725,0.00992925919186192
415.7341919,0.004841336515,0.0146168921024162
415.9510498,-3.36983976E-5,0.00536947057456782
416.1679077,0.002212861553,0.00963095530713572
416.3847961,7.525975816E-4,0.00686099022430849
416.6017151,6.852007937E-4,0.00673314570247267
416.8186646,0.003156416817,0.0114207790555722
417.035614,9.772535414E-4,0.00728713863068082
417.252594,0.001606290345,0.00848035438886648
417.469574,9.772535414E-4,0.00728713863068082
417.6865845,0.003223813605,0.0115486235775977
417.903595,0.001314237597,0.00792636146008925
418.1206665,0.001538893557,0.00835250986684096
418.3377075,7.750631776E-4,0.00690360506498366
418.5548096,-9.323224076E-4,0.00366487662508911
418.7719116,0.003156416817,0.0114207790555722
418.9890442,-6.178040057E-4,0.00426148450437163
419.2061768,0.001538893557,0.00835250986684096
419.4233398,0.002482448705,0.0101423333952378
419.6405029,0.002999157645,0.011122475170846
419.8577271,-6.178040057E-4,0.00426148450437163
420.0749207,0.002235327149,0.00967357014781089
420.2921753,0.002864363836,0.0108667856848188
420.5094299,0.002752035856,0.0106537114814429
420.7266846,0.004189834464,0.0133810621648124
420.9439697,0.001404099981,0.00809682082278994
421.1612854,4.380791797E-4,0.00626438234502597
421.3786316,2.134231909E-4,0.00583823388364373
421.5959778,0.001359168789,0.0080115911414396
421.8133545,1.909575949E-4,0.00579561904296856
422.0307312,0.001224375213,0.00775590209738857
422.2481384,0.00358326314,0.0122304610265035
422.4655457,0.002864363836,0.0108667856848188
422.6829834,0.003605728736,0.0122730758671787
422.9004517,8.424599655E-4,0.00703144958681948
423.1179504,0.001988205593,0.00920480690038401
423.3354492,0.001089581521,0.00750021283329791
423.552948,0.002549845492,0.0102701779153664
423.7704773,1.909575949E-4,0.00579561904296856
423.9880371,0.002055602381,0.00933265142240952
424.2056274,3.706823918E-4,0.00613653782319015
424.4232178,0.002549845492,0.0102701779153664
424.6408081,0.001314237597,0.00792636146008925
424.8584595,0.001808480709,0.00886388795494301
425.0761108,0.003762987908,0.0125713797519049
425.2937622,6.852007937E-4,0.00673314570247267
425.5114441,0.001538893557,0.00835250986684096
425.7291565,4.830104008E-4,0.00634961208157591
425.9468689,0.004504352808,0.0139776699342648
426.1646118,0.002482448705,0.0101423333952378
426.3823853,7.862960047E-5,0.00558254481222054
426.6001587,0.001628755941,0.00852296922954165
426.8179626,0.001673687133,0.00860819891089199
427.0357666,0.003336141584,0.0117616977790766
427.2536011,6.627351977E-4,0.0066905308617975
427.4714661,0.001583824749,0.0084377395481913
427.6893311,5.728728138E-4,0.0065200714992865
427.9072266,0.00113451283,0.00758544273658478
428.1251221,0.002886829432,0.010909400525494
428.3430481,8.424599655E-4,0.00703144958681948
428.5610046,0.001156978426,0.00762805757725995
428.7789612,0.001943274401,0.00911957721903367
428.9969482,0.002594776684,0.0103554075967167
429.2149658,0.002482448705,0.0101423333952378
429.4329834,3.482167958E-4,0.00609392298251498
429.651001,0.002033136785,0.00929003658173435
429.8690796,-2.134231909E-4,0.00502855180117505
430.0871277,0.003089020029,0.0112929345335467
430.3052368,7.975287735E-4,0.00694621990546914
430.5233459,0.002325189533,0.00984402951051158
430.7414856,0.002235327149,0.00967357014781089
430.9596252,0.002594776684,0.0103554075967167
431.1777954,0.001943274401,0.00911957721903367
431.3959961,0.001898343209,0.00903434753768333
431.6141968,6.178040057E-4,0.00660530118044715
431.8323975,6.178040057E-4,0.00660530118044715
432.0506592,0.001808480709,0.00886388795494301
432.2689209,0.002302723937,0.0098014146698364
432.4871826,0.002684639068,0.0105258669594174
432.7054749,0.004436955787,0.0138498249702631
432.9237976,0.003156416817,0.0114207790555722
433.1421509,-9.772535414E-4,0.00357964705413796
433.3604736,0.003178882413,0.0114633938962473
433.5788574,0.002819432644,0.0107815560034684
433.7972412,0.002774501452,0.0106963263221181
434.0156555,0.003785453504,0.0126139945925801
434.2340698,0.003965178505,0.0129549137599576
434.4525146,3.257511999E-4,0.0060513081420295
434.67099,0.003830384696,0.0126992242739304
434.8894653,0.00358326314,0.0122304610265035
435.1079712,0.002078067977,0.0093752662630847
435.3264771,0.002774501452,0.0106963263221181
435.5450134,0.004908733536,0.0147447370664179
435.7635803,0.002909295028,0.0109520153661691
435.9821472,0.001786015113,0.00882127311426784
436.2007446,0.001089581521,0.00750021283329791
436.419342,0.001651221537,0.00856558407021682
436.63797,0.001875877613,0.00899173269700816
436.8565979,0.003246279201,0.0115912384182728
437.0752869,0.002504914301,0.0101849482359129
437.2939453,6.852007937E-4,0.00673314570247267
437.5126648,0.003246279201,0.0115912384182728
437.7313843,0.003021623241,0.0111650900115211
437.9501038,0.001538893557,0.00835250986684096
438.1688538,0.002212861553,0.00963095530713572
438.3876343,0.004526818171,0.0140202843329638
438.6064148,0.002954226453,0.0110372454894956
438.8252258,0.00261724228,0.0103980224373919
439.0440674,0.003920247313,0.0128696840786072
439.2629089,0.003965178505,0.0129549137599576
439.481781,0.003673125524,0.0124009203892042
439.7006531,0.004481886979,0.0139350546516135
439.9195557,0.00477393996,0.0144890480223668
440.1384583,0.005537770223,0.0159379526034257
440.3574219,0.004077506252,0.0131679875213573
440.576355,0.004841336515,0.0146168921024162
440.7953491,0.002257792745,0.00971618498848606
441.0143127,0.006189272739,0.017173783423085
441.2333374,0.003650659928,0.012358305548529
441.4523621,0.005470373668,0.0158101085233764
441.6714172,0.004953664728,0.0148299667477682
441.8904724,0.007177758962,0.0190488364108956
442.1095581,0.007694467902,0.0200289781865038
442.3286438,0.008952541277,0.0224154092624165
442.54776,0.007537208498,0.0197306738616983
442.7669067,0.008301039226,0.0211795793248127
442.9860535,0.009446784854,0.0233529366393256
443.2052307,0.01131142955,0.0268899688478565
443.424408,0.009222128429,0.0229267873505185
443.6436157,0.01039033942,0.0251427590637305
443.862854,0.01030047704,0.0249722997086174
444.0820923,0.008458298631,0.021477883651515
444.3013611,0.01376017928,0.0315349860375771
444.5206299,0.0134456614,0.0309383791482832
444.7399292,0.01281662472,0.0297451636245536
444.9592285,0.01726481318,0.0381829029356332
445.1785889,0.01483852882,0.0335805001578899
445.3979187,0.01472620014,0.0333674246266887
445.6172791,0.01598427445,0.0357538574761967
445.8366699,0.0164560508,0.0366487669185976
446.0560913,0.01832069643,0.0401858008988269
446.2755127,0.01753440127,0.0386942828030213
446.4949341,0.0186576806,0.0408250239452399
446.7144165,0.02065711841,0.0446177443214571
446.9338989,0.02263409086,0.0483678503046659
447.1533813,0.02321819775,0.0494758388064897
447.3728943,0.02389216423,0.0507542813710941
447.5924072,0.02860994078,0.0597034005495618
447.8119812,0.02499298006,0.0528424116485261
448.0315247,0.02975568734,0.0618767596319794
448.2511292,0.03110362217,0.0644336483083788
448.4707336,0.03492277488,0.0716781738598396
448.6903381,0.03840494156,0.0782834728366657
448.9099731,0.03775344044,0.0770476446650697
449.1296387,0.03898904845,0.0793914613384896
449.3493042,0.04422353208,0.0893207187643437
449.5690002,0.04530188069,0.0913662311205457
449.7886963,0.04638022929,0.0934117434577788
450.0084229,0.05028924346,0.100826726619211
450.2281799,0.05350182578,0.106920652804061
450.447937,0.0532097742,0.106366662090855
450.6677246,0.05990451947,0.11906588017712
450.8875122,0.06379106641,0.126438245398353
451.1073303,0.065228872,0.129165609325832
451.3271484,0.07151923329,0.141097754111246
451.5470276,0.07670878619,0.150941782732114
451.7668762,0.07749508321,0.152433304356141
451.9867554,0.08940185606,0.175019183135329
452.206665,0.0890648663,0.174379949485282
452.4266052,0.09290648997,0.181667100052354
452.6465454,0.09856782109,0.192406041662814
452.8664856,0.1077337861,0.209792900152361
453.0864563,0.1142263412,0.222108585040546
453.3064575,0.1215501279,0.236001027660784
453.5264587,0.1311878711,0.254282799083016
453.7464905,0.1318618357,0.255561238081461
453.9665527,0.1406234205,0.272181030421446
454.186615,0.1523729265,0.294468590751559
454.4066772,0.1587082297,0.306485985549227
454.62677,0.1660095453,0.320335802888288
454.8468933,0.1787475497,0.344498439304683
455.0670471,0.1873069406,0.360734691371177
455.2871704,0.1964504421,0.378078938976968
455.5073547,0.2075484395,0.399130656946724
455.7275391,0.2169390619,0.41694366655558
455.9477539,0.2289806306,0.439785238692354
456.1679688,0.2474248856,0.474772024184145
456.3882141,0.2529738843,0.485297883169022
456.6084595,0.2604773939,0.499531240971264
456.8287354,0.2757315338,0.528466718199434
457.0490417,0.285279423,0.54657804616252
457.2693481,0.3020836711,0.578453913397359
457.4896545,0.3139230609,0.600911973714042
457.710022,0.323987633,0.620003394057632
457.9303589,0.3343218267,0.639606257833508
458.1507568,0.3476663828,0.664919458163576
458.3711548,0.364133656,0.696156119936204
458.5915527,0.3797472715,0.725773484055806
458.8119812,0.4001684785,0.764510336739336
459.0324402,0.4052007794,0.774056075079997
459.2528992,0.4211738408,0.804355269753298
459.4733887,0.4330132008,0.826813273542558
459.6939087,0.43937096,0.838873264978312
459.9144287,0.4534569085,0.865592807655308
460.1349487,0.4623532593,0.882468236730612
460.3554993,0.4673855603,0.892013975260963
460.5760803,0.4816961586,0.919159654659848
460.7966614,0.4821904004,0.920097178665978
461.0172729,0.4935130477,0.941575033547311
461.237915,0.5009042621,0.955595379326342
461.4585571,0.5035776496,0.960666510418324
461.6791992,0.5044313669,0.962285921126196
461.8998718,0.5130131841,0.978564713493042
462.120575,0.5166526437,0.985468380370952
462.3412781,0.5201123357,0.992031047275724
462.5620117,0.5219320655,0.995482880714679
462.7827454,0.5243133903,1
463.0035095,0.5142712593,0.980951148030785
463.2243042,0.5185172558,0.989005350748346
463.4450989,0.5212131143,0.994119106931814
463.6659241,0.5145183802,0.98141991003385
463.8867493,0.5092614293,0.971448034591921
464.107605,0.5085650086,0.9701269987657
464.3284607,0.506116271,0.965482004585297
464.5493469,0.5056445003,0.964587105860344
464.7702332,0.4941420853,0.942768250816182
464.9911499,0.4898062348,0.934543604639474
465.2120972,0.4886829555,0.932412863554163
465.4330444,0.4785959125,0.913278818308775
465.6540222,0.4782589078,0.912639556319141
465.875,0.4715192318,0.899855109427891
466.0960083,0.4682392478,0.893633329441412
466.3170471,0.4583094716,0.874797602550254
466.5380859,0.4535018206,0.86567800112117
466.7591248,0.4519741535,0.862780179488875
466.9802246,0.445908457,0.851274199859781
467.2012939,0.4436169565,0.846927467695873
467.4224243,0.4388542473,0.837893116070384
467.6435242,0.4381802976,0.836614705335651
467.8646851,0.434271276,0.829199708080301
468.0858459,0.4280483127,0.817395410096979
468.3070068,0.429238975,0.81965396954995
468.5281982,0.4280258417,0.817352785005492
468.7494202,0.4177365899,0.797835171222901
468.9706421,0.4122325182,0.787394533967597
469.1918945,0.4132884145,0.789397456685249
469.413147,0.4189272821,0.800093787392985
469.6344299,0.410951972,0.784965474338367
469.8557434,0.4099859595,0.783133051607284
470.0770569,0.4033586085,0.770561673266667
470.2983704,0.4035832584,0.770987810178245
470.5197144,0.4029991627,0.769879842902659
470.7410889,0.405964613,0.775504985990989
470.9624634,0.3990451992,0.762379595654024
471.1838684,0.4028418958,0.76958152435874
471.405304,0.3986408412,0.761612571634464
471.6267395,0.4012693167,0.766598509450273
471.848175,0.3996967077,0.763615437824693
472.0696411,0.4016062915,0.767237714722795
472.2911377,0.3986408412,0.761612571634464
472.5126343,0.3995394409,0.763317119470464
472.7341614,0.3960797489,0.756754452565693
472.9556885,0.3918562233,0.748742874749929
473.1772461,0.3902836144,0.745759803314039
473.3988037,0.3946868777,0.754112324385829
473.6203918,0.3937658072,0.75236515183772
473.8420105,0.3934063613,0.751683321284022
474.0636292,0.3903734982,0.745930303300608
474.2852478,0.3802639842,0.726753632963734
474.506897,0.387542814,0.740560797137285
474.7285767,0.3800168633,0.726284870960669
474.9502563,0.3849143386,0.735574859511166
475.1719666,0.3781971335,0.722833037521713
475.3937073,0.3788486421,0.724068879882072
475.615448,0.3803763092,0.726966701514367
475.8371887,0.3675484359,0.702633593375114
476.05896,0.3700870574,0.707449087731777
476.2807617,0.3630553186,0.694110628844177
476.5025635,0.3666273654,0.700886420827005
476.7243958,0.3626284897,0.693300979922819
476.946228,0.3586520553,0.685758107772387
477.1680908,0.3542937338,0.677490836504192
477.3899536,0.3509463668,0.671141238150054
477.6118469,0.3481381536,0.665814357078218
477.8337708,0.3432631195,0.656566937091786
478.0556946,0.3431058824,0.656268675075291
478.2776184,0.3347486556,0.640415906754865
478.4995728,0.3333782554,0.637816403666489
478.7215576,0.3317832053,0.634790763666534
478.9435425,0.3241898417,0.620386962405146
479.1655579,0.3178545237,0.608369539533456
479.3875732,0.3139005899,0.600869348622555
479.6096191,0.3159000278,0.604662069169493
479.8316956,0.3083291352,0.590300892999592
480.053772,0.3026902676,0.579604562291856
480.2758484,0.300398767,0.575257829938258
480.4979553,0.2996349335,0.573808919216955
480.7200928,0.2863802314,0.548666162346034
480.9422302,0.2861780524,0.548282650336254
481.1643982,0.2860432565,0.548026956883822
481.3865662,0.2792361677,0.53511463509749
481.6087646,0.2729233503,0.523139893465332
481.8309631,0.2661162615,0.510227571679
482.0531921,0.2628138065,0.503963166601034
482.2754517,0.2611738145,0.500852276607795
482.4977112,0.2554450929,0.489985502440913
482.7199707,0.2528840303,0.485127439709876
482.9422607,0.2471552938,0.474260637279282
483.1645813,0.2440775037,0.468422397566295
483.3869019,0.236843586,0.454700426858605
483.6092529,0.2312945873,0.444174567873728
483.831604,0.2340129167,0.449330948958994
484.0539856,0.2222184837,0.426958166899307
484.2763672,0.2206683457,0.424017720365214
484.4987793,0.2128727883,0.409230379020023
484.7212219,0.2130525112,0.409571294202028
484.9436646,0.2128727883,0.409230379020023
485.1661072,0.2076607645,0.399343725497357
485.3885803,0.2055265307,0.395295311497988
485.611084,0.1971693337,0.379442599704986
485.8335876,0.1959112585,0.377056165167243
486.0561218,0.1931479871,0.371814533899003
486.278656,0.1873293966,0.360777288009263
486.5012207,0.1828362793,0.352254323478326
486.7237854,0.1806795895,0.348163312840871
486.9463806,0.174883455,0.337168663589217
487.1690063,0.1738725007,0.335250991054539
487.3916321,0.1694467813,0.326855873154973
487.6142578,0.1658747494,0.320080109435857
487.8369141,0.1634035408,0.315392490163966
488.0596008,0.1609997153,0.310832689449424
488.2822876,0.1561471522,0.301627894554478
488.5049744,0.1575624794,0.304312619372428
488.7277222,0.1496770531,0.289354806304379
488.9504395,0.1501937658,0.290334955212307
489.1732178,0.1512271762,0.292295224574761
489.3959961,0.1434316188,0.27750788322957
489.6187744,0.1441505253,0.278871572221299
489.8415833,0.1356585175,0.262763138712155
490.0643921,0.1370064616,0.265320044972756
490.2872314,0.1374557763,0.266172347059623
490.5101013,0.1302218437,0.252450348088221
490.7329712,0.1265374869,0.245461516008161
490.9558411,0.1254816055,0.24345862155422
491.1787415,0.1233249083,0.239367596879754
491.4016724,0.1218421757,0.236555011203732
491.6246033,0.1236618906,0.240006816378976
491.8475647,0.1143162027,0.222279042726393
492.0705261,0.1176186427,0.228543419350958
492.2935181,0.1111260876,0.216227734462773
492.51651,0.1095759645,0.213287316192392
492.7395325,0.1092614457,0.212690707557956
492.9625854,0.1064757109,0.207406465614618
493.1856384,0.1049031168,0.20442342225275
493.4086914,0.1052850336,0.205147877708246
493.6317749,0.09778152406,0.190914520019818
493.8548889,0.1031957343,0.201184699665151
494.0780029,0.09823083133,0.191766808012767
494.3011169,0.1006121859,0.196283983768605
494.524292,0.09310867637,0.182050626099145
494.7474365,0.09611906856,0.187761019161792
494.9706116,0.09297388047,0.181794932646714
495.1938171,0.08951418102,0.175232251610087
495.4170227,0.08915473521,0.174550421227109
495.6402588,0.08861555904,0.173527661511302
495.8635254,0.08857062459,0.173442425649873
496.0867615,0.08684077859,0.170161092197487
496.3100586,0.0855602324,0.167732032587226
496.5333557,0.08511092514,0.166879744613246
496.7566528,0.08425723016,0.165260376244034
496.9799805,0.08522325009,0.167092813069034
497.2033386,0.07814658433,0.153669132527738
497.4266968,0.08176355064,0.160530132032407
497.6500549,0.0771581009,0.15179408483795
497.8734436,0.07745015621,0.152348082626568
498.0968628,0.07619208097,0.149961648012949
498.320282,0.07127211243,0.140628992184056
498.5437317,0.06947486848,0.137219812005455
498.7671814,0.06837405264,0.135131681709054
498.9906616,0.0704408884,0.139052248811487
499.2141418,0.07098006457,0.140075008527294
499.4376526,0.0684639141,0.135302139319025
499.6611633,0.06796967238,0.134364615464647
499.8847046,0.06608255953,0.130784963563188
500.1082764,0.06722830981,0.132958329702049
500.3318176,0.06552091986,0.129719592982594
500.5554199,0.06581297517,0.130273590771212
500.7790222,0.06183656305,0.122730760883565
501.0026245,0.06116259471,0.121452314790738
501.2262573,0.0600842461,0.119406802434536
501.4499207,0.05956753716,0.118426660658928
501.673584,0.05774782225,0.114974855464716
501.8972778,0.06183656305,0.122730760883565
502.1209717,0.06125245616,0.121622772381741
502.3446655,0.05770289153,0.114889626678699
502.5683899,0.05725358054,0.114037331629306
502.7921448,0.0583993271,0.116210690711724
503.0158997,0.05662454292,0.112844114322497
503.2396851,0.05538893491,0.110500297649077
503.4634705,0.05067116022,0.101551181998831
503.6872864,0.05422072485,0.108284327701873
503.9111023,0.0507834889,0.101764257530032
504.1349487,0.05179443955,0.10368192314105
504.3588257,0.04898624122,0.0983550702760187
504.5826721,0.05121033266,0.102573934639226
504.8065796,0.04990733042,0.100102278296034
505.0304871,0.04788542539,0.0962669399985867
505.2543945,0.04903117195,0.0984402990810043
505.4783325,0.04476270825,0.0903434784801509
505.702301,0.04474024102,0.0903008605399519
505.9262695,0.04766076803,0.0958407889361842
506.150238,0.04199943691,0.0851018473257241
506.3742371,0.0448525697,0.0905139360711532
506.5982666,0.04321258143,0.0874030531533263
506.8222961,0.04235888645,0.0857836847841144
507.0463257,0.03952822089,0.0804142139788844
507.2703857,0.04244875163,0.085954149450529
507.4944763,0.03838247806,0.0782408619718791
507.7185669,0.04024711996,0.081777888876696
507.942688,0.03916877136,0.079732376539463
508.1668091,0.0398427397,0.0810108226322891
508.3909607,0.03903397918,0.0794766901434752
508.6151123,0.03957315534,0.0804994498403134
508.8392944,0.03674248978,0.0751299790350833
509.0634766,0.03379949555,0.069547432717621
509.2876892,0.03719180077,0.0759822740844759
509.5119019,0.03970794752,0.0807551362363012
509.736145,0.03499017283,0.0718060205860553
509.9603882,0.03209210932,0.0663087030546096
510.1846619,0.03393428773,0.0698031191136088
510.4089355,0.03530468792,0.0724026221830165
510.6332397,0.03074417263,0.0637518108499885
510.8575439,0.0312833488,0.0647745705657957
511.0818787,0.03368716687,0.0693343571864198
511.3062439,0.03424880654,0.0703997277670135
511.5306091,0.02791350707,0.0583823400447584
511.7549744,0.02881213091,0.0600869336717652
511.9793701,0.02825049125,0.0590215631101404
512.2037964,0.03139567375,0.0649876390215845
512.4282227,0.02863240615,0.059746014961539
512.6526489,0.02989047952,0.0621324460279672
512.8770752,0.02717214264,0.0569760507539384
513.1015625,0.0274192635,0.0574448126811275
513.3260498,0.02373490669,0.0504559805820979
513.5505371,0.027194608,0.0570186651469467
513.7750854,0.02777871303,0.0581266501205489
513.9996338,0.0292389784,0.0608966178563712
514.2241821,0.02625105344,0.0552288427339233
514.4487305,0.0249705147,0.0527997972555178
514.6733398,0.0194215104,0.0422739276480372
514.8978882,0.02618365549,0.0551009960077076
515.1224976,0.02288121358,0.0488366157600767
515.347168,0.02155574225,0.0463223379484639
515.5717773,0.02173546702,0.046663256677659
515.7964478,0.01930918358,0.0420608556450577
516.0211182,0.01881494001,0.0411233282814267
516.2457886,0.02092670649,0.0451291241698762
516.47052,0.0227688849,0.0486235402288754
516.6952515,0.0191968549,0.0418477801138564
516.9199829,0.02056725696,0.0444472867304548
517.1447144,0.0199606847,0.0432966838166537
517.3695068,0.01926425099,0.0419756233118504
517.5942993,0.01753440127,0.0386942828030213
517.8190918,0.01798371226,0.0395465778524138
518.0438843,0.01805110835,0.0396744210504078
518.2687378,0.01892726682,0.0413364002654373
518.4935913,0.01578208432,0.0353703243539932
518.7184448,0.01910699159,0.0416773189946325
518.9432983,0.01387250796,0.0317480615687783
519.1682129,0.0115810167,0.0274013469321648
519.3931274,0.01402976736,0.0320463658859962
519.618042,0.01652344875,0.0367766136448132
519.8429565,0.01571468636,0.0352424776088086
520.0679321,0.01369278319,0.0314071428395832
520.2929077,0.01447907928,0.0328986626994996
520.5178833,0.01349059213,0.0310236079532688
520.7428589,0.01522044372,0.0343049520092886
520.9678955,0.01544510014,0.0347311012886112
521.1929321,0.01537770312,0.0346032563265064
521.4179688,0.01474866644,0.0334100408027768
521.6430054,0.0143892169,0.0327282033443865
521.868103,0.01342319604,0.0308957647552749
522.0932007,0.01596180908,0.0357112430642194
522.3182983,0.0119629316,0.0281257987835634
522.543396,0.01117663551,0.026634278923647
522.7685547,0.01169334445,0.0276144206992552
522.9937134,0.01295141783,0.0300008517846523
523.2188721,0.01182813849,0.0278701106234647
523.4440308,0.01333333366,0.0307253054001618
523.6692505,0.01232238114,0.0288076362419537
523.8944702,0.008952541277,0.0224154092624165
524.1196899,0.01301881485,0.0301286967467571
524.3449097,0.01376017928,0.0315349860375771
524.5701904,0.009761302732,0.0239495435248257
524.7954712,0.01131142955,0.0268899688478565
525.020752,0.0110418424,0.0263785907635483
525.2460327,0.009446784854,0.0233529366393256
525.4713745,0.008166245185,0.0209238893987062
525.6967163,0.01117663551,0.026634278923647
525.9220581,0.01205279399,0.0282962581576455
526.1474609,0.01012075227,0.0246313809794222
526.3728027,0.009132266045,0.0227563279878178
526.5982056,0.01106430776,0.0264212051565566
526.8236084,0.008750351146,0.0220318761383161
527.0490723,0.008727885783,0.0219892617396171
527.2744751,0.009604044259,0.023651240966028
527.499939,0.006346531678,0.017472086865835
527.7254028,0.008233642206,0.0210517343627079
527.9509277,0.007716933265,0.0200715925852028
528.1763916,0.008682954125,0.0219040311743144
528.4019165,0.008615557104,0.0217761862103127
528.6274414,0.006099410355,0.0170033240603843
528.8530273,0.008233642206,0.0210517343627079
529.0785522,0.00735748373,0.019389755136297
529.3041382,0.008503229357,0.021563112448913
529.5297241,0.006458859891,0.017685161511187
529.7553101,0.007716933265,0.0200715925852028
529.980957,0.008143779822,0.0208812750000072
530.206604,0.008772816509,0.0220744905370151
530.432251,0.004661611747,0.0142759733770148
530.6578979,0.008256107569,0.0210943487614069
530.883606,0.009289525449,0.0230546323126233
531.109314,0.005358045455,0.0155970338780244
531.335022,0.007200224791,0.0190914516935469
531.56073,0.005784892011,0.0164067162909319
531.786499,0.005762426183,0.0163641010101775
532.0122681,0.006032013334,0.0168754790963826
532.2380371,0.008795281872,0.0221171049357141
532.4638062,0.004077506252,0.0131679875213573
532.6895752,0.005897219758,0.0166197900523316
532.9154053,0.006728447042,0.0181965395973922
533.1412354,0.007492277306,0.019645444180348
533.3671265,0.00949171558,0.0234381654367237
533.5929565,0.006840775255,0.0184096142427442
533.8188477,0.00639146287,0.0175573165471853
534.0447388,0.01072732359,0.0257819821101435
534.2706299,0.008997472934,0.0225006398258222
534.496582,0.004369559232,0.0137219808902138
534.7224731,0.003223813605,0.0115486235775977
534.9484253,0.00690817181,0.0185374583227935
535.1744385,0.006998034194,0.0187079176854942
535.4003906,0.00764953671,0.0199437485051534
535.6264038,0.005313114263,0.015511804196674
535.852417,0.006346531678,0.017472086865835
536.0784302,0.006638584659,0.0180260802365884
536.3044434,0.005672563799,0.0161936416474768
536.5305176,0.004908733536,0.0147447370664179
536.7565918,0.003965178505,0.0129549137599576
536.982666,0.005043527111,0.015000426108572
537.2088013,0.003605728736,0.0122730758671787
537.4348755,0.007829261012,0.0202846663466025
537.6610107,0.004706542939,0.0143612030583652
537.887146,0.007312552538,0.0193045254549466
538.1133423,0.0052906489,0.015469189797975
538.3394775,0.004369559232,0.0137219808902138
538.5656738,0.006413928699,0.0175999318298367
538.7919312,0.006054479163,0.0169180943790339
539.0181274,0.006571187638,0.0178982352725867
539.2443237,0.005380511284,0.0156396491606757
539.4705811,0.006863240618,0.0184522286414432
539.6968384,0.002527379896,0.0102275630746912
539.9231567,0.005964616779,0.0167476350163333
540.1494141,0.005605167244,0.0160657975674274
540.3757324,0.005874754395,0.0165771756536326
540.6020508,0.003740522312,0.0125287649112297
540.8283691,0.004863802344,0.0146595073850675
541.0547485,0.004616680555,0.0141907436956645
541.2811279,0.003965178505,0.0129549137599576
541.5075073,0.006458859891,0.017685161511187
541.7338867,0.007694467902,0.0200289781865038
541.9603271,0.007267621346,0.0192192957735963
542.1867065,0.004392024595,0.0137645952889128
542.413147,0.005402976647,0.0156822635593747
542.6395874,0.006458859891,0.017685161511187
542.8660889,0.004684077576,0.0143185886596662
543.0925903,0.003830384696,0.0126992242739304
543.3190918,0.003111485625,0.0113355493742218
543.5455933,0.009244593792,0.0229694017492175
543.7720947,0.001920808805,0.0090769623783585
543.9986572,0.006638584659,0.0180260802365884
544.2252197,0.005200786516,0.0152987304352743
544.4517822,0.004886267707,0.0147021217837665
544.6783447,0.00335860718,0.0118043126197518
544.9049683,0.005088458303,0.0150856557899223
545.1315918,0.006189272739,0.017173783423085
545.3582153,0.007290087175,0.0192619110562476
545.5848389,0.00432462804,0.0136367512088634
545.8115234,0.004863802344,0.0146595073850675
546.038147,0.00594215095,0.0167050197336819
546.2648315,0.005605167244,0.0160657975674274
546.4915771,0.004279696848,0.0135515215275131
546.7182617,0.005178320687,0.015256115152623
546.9450073,0.004526818171,0.0140202843329638
547.1717529,0.005537770223,0.0159379526034257
547.3984985,0.006121875718,0.0170459384590833
547.6253052,0.002257792745,0.00971618498848606
547.8520508,0.003942712676,0.0129122984773062
548.0788574,0.004504352808,0.0139776699342648
548.3056641,0.002437517513,0.0100571037138874
548.5325317,0.00403257506,0.0130827578400069
548.7593384,0.003089020029,0.0112929345335467
548.9862061,0.007469811942,0.0196028297797521
549.2130737,0.003650659928,0.012358305548529
549.4400024,0.003762987908,0.0125713797519049
549.6668701,0.003268744797,0.011633853258948
549.8937988,0.003313675988,0.0117190829384015
550.1207275,-7.862960047E-5,0.00528424087259825
550.3476562,0.001898343209,0.00903434753768333
550.574646,0.002684639068,0.0105258669594174
550.8016357,0.004481886979,0.0139350546516135
551.0286255,0.002639707876,0.0104406372780671
551.2556152,0.001853412017,0.00894911785633299
551.482605,0.002819432644,0.0107815560034684
551.7096558,0.004841336515,0.0146168921024162
551.9367065,0.003448469564,0.0119747719824525
552.1637573,0.004392024595,0.0137645952889128
552.3908691,0.002078067977,0.0093752662630847
552.6179199,0.005650098436,0.0161510272487778
552.8450317,0.001606290345,0.00848035438886648
553.0721436,0.002752035856,0.0106537114814429
553.2993164,0.001786015113,0.00882127311426784
553.5264282,0.003965178505,0.0129549137599576
553.7536011,0.003987643868,0.0129975281586566
553.9807739,0.006121875718,0.0170459384590833
554.2079468,0.002572311088,0.0103127927560416
554.4351807,7.525975816E-4,0.00686099022430849
554.6623535,6.627351977E-4,0.0066905308617975
554.8895874,0.002078067977,0.0093752662630847
555.1168823,-1.010951964E-4,0.00524162603205586
555.3441162,0.003605728736,0.0122730758671787
555.5714111,0.003785453504,0.0126139945925801
555.7987061,0.003313675988,0.0117190829384015
556.026001,0.003762987908,0.0125713797519049
556.2532959,0.004436955787,0.0138498249702631
556.4806519,0.002774501452,0.0106963263221181
556.7080078,0.001449031173,0.00818205050414028
556.9353638,0.001808480709,0.00886388795494301
557.1627197,0.002504914301,0.0101849482359129
557.3900757,0.002347655129,0.00988664435118675
557.6174927,0.001763549517,0.00877865827359267
557.8449097,0.002886829432,0.010909400525494
558.0723267,0.001696152729,0.00865081375156716
558.2998047,0.0038079191,0.0126566094332552
558.5272217,0.005402976647,0.0156822635593747
558.7546997,-1.235607924E-4,0.00519901119138069
558.9822388,0.002819432644,0.0107815560034684
559.2097168,-7.975287735E-4,0.00392056577934964
559.4372559,0.004077506252,0.0131679875213573
559.6647339,0.002864363836,0.0108667856848188
559.8922729,0.001224375213,0.00775590209738857
560.119873,0.002752035856,0.0106537114814429
560.3474121,0.002437517513,0.0100571037138874
560.5750122,5.504072178E-4,0.00647745665861133
560.8026123,0.004167368636,0.013338446884058
561.0302124,0.003336141584,0.0117616977790766
561.2578735,0.001201909618,0.0077132872586103
561.4854736,0.001022184733,0.0073723683112724
561.7131348,0.001898343209,0.00903434753768333
561.9407959,0.001426565577,0.00813943566346511
562.1685181,0.001651221537,0.00856558407021682
562.3961792,0.001314237597,0.00792636146008925
562.6239014,0.002504914301,0.0101849482359129
562.8516235,0.002167930361,0.00954572562578538
563.0793457,0.002325189533,0.00984402951051158
563.3071289,0.003673125524,0.0124009203892042
563.5349121,0.002235327149,0.00967357014781089
563.7626953,-3.706823918E-4,0.00473024786162863
563.9904785,0.001920808805,0.0090769623783585
564.2182617,0.002212861553,0.00963095530713572
564.446106,0.001628755941,0.00852296922954165
564.6739502,0.002055602381,0.00933265142240952
564.9017944,0.001426565577,0.00813943566346511
565.1296387,0.002549845492,0.0102701779153664
565.3575439,0.004976130091,0.0148725811464672
565.5853882,0.001426565577,0.00813943566346511
565.8132935,0.002459983109,0.0100997185545626
566.0412598,0.001022184733,0.0073723683112724
566.269165,-0.001808480709,0.00200289772987577
566.4971313,-0.001426565577,0.00272735002135367
566.7250977,0.004392024595,0.0137645952889128
566.953064,0.001179444022,0.00767067241793512
567.1810303,0.002864363836,0.0108667856848188
567.4090576,0.00409997208,0.0132106028021117
567.637085,0.003560797544,0.0121878461858283
567.8651123,0.001538893557,0.00835250986684096
568.0931396,0.002684639068,0.0105258669594174
568.321167,3.032856039E-4,0.00600869330135432
568.5492554,4.605448048E-4,0.00630699724090074
568.7773438,0.002055602381,0.00933265142240952
569.0054321,0.001516427961,0.00830989502616579
569.2335815,0.003223813605,0.0115486235775977
569.4616699,0.002100533573,0.00941788110375987
569.6898193,-5.616399721E-5,0.00532685572704486
569.9179688,0.001246840809,0.00779851693806374
570.1461182,0.004257231019,0.0135089062448617
570.3743286,0.002235327149,0.00967357014781089
570.6025391,-8.649255615E-4,0.00379272125732413
570.8307495,0.003268744797,0.011633853258948
571.05896,0.002055602381,0.00933265142240952
571.2871704,0.004459421616,0.0138924402529144
571.5154419,0.001493962365,0.00826728018549062
571.7437134,0.002033136785,0.00929003658173435
571.9719849,0.002437517513,0.0100571037138874
572.2002563,0.002078067977,0.0093752662630847
572.4285889,0.002504914301,0.0101849482359129
572.6568604,0.002033136785,0.00929003658173435
572.8851929,0.002594776684,0.0103554075967167
573.1135864,0.001606290345,0.00848035438886648
573.3419189,0.001336703193,0.00796897630076443
573.5703125,0.001201909618,0.0077132872586103
573.798645,0.001156978426,0.00762805757725995
574.0270996,3.032856039E-4,0.00600869330135432
574.2554932,0.001426565577,0.00813943566346511
574.4838867,5.953384098E-4,0.00656268633996167
574.7123413,0.003426003968,0.0119321571417773
574.9407959,0.001875877613,0.00899173269700816
575.1692505,0.003628194332,0.0123156907078539
575.3977661,0.002415051917,0.0100144888732123
575.6262207,-4.156135838E-4,0.00464501818027829
575.8547363,0.002504914301,0.0101849482359129
576.083252,0.002280258341,0.00975879982916123
576.3118286,0.001426565577,0.00813943566346511
576.5403442,0.002437517513,0.0100571037138874
576.7689209,0.001156978426,0.00762805757725995
576.9974976,0.001808480709,0.00886388795494301
577.2260742,0.003111485625,0.0113355493742218
577.4546509,-0.001044650329,0.00345180253287121
577.6832886,0.001763549517,0.00877865827359267
577.9119263,2.583543828E-4,0.00592346356480439
578.140564,0.003246279201,0.0115912384182728
578.3692017,6.402696017E-4,0.00664791602112232
578.5979004,0.003493400756,0.0120600016638028
578.8265381,0.001628755941,0.00852296922954165
579.0552368,9.547880036E-4,0.00724452390040484
579.2839966,0.003448469564,0.0119747719824525
579.5126953,0.002167930361,0.00954572562578538
579.7414551,0.001044650329,0.00741498315194757
579.9701538,0.002504914301,0.0101849482359129
580.1989136,0.003942712676,0.0129122984773062
580.4277344,4.156135838E-4,0.00622176750454049
580.6564941,0.00261724228,0.0103980224373919
580.8853149,-5.616399721E-5,0.00532685572704486
581.1141357,-4.830104008E-4,0.00451717360324287
581.3429565,0.002033136785,0.00929003658173435
581.5717773,9.547880036E-4,0.00724452390040484
581.8006592,8.649255615E-4,0.00707406442749465
582.029541,0.004055040888,0.0131253731207614
582.2584229,0.00113451283,0.00758544273658478
582.4873047,0.002122999169,0.00946049594443504
582.7161865,-8.873911574E-4,0.00375010641683865
582.9451294,0.002482448705,0.0101423333952378
583.1740723,0.002864363836,0.0108667856848188
583.4030151,0.001583824749,0.0084377395481913
583.631958,0.002055602381,0.00933265142240952
583.8609619,0.001516427961,0.00830989502616579
584.0899658,0.001493962365,0.00826728018549062
584.3189697,0.002010671189,0.00924742174105919
584.5479736,4.380791797E-4,0.00626438234502597
584.7769775,0.002167930361,0.00954572562578538
585.0060425,5.054759677E-4,0.00639222686705148
585.2351074,0.001067115925,0.00745759799262274
585.4641724,0.001673687133,0.00860819891089199
585.6932373,0.002033136785,0.00929003658173435
585.9223022,0.002235327149,0.00967357014781089
586.1514282,0.002639707876,0.0104406372780671
586.3805542,-4.830104008E-4,0.00451717360324287
586.6096802,4.156135838E-4,0.00622176750454049
586.8388062,-1.460264029E-4,0.00515639632320056
587.0679932,0.002594776684,0.0103554075967167
587.2971802,5.504072178E-4,0.00647745665861133
587.5263672,-2.583543828E-4,0.0049433221200144
587.7555542,8.873911574E-4,0.00711667926798013
587.9847412,0.002752035856,0.0106537114814429
588.2139893,0.002819432644,0.0107815560034684
588.4432373,0.001875877613,0.00899173269700816
588.6724854,3.482167958E-4,0.00609392298251498
588.9017334,0.003313675988,0.0117190829384015
589.1310425,3.257511999E-4,0.0060513081420295
589.3602905,0.001628755941,0.00852296922954165
589.5895996,0.001426565577,0.00813943566346511
589.8189087,0.002504914301,0.0101849482359129
590.0482788,0.001449031173,0.00818205050414028
590.2775879,8.424599655E-4,0.00703144958681948
590.506958,0.002909295028,0.0109520153661691
590.7363281,7.076663896E-4,0.00677576054295815
590.9656982,-0.002100533573,0.00144890458105891
591.1951294,0.002257792745,0.00971618498848606
591.4244995,9.098567534E-4,0.00715929410865531
591.6539307,-0.00113451283,0.003281342948234
591.8833618,0.001314237597,0.00792636146008925
592.112854,0.002504914301,0.0101849482359129
592.3422852,2.134231909E-4,0.00583823388364373
592.5717773,9.098567534E-4,0.00715929410865531
592.8012695,0.002909295028,0.0109520153661691
593.0307617,0.002482448705,0.0101423333952378
593.2602539,4.830104008E-4,0.00634961208157591
593.4898071,0.002347655129,0.00988664435118675
593.7192993,-0.001156978426,0.00323872810755883
593.9488525,-8.199943695E-4,0.00387795093867447
594.1784058,-0.002864363836,0
594.40802,0.003673125524,0.0124009203892042
594.6375732,8.649255615E-4,0.00707406442749465
594.8671875,0.001741083921,0.0087360434329175
595.0968018,8.424599655E-4,0.00703144958681948
595.326416,0.001673687133,0.00860819891089199
595.5560913,3.032856039E-4,0.00600869330135432
595.7857056,0.001179444022,0.00767067241793512
596.0153809,0.002100533573,0.00941788110375987
596.2450562,0.001920808805,0.0090769623783585
596.4747925,0.001718618325,0.00869342859224233
596.7044678,0.001763549517,0.00877865827359267
596.9342041,3.032856039E-4,0.00600869330135432
597.1639404,0.003785453504,0.0126139945925801
597.3936768,0.001449031173,0.00818205050414028
597.6234131,0.003336141584,0.0117616977790766
597.8532104,3.931479878E-4,0.00617915266386532
598.0829468,0.001404099981,0.00809682082278994
598.3127441,-3.032856039E-4,0.00485809238346446
598.5426025,0.001628755941,0.00852296922954165
598.7723999,3.931479878E-4,0.00617915266386532
599.0022583,0.001291772001,0.00788374661941408
599.2320557,0.001246840809,0.00779851693806374
599.4619141,0.002235327149,0.00967357014781089
599.6918335,9.547880036E-4,0.00724452390040484
599.9216919,0.004594215192,0.0141481292969655
600.1516113,0.001606290345,0.00848035438886648
