400.1708374,1.462794316E-4,0.00575736232094546
400.3862915,-1.462794316E-4,0.00521890401348318
400.6017761,-3.375679444E-5,0.00542600335784639
400.8172913,5.288564134E-4,0.00646150012022734
401.0328369,0.001226496883,0.00774551627468307
401.2483826,-0.001294010435,0.00310649050888781
401.4639587,0.002261705231,0.00965083040134428
401.6795349,0.001676587388,0.00857391357181594
401.8951416,-0.001023956109,0.00360352892949932
402.1107788,5.063518765E-4,0.00642008023392872
402.326416,0.003476949641,0.0118875031891869
402.5420837,-0.00158656924,0.00256803230854337
402.7577515,-0.002306714188,0.00124259637545901
402.9734802,0.001001451514,0.00733131741169691
403.1891785,7.764062611E-4,0.00691711876239428
403.4049377,0.001856623683,0.00890527266183677
403.620697,7.539017242E-4,0.00687569887609566
403.8364868,9.114334243E-4,0.00716563797306813
404.0522766,0.002036659978,0.00923663175185759
404.2680969,-5.063518765E-4,0.00455618610049992
404.4839478,6.18874561E-4,0.0066271796654218
404.6997986,1.125226481E-5,0.00550884310366416
404.9156799,-1.125226481E-5,0.00546742323076448
405.1315918,-4.838473687E-4,0.00459760593323962
405.3475037,-0.001001451514,0.00364494892273173
405.563446,-8.664243505E-4,0.00389346813395774
405.7793884,-5.513609503E-4,0.00447334632790269
405.9953613,4.38838324E-4,0.00629582068215071
406.2113647,0.002351723379,0.00981650994727495
406.4273682,0.00142903754,0.00811829492909684
406.6434021,2.362975501E-4,0.00592304181258101
406.8594666,0.001946641714,0.00907095199242745
407.075531,0.001339019509,0.00795261559850616
407.291626,-0.001001451514,0.00364494892273173
407.5077515,6.413790979E-4,0.00666859955172042
407.723877,-5.513609503E-4,0.00447334632790269
407.940033,0.002554264152,0.0101892888151882
408.156189,-0.001564064762,0.00260945208643579
408.3723755,2.137930278E-4,0.00588162195315388
408.5885925,-0.002149182605,0.00153253525690745
408.8048096,0.001969146309,0.00911237198565985
409.0210571,-3.713247424E-4,0.00480470525761486
409.2373352,-5.288564134E-4,0.0045147662142013
409.4536133,-7.876585005E-5,0.00534316361872808
409.6699219,4.163337871E-4,0.0062544007958521
409.8862305,0.001316514914,0.00791119560527376
410.1025696,-8.439198136E-4,0.00393488802025636
410.3189392,0.003206895432,0.0113904649839153
410.5353088,9.114334243E-4,0.00716563797306813
410.751709,-0.002036659978,0.00173963458257105
410.9681396,-0.001474046614,0.00277513163236646
411.1845703,7.313971873E-4,0.00683427898979704
411.4010315,3.375679444E-5,0.00555026297658225
411.6174927,-0.001068965183,0.00352068915653399
411.8340149,0.001564064762,0.00836681424799285
412.0505066,0.001924137236,0.00902953221453503
412.2670593,-4.38838324E-4,0.00468044565227793
412.4836121,5.063518765E-4,0.00642008023392872
412.7001648,0.002959345467,0.0109348461258562
412.9167786,5.513609503E-4,0.00650292000652595
413.1333618,-5.513609503E-4,0.00447334632790269
413.3500061,0.00158656924,0.00840823402588527
413.5666504,0.001991650788,0.00915379176539278
413.7833252,4.613428318E-4,0.00633724051489041
414,0.002824318362,0.0106863270223002
414.2167053,-0.001676587388,0.0024023527626127
414.4334412,-0.001721596462,0.00231951298964737
414.650177,0.002036659978,0.00923663175185759
414.8669434,-9.78947035E-4,0.00368636870246466
415.0837097,1.237749093E-4,0.00571594246151833
415.3005371,0.001226496883,0.00774551627468307
415.517334,4.613428318E-4,0.00633724051489041
415.7341919,0.004534662701,0.0138342375244204
415.9510498,1.237749093E-4,0.00571594246151833
416.1679077,0.001991650788,0.00915379176539278
416.3847961,-4.613428318E-4,0.00463902581953823
416.6017151,-0.001654082909,0.00244377254234563
416.8186646,0.002081668936,0.00931947131132345
417.035614,0.001046460588,0.00741415718466225
417.252594,0.002306714188,0.00973366995896963
417.469574,5.963700241E-4,0.00658575977912319
417.6865845,0.005209798459,0.01507683347104
417.903595,-1.012703797E-4,0.00530174374577318
418.1206665,0.001676587388,0.00857391357181594
418.3377075,0.001023956109,0.00737273740492932
418.5548096,-0.002981850179,0
418.7719116,0.002689291257,0.0104378079187442
418.9890442,-5.963700241E-4,0.00439050655530546
419.2061768,7.313971873E-4,0.00683427898979704
419.4233398,0.002621777589,0.010313548154387
419.6405029,7.313971873E-4,0.00683427898979704
419.8577271,0.001091469661,0.00749699695578707
420.0749207,7.088926504E-4,0.00679285910349843
420.2921753,0.003454445163,0.0118460834112944
420.5094299,0.001744101057,0.00869817333801368
420.7266846,0.007055169903,0.0184732630767162
420.9439697,2.58802087E-4,0.00596446169887962
421.1612854,-5.963700241E-4,0.00439050655530546
421.3786316,0.002464246005,0.010023609271098
421.5959778,9.564424981E-4,0.00724847774566537
421.8133545,7.876585005E-5,0.00563310271570056
422.0307312,0.002014155267,0.00919521154512571
422.2481384,0.001339019509,0.00795261559850616
422.4655457,0.001631578314,0.0084910737988506
422.6829834,0.002329218667,0.00977508973870256
422.9004517,0.002081668936,0.00931947131132345
423.1179504,4.838473687E-4,0.00637866040118903
423.3354492,5.738654872E-4,0.00654433989282457
423.552948,0.004017058294,0.0128815800322504
423.7704773,-4.163337871E-4,0.00472186553857654
423.9880371,7.764062611E-4,0.00691711876239428
424.2056274,2.58802087E-4,0.00596446169887962
424.4232178,0.001991650788,0.00915379176539278
424.6408081,0.002824318362,0.0106863270223002
424.8584595,0.002959345467,0.0109348461258562
425.0761108,0.001046460588,0.00741415718466225
425.2937622,0.001991650788,0.00915379176539278
425.5114441,0.004467148799,0.0137099773293832
425.7291565,-4.163337871E-4,0.00472186553857654
425.9468689,0.003139381763,0.0112662052177176
426.1646118,0.004219599068,0.0132543589020041
426.3823853,0.001046460588,0.00741415718466225
426.6001587,0.002441741293,0.00998218906252565
426.8179626,7.088926504E-4,0.00679285910349843
427.0357666,0.001046460588,0.00741415718466225
427.2536011,-4.613428318E-4,0.00463902581953823
427.4714661,0.001811614609,0.00882243288887143
427.6893311,5.738654872E-4,0.00654433989282457
427.9072266,6.413790979E-4,0.00666859955172042
428.1251221,0.002194191562,0.00952657063514654
428.3430481,1.237749093E-4,0.00571594246151833
428.5610046,1.687839685E-4,0.00579878220724408
428.7789612,0.003049363615,0.0111005256717869
428.9969482,0.002081668936,0.00931947131132345
429.2149658,0.001609073835,0.00844965401911767
429.4329834,-5.738654872E-4,0.00443192644160407
429.651001,9.114334243E-4,0.00716563797306813
429.8690796,-0.001294010435,0.00310649050888781
430.0871277,0.003724499606,0.0123431220472459
430.3052368,0.001001451514,0.00733131741169691
430.5233459,0.001721596462,0.00865675334478127
430.7414856,0.002351723379,0.00981650994727495
430.9596252,0.003094372805,0.0111833656582517
431.1777954,0.001158983214,0.00762125650848533
431.3959961,0.00158656924,0.00840823402588527
431.6141968,-0.001384028583,0.00294081096295714
431.8323975,-0.001136478735,0.00339642960567624
432.0506592,4.838473687E-4,0.00637866040118903
432.2689209,3.375679444E-5,0.00555026297658225
432.4871826,3.488202055E-4,0.00613014119051517
432.7054749,0.004354626406,0.0135028784343996
432.9237976,0.002194191562,0.00952657063514654
433.1421509,8.439198136E-4,0.00704137831417228
433.3604736,1.912884909E-4,0.00584020206685526
433.5788574,0.002059164457,0.00927805153159052
433.7972412,-3.038111317E-4,0.00492896491651071
434.0156555,0.001676587388,0.00857391357181594
434.2340698,0.003251904389,0.0114733045415407
434.4525146,0.001136478735,0.0075798367287524
434.67099,0.003296913579,0.0115561445280055
434.8894653,4.838473687E-4,0.00637866040118903
435.1079712,8.214153349E-4,0.00699995853499151
435.3264771,0.002531759441,0.0101478686084563
435.5450134,0.003521958832,0.0119703431774922
435.7635803,0.001834119088,0.00886385266860436
435.9821472,0.001676587388,0.00857391357181594
436.2007446,-4.163337871E-4,0.00472186553857654
436.419342,-5.963700241E-4,0.00439050655530546
436.63797,0.002261705231,0.00965083040134428
436.8565979,4.838473687E-4,0.00637866040118903
437.0752869,0.001136478735,0.0075798367287524
437.2939453,0.00142903754,0.00811829492909684
437.5126648,0.001474046614,0.00820113470206218
437.7313843,0.001091469661,0.00749699695578707
437.9501038,-3.375679444E-5,0.00542600335784639
438.1688538,7.313971873E-4,0.00683427898979704
438.3876343,0.002419236815,0.00994076928463323
438.6064148,-9.114334243E-4,0.00381062836136051
438.8252258,0.002104173414,0.00936089108921587
439.0440674,4.613428318E-4,0.00633724051489041
439.2629089,5.963700241E-4,0.00658575977912319
439.481781,-5.738654872E-4,0.00443192644160407
439.7006531,-5.063518765E-4,0.00455618610049992
439.9195557,0.002576768631,0.0102307085949211
440.1384583,0.00291433651,0.0108520065682309
440.3574219,0.001046460588,0.00741415718466225
440.576355,-5.626132406E-5,0.00538458348494671
440.7953491,7.539017242E-4,0.00687569887609566
441.0143127,0.002239200752,0.00960941062161135
441.2333374,-0.001811614609,0.00215383344555721
441.4523621,-4.613428318E-4,0.00463902581953823
441.6714172,-3.713247424E-4,0.00480470525761486
441.8904724,0.003454445163,0.0118460834112944
442.1095581,0.002464246005,0.010023609271098
442.3286438,0.003499454353,0.0119289233977592
442.54776,5.626132406E-5,0.00559168284948194
442.7669067,0.001856623683,0.00890527266183677
442.9860535,0.001203992288,0.00770409628145067
443.2052307,0.004512158222,0.0137928177446875
443.424408,9.78947035E-4,0.00728989763196398
443.6436157,0.003656985937,0.0122188622810482
443.862854,0.002081668936,0.00931947131132345
444.0820923,0.002351723379,0.00981650994727495
444.3013611,7.313971873E-4,0.00683427898979704
444.5206299,0.002059164457,0.00927805153159052
444.7399292,-0.001294010435,0.00310649050888781
444.9592285,0.002621777589,0.010313548154387
445.1785889,0.002419236815,0.00994076928463323
445.3979187,0.001001451514,0.00733131741169691
445.6172791,0.002869327553,0.0107691670106056
445.8366699,0.001946641714,0.00907095199242745
446.0560913,0.001924137236,0.00902953221453503
446.2755127,0.004242103547,0.0132957786817371
446.4949341,0.001676587388,0.00857391357181594
446.7144165,0.002396732336,0.0098993495049003
446.9338989,0.004647185095,0.0140413364212446
447.1533813,0.003927040379,0.0127159009151592
447.3728943,2.362975501E-4,0.00592304181258101
447.5924072,0.002936840989,0.0108934263479638
447.8119812,0.002239200752,0.00960941062161135
448.0315247,0.004129581153,0.0130886797849129
448.2511292,0.003116877284,0.0112247854379847
448.4707336,0.005502357148,0.015615291457885
448.6903381,0.006582574919,0.0176034459998504
448.9099731,0.004174590111,0.0131715193443788
449.1296387,2.58802087E-4,0.00596446169887962
449.3493042,0.004737203475,0.0142070163941742
449.5690002,0.004849725869,0.0144141152909983
449.7886963,0.002351723379,0.00981650994727495
450.0084229,0.004219599068,0.0132543589020041
450.2281799,0.003859526711,0.012591641150802
450.447937,0.001744101057,0.00869817333801368
450.6677246,0.004939744249,0.014579795263928
450.8875122,0.003454445163,0.0118460834112944
451.1073303,0.003116877284,0.0112247854379847
451.3271484,0.006267511286,0.0170235673774341
451.5470276,0.006605079398,0.0176448657795834
451.7668762,0.006290015765,0.0170649871571671
451.9867554,0.007572773844,0.0194259197112074
452.206665,0.003656985937,0.0122188622810482
452.4266052,0.003161886241,0.01130762499561
452.6465454,0.005592375528,0.0157809714308146
452.8664856,0.007392738014,0.019094561477025
453.0864563,0.005569871049,0.0157395516510817
453.3064575,0.00800035987,0.0202128972286073
453.5264587,0.008022864349,0.0202543170083402
453.7464905,0.006425043102,0.017313506687722
453.9665527,0.006064970512,0.0166507885076804
454.186615,0.008090377785,0.0203785763456985
454.4066772,0.006425043102,0.017313506687722
454.62677,0.007415242493,0.0191359812567579
454.8468933,0.009193100035,0.0224081506673969
455.0670471,0.00892304536,0.0219111116044465
455.2871704,0.00820290111,0.02058567695604
455.5073547,0.0113985436,0.0264672975899144
455.7275391,0.008630487137,0.0213726544752804
455.9477539,0.01227622014,0.0280826724210118
456.1679688,0.01866750605,0.0398459154004373
456.3882141,0.01088093966,0.0255146409572637
456.6084595,0.009553172626,0.0230708688492791
456.8287354,0.01040834468,0.02464482388776
457.0490417,0.01547186356,0.033964294766563
457.2693481,0.01389654633,0.0310649033753608
457.4896545,0.01763229817,0.0379406021351361
457.710022,0.01914010197,0.040715734200023
457.9303589,0.01652957685,0.0359110295251145
458.1507568,0.02031033672,0.0428695661363598
458.3711548,0.0210304819,0.0441950024964431
458.5915527,0.02026532777,0.042786726591618
458.8119812,0.02665661462,0.0545499713011255
459.0324402,0.02348347567,0.0487097687187427
459.2528992,0.02760180458,0.056289605440133
459.4733887,0.02886205912,0.0586091199445224
459.6939087,0.0327328369,0.0657333356636563
459.9144287,0.03338547051,0.0669345161207781
460.1349487,0.03345298395,0.0670587754654984
460.3554993,0.03842648491,0.0762125672180076
460.5760803,0.04074444994,0.0804788113275128
460.7966614,0.03842648491,0.0762125672180076
461.0172729,0.04571795091,0.0896326030984272
461.237915,0.04587548226,0.0899225415510361
461.4585571,0.04895860329,0.0955970650071252
461.6791992,0.04823845625,0.0942716252236883
461.8998718,0.05546241254,0.1075674086245
462.120575,0.06045841798,0.116762620158583
462.3412781,0.06327148527,0.121940106272601
462.5620117,0.06912266463,0.132709276279561
462.7827454,0.07488381863,0.143312753466813
463.0035095,0.07940723002,0.151638149643068
463.2243042,0.08222029358,0.156815628891974
463.4450989,0.0917622149,0.174377656402291
463.6659241,0.09610559046,0.182371694344364
463.8867493,0.09918871522,0.188046224665566
464.107605,0.1058500558,0.200306506698739
464.3284607,0.110103406,0.208134851821104
464.5493469,0.1209730953,0.228140653180531
464.7702332,0.1297948658,0.244377233950273
464.9911499,0.1298173815,0.244418674382399
465.2120972,0.1407545805,0.264548728203028
465.4330444,0.1491037607,0.279915500516866
465.6540222,0.1557200849,0.292092929330288
465.875,0.1662522107,0.31147744077601
466.0960083,0.1739937663,0.325725872287898
466.3170471,0.1831756085,0.342625169599626
466.5380859,0.191997394,0.358861777977058
466.7591248,0.2058151662,0.384293563397365
466.9802246,0.2147719711,0.400778676697204
467.2012939,0.2238863111,0.417553735351573
467.4224243,0.2365563512,0.440873105248979
467.6435242,0.2431501895,0.453009148477554
467.8646851,0.25753057,0.4794764216273
468.0858459,0.2684452832,0.499565090047133
468.3070068,0.2813628614,0.523340056964914
468.5281982,0.2903871834,0.539949436345749
468.7494202,0.2989614308,0.555730447702806
468.9706421,0.3121265769,0.579961066488242
469.1918945,0.3258318305,0.60518575999463
469.413147,0.3422151208,0.635339414097293
469.6344299,0.3439254761,0.638487344773273
469.8557434,0.3685229123,0.683759238843729
470.0770569,0.3680728376,0.6829308706359
470.2983704,0.381463021,0.707575673433225
470.5197144,0.3913650215,0.725800431252562
470.7410889,0.4044401348,0.749865343524875
470.9624634,0.4175827801,0.774054549301824
471.1838684,0.4233439565,0.784658067716561
471.405304,0.4314005673,0.799486362329822
471.6267395,0.4495617151,0.832912185765822
471.848175,0.4594637156,0.85113694358516
472.0696411,0.4705134332,0.871474089319708
472.2911377,0.4741366804,0.878142721859122
472.5126343,0.4858840406,0.899763887669154
472.7341614,0.4835660756,0.895497643614864
472.9556885,0.500669539,0.926976785464726
473.1772461,0.5043152571,0.933686775981296
473.3988037,0.5128894448,0.949467677459744
473.6203918,0.5160176158,0.955225115958406
473.8420105,0.5180205107,0.958911469487684
474.0636292,0.5200234056,0.962597823016962
474.2852478,0.5275849104,0.976514868742193
474.506897,0.5274723768,0.976307749220583
474.7285767,0.5299704075,0.98090540648517
474.9502563,0.5302854776,0.981485297010182
475.1719666,0.533323586,0.987076974148443
475.3937073,0.5403450131,1
475.615448,0.5341337323,0.988568058714207
475.8371887,0.5345388055,0.989313601089114
476.05896,0.5304654837,0.981816600525922
476.2807617,0.5391747355,0.997846089197693
476.5025635,0.5359790921,0.991964466888953
476.7243958,0.531185627,0.983142033425841
476.946228,0.5267297626,0.974940958343507
477.1680908,0.5285751224,0.978337366518254
477.3899536,0.5273823738,0.976142097554739
477.6118469,0.5170528293,0.957130439567389
477.8337708,0.5115842223,0.947065398853229
478.0556946,0.5129795074,0.949633438820146
478.2776184,0.5092437267,0.942757686943174
478.4995728,0.5059805512,0.936751770945745
478.7215576,0.4996792972,0.925154232841386
478.9435425,0.4904974699,0.908254962953299
479.1655579,0.4938506484,0.914426530616571
479.3875732,0.4873918295,0.902538992310402
479.6096191,0.4829359353,0.894337862380789
479.8316956,0.4742942154,0.878432667029602
480.053772,0.46207425,0.855941665340026
480.2758484,0.4609715343,0.853912103073686
480.4979553,0.4633570015,0.858302585785333
480.7200928,0.447491318,0.829101593579187
480.9422302,0.4449257851,0.824379697657243
481.1643982,0.4435079992,0.821770244681839
481.3865662,0.4348662794,0.805865049514704
481.6087646,0.4232539237,0.784492361203438
481.8309631,0.4245817065,0.786936162328946
482.0531921,0.4165700972,0.772190693548607
482.2754517,0.4143646359,0.768131513984596
482.4977112,0.4053853452,0.751605015283962
482.7199707,0.3989265263,0.739717476977793
482.9422607,0.391995132,0.726960157639359
483.1645813,0.3844561279,0.713084524738563
483.3869019,0.3771196306,0.699581608177943
483.6092529,0.3695581257,0.685664562268661
483.831604,0.3632568419,0.674066969317023
484.0539856,0.3574506938,0.663380679916643
484.2763672,0.349979192,0.649629285857257
484.4987793,0.3384568691,0.628422304059113
484.7212219,0.337151587,0.626019915758041
484.9436646,0.3334383667,0.619185686584113
485.1661072,0.325291723,0.604191685273678
485.3885803,0.3283748329,0.60986618824486
485.611084,0.3180677593,0.590895888234667
485.8335876,0.3045425415,0.566002552907246
486.0561218,0.2967784703,0.551712681147282
486.278656,0.2939879298,0.546576655876676
486.5012207,0.2912648618,0.5415648146002
486.7237854,0.2822630405,0.524996848043801
486.9463806,0.2762093246,0.513854906959818
487.1690063,0.2748140693,0.51128692184018
487.3916321,0.2690078914,0.500600577592521
487.6142578,0.2607712448,0.485440924800293
487.8369141,0.2522194982,0.469701326451723
488.0596008,0.2503966391,0.466346331101412
488.2822876,0.2419799417,0.450855292522526
488.5049744,0.2379741371,0.443482558224382
488.7277222,0.2322129756,0.432879067233285
488.9504395,0.2292198837,0.427370243535637
489.1732178,0.2277570814,0.424677937303672
489.3959961,0.2167298645,0.404382204393559
489.6187744,0.2128140777,0.397175149000848
489.8415833,0.2069403976,0.386364566095832
490.0643921,0.2113737911,0.394524283201009
490.2872314,0.1999414861,0.373482980492349
490.5101013,0.1964982897,0.367145733739593
490.7329712,0.18893677,0.353228660590723
490.9558411,0.1842783391,0.344654759289605
491.1787415,0.1800924987,0.336950666812494
491.4016724,0.1824329644,0.34125832369122
491.6246033,0.1781796068,0.333429964949061
491.8475647,0.1748039275,0.327216984277301
492.0705261,0.169380337,0.317234797003754
492.2935181,0.1627414972,0.305015927942257
492.51651,0.1543698162,0.289607742619933
492.7395325,0.1557200849,0.292092929330288
492.9625854,0.1547298878,0.290270458977867
493.1856384,0.1464482248,0.275027952929077
493.4086914,0.1448954046,0.272169967607629
493.6317749,0.1392242759,0.261732183129655
493.8548889,0.142374903,0.267530952365885
494.0780029,0.1365012228,0.256720369276818
494.3011169,0.1357360631,0.255312083120337
494.524292,0.1276794523,0.240483788507076
494.7474365,0.1270268112,0.239282594264514
494.9706116,0.1241912469,0.234063702117553
495.1938171,0.1186326221,0.22383298249796
495.4170227,0.1194427907,0.225324108107157
495.6402588,0.1175524071,0.221844833056055
495.8635254,0.1116112098,0.210909983885991
496.0867615,0.1133890674,0.21418215340338
496.3100586,0.1031495109,0.195336119474183
496.5333557,0.1087081283,0.205566825473982
496.7566528,0.1032845378,0.195584638200434
496.9799805,0.1038021371,0.196537286293106
497.2033386,0.09867110848,0.18709356287948
497.4266968,0.09824351966,0.186306580219687
497.6500549,0.09903118014,0.187756279347844
497.8734436,0.09376511723,0.178064023606578
498.0968628,0.09032192826,0.171726790528832
498.320282,0.08730632067,0.166176526417463
498.5437317,0.0875088647,0.166549311279926
498.7671814,0.08291793615,0.158099648912243
498.9906616,0.0835255608,0.159217989806218
499.2141418,0.08512338251,0.162158800978993
499.4376526,0.08134262264,0.155200264367748
499.6611633,0.07711176574,0.147413318450024
499.8847046,0.0777418986,0.148573085990685
500.1082764,0.07677420229,0.146792028628345
500.3318176,0.07612156868,0.145590848171224
500.5554199,0.07400614023,0.141697375212362
500.7790222,0.0677273795,0.130141236257429
501.0026245,0.06901013851,0.132502170524986
501.2262573,0.06637711078,0.127656049510263
501.4499207,0.06601703912,0.126993333041898
501.673584,0.06588201225,0.126744814370863
501.8972778,0.06403663754,0.123348378754072
502.1209717,0.06473428011,0.124632398774341
502.3446655,0.06070596725,0.117218237737485
502.5683899,0.05991830677,0.115768538609328
502.7921448,0.06142611057,0.118543670674215
503.0158997,0.05969326198,0.115354340811999
503.2396851,0.05681268498,0.110052602218373
503.4634705,0.05519235879,0.107070371264024
503.6872864,0.05712774768,0.110632479123591
503.9111023,0.05170415714,0.100650291776423
504.1349487,0.05408963561,0.105040795230649
504.3588257,0.05064644292,0.0987035553061946
504.5826721,0.04992629588,0.0973781155227576
504.8065796,0.05096150562,0.0992834322114125
505.0304871,0.0467081517,0.0914550802423403
505.2543945,0.04414263368,0.086733211707225
505.4783325,0.04646059871,0.0909994558167303
505.702301,0.04535787925,0.0889698866300623
505.9262695,0.04607802257,0.090295319566792
506.150238,0.04000180215,0.0791119586276149
506.3742371,0.04211722687,0.0830054247213643
506.5982666,0.04533537477,0.0889284668484889
506.8222961,0.04087947682,0.0807273300169535
507.0463257,0.0393941775,0.07799361773364
507.2703857,0.04067693651,0.0803545520011976
507.4944763,0.0368286632,0.073271756045232
507.7185669,0.03925915062,0.0777450990441994
507.942688,0.03988927603,0.0789048528730404
508.1668091,0.03862902522,0.0765853452337635
508.3909607,0.03469073027,0.0693368633047967
508.6151123,0.03698619455,0.073561694497841
508.8392944,0.03340797499,0.0669759359023515
509.0634766,0.03365552425,0.0674315534628491
509.2876892,0.03293537721,0.0661061136794122
509.5119019,0.03419563174,0.0684256281653964
509.736145,0.03390307352,0.0678871710417519
509.9603882,0.03147258237,0.0634138211776721
510.1846619,0.03084245697,0.0622540673672362
510.4089355,0.03336296603,0.0668930963392046
510.6332397,0.02715171501,0.0554612098638795
510.8575439,0.02789436467,0.0568280660055363
511.0818787,0.02937966213,0.0595617748654962
511.3062439,0.03142757341,0.0633309816145252
511.5306091,0.02751178667,0.0561239263322444
511.7549744,0.02602648735,0.0533902140489309
511.9793701,0.02463120781,0.0508221843152648
512.2037964,0.02717421949,0.055502629645453
512.4282227,0.02494627051,0.0514020612204827
512.6526489,0.02564391121,0.0526860777989926
512.8770752,0.02541886643,0.0522718800200684
513.1015625,0.02609400079,0.0535144733936512
513.3260498,0.02193066292,0.045851797109114
513.5505371,0.02132304199,0.0447334630618464
513.7750854,0.02424862981,0.0501180446419729
513.9996338,0.0236635115,0.0490411269529251
514.2241821,0.02294336818,0.0477156940161954
514.4487305,0.02202068083,0.0460174762170026
514.6733398,0.02042286098,0.0430766684675806
514.8978882,0.02211070061,0.04618315876665
515.1224976,0.02168311365,0.0453961795302112
515.347168,0.01785734296,0.0383547999324654
515.5717773,0.01826242544,0.0391003593873307
515.7964478,0.01715970412,0.0370707867773091
516.0211182,0.01495425962,0.0330116381339123
516.2457886,0.018194912,0.0389761000426104
516.47052,0.02278583497,0.0474257521402328
516.6952515,0.01693465747,0.0366565855566262
516.9199829,0.01891505718,0.0403015364026937
517.1447144,0.01666460373,0.0361595482145551
517.3695068,0.0161019899,0.0351240503070808
517.5942993,0.01407658309,0.03139626332122
517.8190918,0.01373901498,0.0307749649227518
518.0438843,0.01502177306,0.0331358974786327
518.2687378,0.01551687252,0.0340471343297098
518.4935913,0.01412159204,0.0314791028659618
518.7184448,0.01659709029,0.0360352888698348
518.9432983,0.01022830885,0.0243134656535776
519.1682129,0.01016079448,0.0241892045971804
519.3931274,0.01207367983,0.0277098944052559
519.618042,0.01448166464,0.0321418210644086
519.8429565,0.0131538976,0.0296980489453809
520.0679321,0.01367150154,0.0306507055780315
520.2929077,0.01308638323,0.0295737878889837
520.5178833,0.01223121118,0.0279998328578649
520.7428589,0.01385153737,0.0309820638122139
520.9678955,0.0131538976,0.0296980489453809
521.1929321,0.01432413235,0.0318518808817177
521.4179688,0.01288384292,0.0292010098732279
521.6430054,0.01306387875,0.0295323681074103
521.868103,0.01322141103,0.0298223082716961
522.0932007,0.01517930441,0.0334258359312416
522.3182983,0.01297386084,0.0293666889995216
522.543396,0.009665695019,0.0232779677442627
522.7685547,0.01196115743,0.0275027954973887
522.9937134,0.01058838051,0.0249761821219424
523.2188721,0.01160108484,0.026840077317347
523.4440308,0.01054337155,0.0248933425587955
523.6692505,0.01025081333,0.024354885435151
523.8944702,0.01072340831,0.0252247025046548
524.1196899,0.01020580437,0.0242720458720041
524.3449097,0.01299636532,0.0294081087810951
524.5701904,0.007460251451,0.0192188208162237
524.7954712,0.009238108993,0.0224909902268628
525.020752,0.01088093966,0.0255146409572637
525.2460327,0.007820324041,0.0198815389962654
525.4713745,0.009013064206,0.022076792435055
525.6967163,0.009575677104,0.0231122886271715
525.9220581,0.00964319054,0.0232365479645298
526.1474609,0.007505260408,0.0193016603738491
526.3728027,0.01034083124,0.0245205645430397
526.5982056,0.009913245216,0.0237335870293207
526.8236084,0.008247910067,0.0206685165136653
527.0490723,0.00784282852,0.0199229587759983
527.2744751,0.007730305661,0.0197158590233358
527.499939,0.004714698996,0.0141655966144413
527.7254028,0.007955350913,0.020130057670982
527.9509277,0.008090377785,0.0203785763456985
528.1763916,0.008337927982,0.0208341956307565
528.4019165,0.006087474991,0.0166922082874133
528.6274414,0.004984753206,0.0146626348215533
528.8530273,0.009328126907,0.0226566693421135
529.0785522,0.004737203475,0.0142070163941742
529.3041382,0.006695097312,0.0178105448948341
529.5297241,0.005502357148,0.015615291457885
529.7553101,0.006087474991,0.0166922082874133
529.980957,0.005299816374,0.0152425125881312
530.206604,0.007032665424,0.0184318432969833
530.432251,0.005817420781,0.0161951700803013
530.6578979,0.004962248728,0.0146212150436609
530.883606,0.006042466033,0.0166093687279474
531.109314,0.00491723977,0.014538375484195
531.335022,0.00683012465,0.0180590644272295
531.56073,0.00656007044,0.0175620262201175
531.786499,0.004152085632,0.0131300995646459
532.0122681,0.006672592834,0.0177691251169416
532.2380371,0.005749907345,0.016070910742943
532.4638062,0.005569871049,0.0157395516510817
532.6895752,0.005569871049,0.0157395516510817
532.9154053,0.006357529666,0.0171892473503638
533.1412354,0.00491723977,0.014538375484195
533.3671265,0.006447547581,0.017354926467455
533.5929565,0.006177493371,0.0168578882603429
533.8188477,0.005164789502,0.0149939939134147
534.0447388,0.01081342623,0.0253903816309485
534.2706299,0.006154988892,0.01681646848061
534.496582,0.005142285023,0.0149525741336817
534.7224731,0.004197094589,0.0132129391222712
534.9484253,0.006605079398,0.0176448657795834
535.1744385,0.005164789502,0.0149939939134147
535.4003906,0.007437746972,0.0191774010364908
535.6264038,0.004197094589,0.0132129391222712
535.852417,0.004242103547,0.0132957786817371
536.0784302,0.004714698996,0.0141655966144413
536.3044434,0.006312520243,0.0171064069350595
536.5305176,0.004759707954,0.0142484361739071
536.7565918,0.002576768631,0.0102307085949211
536.982666,0.003004354658,0.0110176861141616
537.2088013,0.001991650788,0.00915379176539278
537.4348755,0.005232302938,0.0151182532507729
537.6610107,0.005637384485,0.0158638109884399
537.887146,0.006852629129,0.0181004842069625
538.1133423,0.003049363615,0.0111005256717869
538.3394775,0.006042466033,0.0166093687279474
538.5656738,0.005502357148,0.015615291457885
538.7919312,0.00482722139,0.0143726955112654
539.0181274,0.003476949641,0.0118875031891869
539.2443237,0.004152085632,0.0131300995646459
539.4705811,0.004782212432,0.0142898559517996
539.6968384,0.003026859136,0.011059105892054
539.9231567,0.005389834754,0.0154081925610608
540.1494141,0.005479852669,0.015573871678152
540.3757324,0.004804716911,0.0143312757315325
540.6020508,0.003949544858,0.0127573206948921
540.8283691,0.006695097312,0.0178105448948341
541.0547485,0.005524862092,0.0156567120934563
541.2811279,0.004737203475,0.0142070163941742
541.5075073,0.006312520243,0.0171064069350595
541.7338867,0.006019961555,0.016567948950055
541.9603271,0.005929943174,0.0164022689752849
542.1867065,0.004894735292,0.0144969557063026
542.413147,0.005929943174,0.0164022689752849
542.6395874,0.005749907345,0.016070910742943
542.8660889,0.005142285023,0.0149525741336817
543.0925903,0.002689291257,0.0104378079187442
543.3190918,0.005389834754,0.0154081925610608
543.5455933,0.007752810139,0.0197572788012282
543.7720947,0.002576768631,0.0102307085949211
543.9986572,0.006109979469,0.0167336280653057
544.2252197,0.002689291257,0.0104378079187442
544.4517822,0.00482722139,0.0143726955112654
544.6783447,0.002194191562,0.00952657063514654
544.9049683,0.007887837477,0.0200057983336237
545.1315918,0.006380034145,0.0172306671300967
545.3582153,0.007707801182,0.0196744392436029
545.5848389,0.005637384485,0.0158638109884399
545.8115234,0.00545734819,0.0155324518984191
546.038147,0.006312520243,0.0171064069350595
546.2648315,0.006672592834,0.0177691251169416
546.4915771,0.004714698996,0.0141655966144413
546.7182617,0.005682393443,0.0159466505479058
546.9450073,0.003656985937,0.0122188622810482
547.1717529,0.004894735292,0.0144969557063026
547.3984985,0.007257710677,0.01884604194647
547.6253052,0.003994553816,0.012840160254358
547.8520508,0.005569871049,0.0157395516510817
548.0788574,0.004444644321,0.0136685575514908
548.3056641,0.002644282067,0.0103549679322794
548.5325317,0.003454445163,0.0118460834112944
548.7593384,0.003094372805,0.0111833656582517
548.9862061,0.005547366571,0.0156981318731892
549.2130737,0.003679490415,0.0122602820589406
549.4400024,0.003499454353,0.0119289233977592
549.6668701,0.004737203475,0.0142070163941742
549.8937988,0.004467148799,0.0137099773293832
550.1207275,-1.687839685E-4,0.00517748412718456
550.3476562,-0.001384028583,0.00294081096295714
550.574646,0.001834119088,0.00886385266860436
550.8016357,0.004354626406,0.0135028784343996
551.0286255,0.003206895432,0.0113904649839153
551.2556152,0.004737203475,0.0142070163941742
551.482605,0.00142903754,0.00811829492909684
551.7096558,0.002059164457,0.00927805153159052
551.9367065,0.002126677893,0.0094023108689488
552.1637573,0.003206895432,0.0113904649839153
552.3908691,0.001519055688,0.00828397447502752
552.6179199,0.005007257685,0.0147040546012862
552.8450317,0.002779309405,0.0106034874646749
553.0721436,0.002329218667,0.00977508973870256
553.2993164,0.00111397414,0.00753841673552
553.5264282,0.003409436205,0.0117632438518286
553.7536011,0.003904535901,0.0126744811372668
553.9807739,0.005389834754,0.0154081925610608
554.2079468,0.001249001361,0.00778693605257549
554.4351807,0.001294010435,0.00786977582554083
554.6623535,-3.938292502E-4,0.00476328542487516
554.8895874,0.002846822841,0.0107277468020332
555.1168823,-0.00127150584,0.00314791050212022
555.3441162,0.002486750484,0.010065029050831
555.5714111,0.001541560283,0.00832539446825992
555.7987061,0.004714698996,0.0141655966144413
556.026001,0.002869327553,0.0107691670106056
556.2532959,0.002486750484,0.010065029050831
556.4806519,0.002081668936,0.00931947131132345
556.7080078,0.002756804693,0.0105620672561025
556.9353638,0.002801813884,0.0106449072444078
557.1627197,0.003566967789,0.0120531827351175
557.3900757,2.362975501E-4,0.00592304181258101
557.6174927,0.00158656924,0.00840823402588527
557.8449097,0.002419236815,0.00994076928463323
558.0723267,0.001969146309,0.00911237198565985
558.2998047,0.001564064762,0.00836681424799285
558.5272217,0.005389834754,0.0154081925610608
558.7546997,5.963700241E-4,0.00658575977912319
558.9822388,0.001316514914,0.00791119560527376
559.2097168,-0.001834119088,0.00211241366582428
559.4372559,0.003296913579,0.0115561445280055
559.6647339,0.002824318362,0.0106863270223002
559.8922729,7.764062611E-4,0.00691711876239428
560.119873,0.003859526711,0.012591641150802
560.3474121,0.001789110014,0.00878101289563903
560.5750122,-1.462794316E-4,0.00521890401348318
560.8026123,0.003071868327,0.0111419458803593
561.0302124,0.003386931727,0.0117218240739362
561.2578735,-0.001023956109,0.00360352892949932
561.4854736,0.001339019509,0.00795261559850616
561.7131348,8.439198136E-4,0.00704137831417228
561.9407959,0.00322939991,0.0114318847618077
562.1685181,6.18874561E-4,0.0066271796654218
562.3961792,0.001541560283,0.00832539446825992
562.6239014,0.003004354658,0.0110176861141616
562.8516235,-6.638836348E-4,0.00426624689640961
563.0793457,1.125226481E-5,0.00550884310366416
563.3071289,0.001699091983,0.00861533356504834
563.5349121,0.002576768631,0.0102307085949211
563.7626953,-9.564424981E-4,0.00372778858876327
563.9904785,0.002081668936,0.00931947131132345
564.2182617,0.001046460588,0.00741415718466225
564.446106,7.539017242E-4,0.00687569887609566
564.6739502,0.001181487809,0.00766267650171774
564.9017944,8.664243505E-4,0.0070827982004709
565.1296387,0.002396732336,0.0098993495049003
565.3575439,0.003364427015,0.0116804038653638
565.5853882,-2.813066239E-4,0.0049703847492504
565.8132935,0.003679490415,0.0122602820589406
566.0412598,0.001766605536,0.00873959311774661
566.269165,-2.58802087E-4,0.00501180463554902
566.4971313,5.738654872E-4,0.00654433989282457
566.7250977,0.001451542135,0.00815971492232925
566.953064,0.002419236815,0.00994076928463323
567.1810303,0.003701995127,0.012301702267513
567.4090576,0.001946641714,0.00907095199242745
567.637085,0.002801813884,0.0106449072444078
567.8651123,0.001226496883,0.00774551627468307
568.0931396,0.002869327553,0.0107691670106056
568.321167,-6.413790979E-4,0.00430766678270822
568.5492554,0.001158983214,0.00762125650848533
568.7773438,7.764062611E-4,0.00691711876239428
569.0054321,0.001294010435,0.00786977582554083
569.2335815,6.413790979E-4,0.00666859955172042
569.4616699,0.002194191562,0.00952657063514654
569.6898193,1.012703797E-4,0.00567452258865546
569.9179688,-4.838473687E-4,0.00459760593323962
570.1461182,0.002036659978,0.00923663175185759
570.3743286,6.413790979E-4,0.00666859955172042
570.6025391,-0.001068965183,0.00352068915653399
570.8307495,0.003251904389,0.0114733045415407
571.05896,0.002036659978,0.00923663175185759
571.2871704,0.005344825797,0.0153253530034355
571.5154419,0.001654082909,0.00853249379208301
571.7437134,0.001316514914,0.00791119560527376
571.9719849,7.764062611E-4,0.00691711876239428
572.2002563,0.00158656924,0.00840823402588527
572.4285889,0.003071868327,0.0111419458803593
572.6568604,3.713247424E-4,0.00617156107681378
572.8851929,0.004489653744,0.0137513979667951
573.1135864,3.263156686E-4,0.00608872130421655
573.3419189,0.002891832031,0.010810586788498
573.5703125,0.001474046614,0.00820113470206218
573.798645,7.313971873E-4,0.00683427898979704
574.0270996,0.00111397414,0.00753841673552
574.2554932,1.912884909E-4,0.00584020206685526
574.4838867,6.18874561E-4,0.0066271796654218
574.7123413,0.003139381763,0.0112662052177176
574.9407959,6.18874561E-4,0.0066271796654218
575.1692505,0.00354446331,0.0120117629553846
575.3977661,4.838473687E-4,0.00637866040118903
575.6262207,-0.001991650788,0.00182247456903586
575.8547363,0.002216696041,0.00956799041487947
576.083252,0.002351723379,0.00981650994727495
576.3118286,0.002059164457,0.00927805153159052
576.5403442,0.001226496883,0.00774551627468307
576.7689209,3.263156686E-4,0.00608872130421655
576.9974976,9.114334243E-4,0.00716563797306813
577.2260742,8.439198136E-4,0.00704137831417228
577.4546509,0.001946641714,0.00907095199242745
577.6832886,0.002396732336,0.0098993495049003
577.9119263,0.002306714188,0.00973366995896963
578.140564,0.003026859136,0.011059105892054
578.3692017,0.001294010435,0.00786977582554083
578.5979004,0.002554264152,0.0101892888151882
578.8265381,0.001609073835,0.00844965401911767
579.0552368,9.114334243E-4,0.00716563797306813
579.2839966,0.001721596462,0.00865675334478127
579.5126953,0.004174590111,0.0131715193443788
579.7414551,0.001226496883,0.00774551627468307
579.9701538,7.98910798E-4,0.00695853864869289
580.1989136,0.00518729398,0.0150354136913071
580.4277344,-0.001474046614,0.00277513163236646
580.6564941,-9.114334243E-4,0.00381062836136051
580.8853149,0.001226496883,0.00774551627468307
581.1141357,6.413790979E-4,0.00666859955172042
581.3429565,0.00291433651,0.0108520065682309
581.5717773,-0.001158983214,0.00335500982594331
581.8006592,0.00518729398,0.0150354136913071
582.029541,0.002329218667,0.00977508973870256
582.2584229,7.539017242E-4,0.00687569887609566
582.4873047,6.18874561E-4,0.0066271796654218
582.7161865,3.038111317E-4,0.00604730141791793
582.9451294,0.002936840989,0.0108934263479638
583.1740723,0.002464246005,0.010023609271098
583.4030151,7.088926504E-4,0.00679285910349843
583.631958,0.002081668936,0.00931947131132345
583.8609619,0.002464246005,0.010023609271098
584.0899658,0.001676587388,0.00857391357181594
584.3189697,0.002621777589,0.010313548154387
584.5479736,0.001136478735,0.0075798367287524
584.7769775,0.001609073835,0.00844965401911767
585.0060425,-5.626132406E-5,0.00538458348494671
585.2351074,0.002306714188,0.00973366995896963
585.4641724,0.001564064762,0.00836681424799285
585.6932373,0.001766605536,0.00873959311774661
585.9223022,0.001001451514,0.00733131741169691
586.1514282,0.002104173414,0.00936089108921587
586.3805542,-0.001068965183,0.00352068915653399
586.6096802,4.38838324E-4,0.00629582068215071
586.8388062,0.002621777589,0.010313548154387
587.0679932,0.002081668936,0.00931947131132345
587.2971802,-0.002081668936,0.00165679502310519
587.5263672,-4.38838324E-4,0.00468044565227793
587.7555542,0.002329218667,0.00977508973870256
587.9847412,3.938292502E-4,0.00621298090955348
588.2139893,0.003094372805,0.0111833656582517
588.4432373,0.001811614609,0.00882243288887143
588.6724854,-0.001046460588,0.00356210914976639
588.9017334,0.002891832031,0.010810586788498
589.1310425,0.001631578314,0.0084910737988506
589.3602905,0.002869327553,0.0107691670106056
589.5895996,0.001158983214,0.00762125650848533
589.8189087,0.002666786779,0.0103963881408518
590.0482788,0.003319418058,0.0115975643077384
590.2775879,4.38838324E-4,0.00629582068215071
590.506958,0.003792013042,0.0124673813846042
590.7363281,5.513609503E-4,0.00650292000652595
590.9656982,-9.114334243E-4,0.00381062836136051
591.1951294,0.003476949641,0.0118875031891869
591.4244995,2.813066239E-4,0.00600588158517824
591.6539307,0.003611976979,0.0121360227215823
591.8833618,0.001361523988,0.00799403537823909
592.112854,0.001339019509,0.00795261559850616
592.3422852,-4.38838324E-4,0.00468044565227793
592.5717773,-9.78947035E-4,0.00368636870246466
592.8012695,0.003904535901,0.0126744811372668
593.0307617,0.003431940684,0.0118046636315615
593.2602539,0.002486750484,0.010065029050831
593.4898071,0.001496551209,0.00824255469529459
593.7192993,-0.002396732336,0.00107691682952834
593.9488525,5.626132406E-5,0.00559168284948194
594.1784058,-0.001474046614,0.00277513163236646
594.40802,0.002509254962,0.0101064488287234
594.6375732,8.214153349E-4,0.00699995853499151
594.8671875,0.002554264152,0.0101892888151882
595.0968018,-4.38838324E-4,0.00468044565227793
595.326416,9.114334243E-4,0.00716563797306813
595.5560913,5.063518765E-4,0.00642008023392872
595.7857056,0.001721596462,0.00865675334478127
596.0153809,6.638836348E-4,0.00671001943801903
596.2450562,0.004219599068,0.0132543589020041
596.4747925,0.001226496883,0.00774551627468307
596.7044678,0.003521958832,0.0119703431774922
596.9342041,-5.626132406E-5,0.00538458348494671
597.1639404,0.004039562773,0.0129229998119833
597.3936768,7.088926504E-4,0.00679285910349843
597.6234131,0.004107076675,0.0130472600070205
597.8532104,0.001316514914,0.00791119560527376
598.0829468,0.001766605536,0.00873959311774661
598.3127441,6.18874561E-4,0.0066271796654218
598.5426025,0.002374227857,0.00985792972516737
598.7723999,0.001001451514,0.00733131741169691
599.0022583,7.98910798E-4,0.00695853864869289
599.2320557,0.001496551209,0.00824255469529459
599.4619141,0.001023956109,0.00737273740492932
599.6918335,0.002779309405,0.0106034874646749
599.9216919,0.002666786779,0.0103963881408518
600.1516113,-5.738654872E-4,0.00443192644160407
