400.1708374,-0.001500472776,0.00363811970958806
400.3862915,-0.001024851226,0.00431423045443032
400.6017761,-0.002429067157,0.00231809407451276
400.8172913,-9.342566482E-4,0.00444301344896668
401.0328369,0.003867256222,0.0112685125102279
401.2483826,-0.002225229517,0.00260785558470356
401.4639587,0.005996229127,0.0142949133462467
401.6795349,0.001987418626,0.00859626522199206
401.8951416,-0.001704310649,0.00334835786818055
402.1107788,-8.21013411E-4,0.00460399221338903
402.326416,0.004818499554,0.0126207343297076
402.5420837,-8.436620701E-4,0.00457179644392951
402.7577515,-0.001613716013,0.00347714094545002
402.9734802,6.737972144E-4,0.00672891175359346
403.1891785,0.001760932268,0.00827430785861357
403.4049377,0.003051904961,0.0101094654729716
403.620697,4.926080583E-4,0.00647134576380996
403.8364868,0.003097202396,0.0101738571779254
404.0522766,0.004093742929,0.0115904703697207
404.2680969,-0.001885499805,0.0030907918785392
404.4839478,0.002734824084,0.00965872519864272
404.6997986,6.228377606E-5,0.00585962648618472
404.9156799,0.001058824244,0.00727623958549523
405.1315918,-0.001047499827,0.00428203476756174
405.3475037,-0.002225229517,0.00260785558470356
405.563446,1.075810651E-4,0.00592401798365192
405.7793884,-0.001500472776,0.00363811970958806
405.9953613,0.001285310602,0.00759819694887372
406.2113647,0.002689526649,0.00959433349368887
406.4273682,0.002078013262,0.00872504829926152
406.6434021,-5.09594538E-5,0.00569864773219641
406.8594666,0.0101182824,0.0201545395736275
407.075531,0.001896824106,0.00846748230962018
407.291626,-0.001455175458,0.00370251124822279
407.5077515,-0.001613716013,0.00347714094545002
407.723877,-0.001998743042,0.00292981311440117
407.940033,0.004773202352,0.0125563429559705
408.156189,-0.002904688939,0.00164198299987532
408.3723755,-5.039323587E-4,0.00505473273691224
408.5885925,-0.003561499529,7.08306430289304E-4
408.8048096,0.002780121285,0.00972311657095833
409.0210571,-8.8895933E-4,0.00450740498788572
409.2373352,-0.001228688983,0.0040244687779204
409.4536133,-0.001500472776,0.00363811970958806
409.6699219,0.001466499874,0.00785576310341265
409.8862305,2.66121584E-4,0.00614938823510742
410.1025696,3.11418873E-4,0.00621377973251776
410.3189392,0.005633850582,0.0137797810357473
410.5353088,-0.001500472776,0.00363811970958806
410.751709,-0.00310852658,0.00135222148826299
410.9681396,0.001987418626,0.00859626522199206
411.1845703,0.001375905238,0.00772698002614319
411.4010315,0.001058824244,0.00727623958549523
411.6174927,-6.398242549E-4,0.00486155820317253
411.8340149,0.001443851157,0.00782356725164649
412.0505066,0.003436932107,0.0106567934703395
412.2670593,-8.436620701E-4,0.00457179644392951
412.4836121,-0.001387229539,0.00379909847372609
412.7001648,0.00832903944,0.0176110753626611
412.9167786,0.004093742929,0.0115904703697207
413.1333618,-0.001613716013,0.00347714094545002
413.3500061,0.001489148475,0.00788795879028123
413.5666504,0.00203271606,0.00866065692552438
413.7833252,0.001262662001,0.00756600126200515
414,0.00429758057,0.0118802318813331
414.2167053,-0.001794905169,0.00321957495580867
414.4334412,-0.001387229539,0.00379909847372609
414.650177,0.005067634396,0.0129748872136356
414.8669434,-0.001387229539,0.00379909847372609
415.0837097,0.003436932107,0.0106567934703395
415.3005371,0.0061774184,0.0145524795022072
415.517334,0.003119850997,0.010206052864794
415.7341919,0.01000503916,0.0199935608052249
415.9510498,0.002734824084,0.00965872519864272
416.1679077,0.009959742427,0.0199291700981857
416.3847961,0.001285310602,0.00759819694887372
416.6017151,0.002576283412,0.00943335472955083
416.8186646,0.009665309452,0.0195106245170753
417.035614,0.003844607621,0.0112363168233594
417.252594,0.003550175345,0.0108177722358991
417.469574,0.004569364246,0.0122665807833463
417.6865845,0.008351688273,0.0176432713793248
417.903595,0.001443851157,0.00782356725164649
418.1206665,0.007128661498,0.0159047009890486
418.3377075,0.003572823945,0.0108499679213461
418.5548096,-8.663107292E-4,0.00453960067446999
418.7719116,0.007219255902,0.0160334837365229
418.9890442,-0.002497013193,0.00222150668269033
419.2061768,2.66121584E-4,0.00614938823510742
419.4233398,0.007694877218,0.0167095941487269
419.6405029,0.002508337609,0.00933676766894511
419.8577271,9.682296077E-4,0.0071474565077993
420.0749207,0.005520607345,0.0136188022716093
420.2921753,0.009416174144,0.019156470970714
420.5094299,0.00753633678,0.0164842240122733
420.7266846,0.009801201522,0.0197037992978771
420.9439697,0.005792391021,0.0140051511736225
421.1612854,0.002417742973,0.00920798459167564
421.3786316,0.004569364246,0.0122665807833463
421.5959778,0.003572823945,0.0108499679213461
421.8133545,0.005724445451,0.0139085644442335
422.0307312,0.004569364246,0.0122665807833463
422.2481384,0.007898715325,0.0169993563227727
422.4655457,0.00558855338,0.0137153896620102
422.6829834,0.006585093681,0.0151320025240103
422.9004517,0.003686067183,0.0110109466869057
423.1179504,0.005905634258,0.0141661299377605
423.3354492,0.003527526511,0.0107855762178138
423.552948,0.007038066629,0.0157759175805624
423.7704773,0.004705256317,0.0124597555655696
423.9880371,0.001489148475,0.00788795879028123
424.2056274,0.004773202352,0.0125563429559705
424.4232178,0.002644229447,0.00952994211995172
424.6408081,0.003686067183,0.0110109466869057
424.8584595,0.008827310055,0.0183193824539623
425.0761108,0.004093742929,0.0115904703697207
425.2937622,0.006698336918,0.0152929812881483
425.5114441,0.008238445036,0.0174822926151868
425.7291565,0.003187796799,0.0103026399239782
425.9468689,0.01204341743,0.0228911785653957
426.1646118,0.00667568855,0.0152607859324965
426.3823853,0.004410823807,0.0120412106454711
426.6001587,0.007558985613,0.016516420028937
426.8179626,0.004388174973,0.0120090146273858
427.0357666,0.00667568855,0.0152607859324965
427.2536011,0.004705256317,0.0124597555655696
427.4714661,0.006766282953,0.0153895686785492
427.6893311,0.00674363412,0.0153573726618855
427.9072266,0.007309850305,0.0161622664825757
428.1251221,0.007332499139,0.016194462500661
428.3430481,0.003029256361,0.0100772697875245
428.5610046,0.005679147784,0.0138441724094844
428.7789612,0.005973580293,0.0142627173281614
428.9969482,0.009574715048,0.0193818417696011
429.2149658,0.007445742376,0.016355441264799
429.4329834,0.006471850444,0.0149710237598723
429.651001,0.008057256229,0.0172247271216598
429.8690796,0.004727904685,0.0124919509212215
430.0871277,0.01050330978,0.0207018679036337
430.3052368,0.006562445313,0.0150998071683584
430.5233459,0.0112054171,0.0216999351759943
430.7414856,0.009144390933,0.0187701227297126
430.9596252,0.01014093123,0.0201867355860267
431.1777954,0.007377796341,0.0162588538743981
431.3959961,0.009959742427,0.0199291700981857
431.6141968,0.00171563495,0.00820991631997883
431.8323975,0.003663418582,0.0109787510000371
432.0506592,0.005701796617,0.0138763684261482
432.2689209,0.009234985337,0.0188989054771869
432.4871826,0.00753633678,0.0164842240122733
432.7054749,0.009620012715,0.0194462338043501
432.9237976,0.007513688412,0.0164520286566214
433.1421509,0.007558985613,0.016516420028937
433.3604736,0.006109472364,0.0144558921103847
433.5788574,0.006426553242,0.0149066323861351
433.7972412,0.008510228246,0.0178686408547666
434.0156555,0.008193147369,0.0174179005804378
434.2340698,0.01362882275,0.0251448812661713
434.4525146,0.006041526329,0.0143593047199838
434.67099,0.01041271538,0.0205730851618455
434.8894653,0.005430012941,0.013490019524135
435.1079712,0.005271472502,0.0132646493862598
435.3264771,0.009189687669,0.0188345134410164
435.5450134,0.01666374132,0.0294591118869207
435.7635803,0.009687958285,0.0195428205337391
435.9821472,0.008170499466,0.0173857058857978
436.2007446,0.005928283092,0.0141983259558458
436.419342,0.002123310464,0.00878943967299867
436.63797,0.006154769566,0.0145202834841219
436.8565979,0.007128661498,0.0159047009890486
437.0752869,0.00753633678,0.0164842240122733
437.2939453,0.004886445124,0.0127173210590966
437.5126648,0.008600823581,0.0179974249256862
437.7313843,0.01000503916,0.0199935608052249
437.9501038,0.003708715783,0.0110431423723528
438.1688538,0.00853287708,0.0179008368728519
438.3876343,0.006698336918,0.0152929812881483
438.6064148,0.005407364108,0.0134578235074712
438.8252258,0.007445742376,0.016355441264799
439.0440674,0.007264553104,0.0160978751102601
439.2629089,0.007876066491,0.0169671603046874
439.481781,0.004184337333,0.011719253117195
439.7006531,0.003527526511,0.0107855762178138
439.9195557,0.01086568832,0.0212170002070254
440.1384583,0.008147850633,0.017353509869134
440.3574219,0.004161688499,0.0116870570991097
440.576355,0.008057256229,0.0172247271216598
440.7953491,0.004252283368,0.0118158405075959
441.0143127,0.007717526052,0.0167417901668122
441.2333374,0.002983959159,0.0100128784137874
441.4523621,0.001511797076,0.0079201544771498
441.6714172,0.003550175345,0.0108177722358991
441.8904724,0.0091217421,0.0187379267130489
442.1095581,0.009891795926,0.0198325820453514
442.3286438,0.01059390418,0.0208306506454219
442.54776,0.006811580155,0.0154539600522864
442.7669067,0.004999688361,0.0128782998232347
442.9860535,0.00746839121,0.0163876372828843
443.2052307,0.01245109271,0.0234707015857773
443.424408,0.002123310464,0.00878943967299867
443.6436157,0.008283741772,0.0175466833264905
443.862854,0.003436932107,0.0106567934703395
444.0820923,0.007196607068,0.0160012877184376
444.3013611,0.009370877407,0.0190920802579887
444.5206299,0.007355147973,0.0162266585187462
444.7399292,0.002145959297,0.00882163568966242
444.9592285,0.007876066491,0.0169671603046874
445.1785889,0.007808120456,0.0168705729142865
445.3979187,0.007762823254,0.0168061815405494
445.6172791,0.005792391021,0.0140051511736225
445.8366699,0.005497958977,0.0135866069159574
446.0560913,0.005543256178,0.013650998288273
446.2755127,0.005973580293,0.0142627173281614
446.4949341,0.006018877495,0.0143271087018986
446.7144165,0.00667568855,0.0152607859324965
446.9338989,0.01136395801,0.0219253059834105
447.1533813,0.009461471811,0.019220863005463
447.3728943,8.323377115E-4,0.00695428197405959
447.5924072,0.009167039767,0.0188023187477979
447.8119812,0.006200066768,0.014584674857859
448.0315247,0.007853417657,0.0169349642866021
448.2511292,0.006698336918,0.0152929812881483
448.4707336,0.008827310055,0.0183193824539623
448.6903381,0.01240579598,0.0234063108830028
448.9099731,0.004320229404,0.0119124278994183
449.1296387,0.005701796617,0.0138763684261482
449.3493042,0.01303995773,0.0243077914259743
449.5690002,0.01082039066,0.0211526081822271
449.7886963,0.001987418626,0.00859626522199206
450.0084229,0.007717526052,0.0167417901668122
450.2281799,0.004773202352,0.0125563429559705
450.447937,0.004569364246,0.0122665807833463
450.6677246,0.006947472226,0.0156471348345097
450.8875122,0.007966660894,0.0170959430507402
451.1073303,0.005837688688,0.0140695432083715
451.3271484,0.00925763417,0.0189311014938507
451.5470276,0.01251903921,0.0235672896371901
451.7668762,0.008963201195,0.0185125559127403
451.9867554,0.01100157946,0.0214101736658035
452.206665,0.004705256317,0.0124597555655696
452.4266052,0.004184337333,0.011719253117195
452.6465454,0.006811580155,0.0154539600522864
452.8664856,0.0120207686,0.0228589825529965
453.0864563,0.009778552689,0.0196716032812134
453.3064575,0.007898715325,0.0169993563227727
453.5264587,0.01197547186,0.0227945918360067
453.7464905,0.007558985613,0.016516420028937
453.9665527,0.0061774184,0.0145524795022072
454.186615,0.004909093957,0.0127495170757604
454.4066772,0.006562445313,0.0150998071683584
454.62677,0.006449202076,0.0149388284042204
454.8468933,0.006947472226,0.0156471348345097
455.0670471,0.01029947214,0.0204121063934429
455.2871704,0.008215796202,0.0174500965971015
455.5073547,0.01082039066,0.0211526081822271
455.7275391,0.004614661448,0.0123309721570834
455.9477539,0.008351688273,0.0176432713793248
456.1679688,0.02631206438,0.0431745015503524
456.3882141,0.008872606792,0.0183837731666875
456.6084595,0.004071094096,0.011558274353057
456.8287354,0.007830769755,0.0169027695933837
457.0490417,0.00925763417,0.0189311014938507
457.2693481,0.007377796341,0.0162588538743981
457.4896545,0.009869147092,0.0198003860272661
457.710022,0.01149985008,0.0221184807642123
457.9303589,0.006041526329,0.0143593047199838
458.1507568,0.01190752536,0.0226980037845939
458.3711548,0.009280283004,0.018963297511936
458.5915527,0.01310790423,0.0244043794773871
458.8119812,0.01496509276,0.0270444304177425
459.0324402,0.01016358007,0.0202189316126411
459.2528992,0.01070714742,0.0209916294138245
459.4733887,0.01059390418,0.0208306506454219
459.6939087,0.01358352508,0.0250804892271577
459.9144287,0.008374337107,0.0176754673974101
460.1349487,0.009370877407,0.0190920802579887
460.3554993,0.01215666067,0.0230521573337983
460.5760803,0.01229255274,0.0232453321146001
460.7966614,0.009778552689,0.0196716032812134
461.0172729,0.01152249891,0.0221506767766115
461.237915,0.01322114747,0.0245653582457897
461.4585571,0.01564455219,0.028010303013943
461.6791992,0.01072979625,0.0210238254262237
461.8998718,0.0112054171,0.0216999351759943
462.120575,0.01827179454,0.0317450092780717
462.3412781,0.01122806594,0.0217321312026087
462.5620117,0.01503303833,0.0271410171471315
462.7827454,0.01618812047,0.0287830021371501
463.0035095,0.0141723901,0.0259175790673547
463.2243042,0.01741114631,0.0305215711982949
463.4450989,0.02089903876,0.0354797182004633
463.6659241,0.02085374109,0.0354153261614497
463.8867493,0.01838503778,0.0319059880464744
464.107605,0.02141995728,0.0362202199892476
464.3284607,0.01954011992,0.033547973036493
464.5493469,0.01747909188,0.0306181579276839
464.7702332,0.02350363135,0.0391822271301692
464.9911499,0.02187293023,0.0368641350486428
465.2120972,0.02640265971,0.0433032856141644
465.4330444,0.02076314576,0.0352865420976378
465.6540222,0.02488519996,0.0411461696427778
465.875,0.02366217226,0.0394075979375854
466.0960083,0.02710476704,0.0443013529007402
466.3170471,0.02447752468,0.0405666466223962
466.5380859,0.02613087557,0.0429169360525608
466.7591248,0.02798806503,0.04555698831494
466.9802246,0.02887136117,0.0468126210993075
467.2012939,0.02887136117,0.0468126210993075
467.4224243,0.03367287293,0.0536381185823851
467.6435242,0.03337844089,0.0532195743304061
467.8646851,0.03806671128,0.059884095703344
468.0858459,0.03312930837,0.052865424747273
468.3070068,0.04169049487,0.0650354161642904
468.5281982,0.04538222402,0.0702833233404105
468.7494202,0.03933503479,0.0616870568035024
468.9706421,0.04001449421,0.0626529293854875
469.1918945,0.04508779198,0.0698647790884316
469.413147,0.05641211569,0.0859626555164508
469.6344299,0.04678643867,0.072279457899347
469.8557434,0.05643476173,0.0859948475627787
470.0770569,0.05650271103,0.086091439594478
470.2983704,0.05498525128,0.0839343236230914
470.5197144,0.06569805741,0.0991629088962041
470.7410889,0.06966157258,0.104797168306406
470.9624634,0.07122433186,0.107018678960854
471.1838684,0.07453103364,0.111719257821183
471.405304,0.07958167791,0.118898904873178
471.6267395,0.08678394556,0.12913715111201
471.848175,0.09280848503,0.137701220314495
472.0696411,0.09160810709,0.135994845943726
472.2911377,0.1019132435,0.150643916100169
472.5126343,0.09924070537,0.14684482048372
472.7341614,0.1043819487,0.154153256901838
472.9556885,0.1177672967,0.173180943107925
473.1772461,0.1146417856,0.16873793240365
473.3988037,0.1278232932,0.187475853176122
473.6203918,0.1231123805,0.180779145059166
473.8420105,0.1364977211,0.199806820745925
474.0636292,0.1422278285,0.207952345653785
474.2852478,0.1502001584,0.219285259199896
474.506897,0.1564511806,0.228171280608445
474.7285767,0.157696858,0.229942049562769
474.9502563,0.1713992953,0.24942048801674
475.1719666,0.1829953939,0.265904700857202
475.3937073,0.1949312389,0.282871873714007
475.615448,0.1931646317,0.280360586936031
475.8371887,0.2060970217,0.29874437933461
476.05896,0.2137522548,0.309626529971355
476.2807617,0.2252351195,0.325949777320513
476.5025635,0.2325732857,0.336381207551667
476.7243958,0.2450073957,0.354056679517878
476.946228,0.2486991137,0.359304570843928
477.1680908,0.2590042651,0.37395366230912
477.3899536,0.2746544778,0.396200923741106
477.6118469,0.282015264,0.406664509001923
477.8337708,0.2983222902,0.429845451140151
478.0556946,0.3122059107,0.449581447117125
478.2776184,0.3229187429,0.464810069449549
478.4995728,0.3337900937,0.480264030875034
478.7215576,0.3416038752,0.491371562966462
478.9435425,0.3554421961,0.511043164160868
479.1655579,0.3690313697,0.530360594761914
479.3875732,0.3747388422,0.538473943459301
479.6096191,0.3972515762,0.570476491184852
479.8316956,0.4022342861,0.577559567428605
480.053772,0.4121317565,0.591629127742258
480.2758484,0.430794239,0.618158423867887
480.4979553,0.4501588345,0.645685795340172
480.7200928,0.4609622359,0.661043164591805
480.9422302,0.4678247571,0.670798450743217
481.1643982,0.4839506149,0.693721856397099
481.3865662,0.4945501685,0.708789449695787
481.6087646,0.5077543259,0.727559567859542
481.8309631,0.5186483264,0.743045726534158
482.0531921,0.5340493917,0.764938817230632
482.2754517,0.5450339913,0.780553765328232
482.4977112,0.562564075,0.805473321533274
482.7199707,0.5646024346,0.808370912753462
482.9422607,0.5753378868,0.823631690115549
483.1645813,0.595336616,0.852060502256863
483.3869019,0.5903539658,0.844977510878506
483.6092529,0.6002966762,0.859111381251484
483.831604,0.6068874598,0.868480383999342
484.0539856,0.6157657504,0.881101148702901
484.2763672,0.6262520552,0.896007755329474
484.4987793,0.6257084608,0.895235019075879
484.7212219,0.6493763328,0.928879631198167
484.9436646,0.6482892036,0.92733424341422
485.1661072,0.6583225131,0.941596903210182
485.3885803,0.6591379046,0.942756007448421
485.611084,0.6722288132,0.961365138940062
485.8335876,0.6664307714,0.953123043181313
486.0561218,0.6801105142,0.972569220701567
486.278656,0.6814467907,0.974468779078874
486.5012207,0.6905289292,0.987379319877531
486.7237854,0.6849799752,0.979491310131052
486.9463806,0.687969625,0.983741189795032
487.1690063,0.6897361875,0.986252413030576
487.3916321,0.6891700029,0.98544756410894
487.6142578,0.6867918968,0.982067012730255
487.8369141,0.6921142936,0.989632964409261
488.0596008,0.6882413626,0.984127473198586
488.2822876,0.6978217959,0.99774635546827
488.5049744,0.6994071603,1
488.7277222,0.6884452105,0.984417249293684
488.9504395,0.6865200996,0.981680644603458
489.1732178,0.6805635095,0.973213167532179
489.3959961,0.6696015596,0.95763041668371
489.6187744,0.673247993,0.962813934550156
489.8415833,0.6665892601,0.953348339770599
490.0643921,0.6659777761,0.952479096350701
490.2872314,0.6614254117,0.946007769546276
490.5101013,0.6528189182,0.933773372827361
490.7329712,0.6441444755,0.9214423842189
490.9558411,0.6325030923,0.904893797918834
491.1787415,0.6274750829,0.897746327034666
491.4016724,0.6295813918,0.900740510286554
491.6246033,0.6329786777,0.905569857275333
491.8475647,0.6140217781,0.878622038135398
492.0705261,0.6055285335,0.866548628230751
492.2935181,0.5849182606,0.837250487804142
492.51651,0.5819966197,0.833097284895105
492.7395325,0.5782369375,0.827752780356545
492.9625854,0.5697663426,0.815711567701029
493.1856384,0.5655536652,0.80972311647401
493.4086914,0.5517380238,0.790083754890357
493.6317749,0.5413196087,0.77527365557224
493.8548889,0.5386244059,0.771442341426342
494.0780029,0.5251032114,0.752221545218617
494.3011169,0.5307427049,0.760238259664836
494.524292,0.5109704137,0.732131336144507
494.7474365,0.4987401664,0.714745661312053
494.9706116,0.4934856892,0.707276259445277
495.1938171,0.4857851565,0.696329714025964
495.4170227,0.4758197367,0.682163561538458
495.6402588,0.4742116928,0.679877677395976
495.8635254,0.4636800587,0.664906633767366
496.0867615,0.4471012652,0.641339366006115
496.3100586,0.4408502281,0.632453323416755
496.5333557,0.4322437346,0.62021892669784
496.7566528,0.4265136421,0.612073422970791
496.9799805,0.4229804575,0.607050891776459
497.2033386,0.4128112197,0.59259500569763
497.4266968,0.4023022354,0.577656159460304
497.6500549,0.4012604058,0.576175166458926
497.8734436,0.3926765621,0.563972967131296
498.0968628,0.3814201951,0.54797169326852
498.320282,0.3705261946,0.532485534593904
498.5437317,0.3622141182,0.520669660889296
498.7671814,0.3582053185,0.514971028118997
498.9906616,0.350391537,0.503863496027569
499.2141418,0.348783493,0.501577611742933
499.4376526,0.3345827758,0.481390852998746
499.6611633,0.3300530612,0.474951723585605
499.8847046,0.3282185197,0.472343866098893
500.1082764,0.3253647983,0.468287212859934
500.3318176,0.3133609891,0.451223426790618
500.5554199,0.3050715923,0.439439792838916
500.7790222,0.2963292301,0.427012254560378
501.0026245,0.298435539,0.430006437812265
501.2262573,0.2909841537,0.419414063128465
501.4499207,0.2812225819,0.405537686878211
501.673584,0.2799995542,0.403799115173019
501.8972778,0.2766475379,0.39903412032088
502.1209717,0.275945425,0.398036045116376
502.3446655,0.264892906,0.382324547490852
502.5683899,0.2642360926,0.381390866926764
502.7921448,0.2606576085,0.376303941092017
503.0158997,0.249967441,0.361107537331688
503.2396851,0.243784368,0.352318107812685
503.4634705,0.2410438806,0.348422420207183
503.6872864,0.2443279326,0.353090801704659
503.9111023,0.229561016,0.332099173000178
504.1349487,0.2284059376,0.330457193326685
504.3588257,0.2208639383,0.319736008039091
504.5826721,0.2218831182,0.321184803791338
504.8065796,0.2165833414,0.313651007141994
505.0304871,0.2039000988,0.295621385478928
505.2543945,0.2012275606,0.291822289762972
505.4783325,0.2031300366,0.294526718242725
505.702301,0.1962901503,0.284803608301787
505.9262695,0.2022014409,0.293206690732651
506.150238,0.1895408481,0.275209266460869
506.3742371,0.1889972836,0.274436572711049
506.5982666,0.1921001524,0.278847396685521
506.8222961,0.1731885374,0.25196395100519
507.0463257,0.169836536,0.247198977333862
507.2703857,0.1842863709,0.267739864594093
507.4944763,0.1697912365,0.247134582693446
507.7185669,0.1756345928,0.255441094415574
507.942688,0.1685908586,0.245428208379538
508.1668091,0.1652841568,0.240727629490778
508.3909607,0.1623624861,0.23657438422012
508.6151123,0.1595766991,0.232614301832049
508.8392944,0.1517855674,0.221538967131905
509.0634766,0.1503134072,0.21944624587201
509.2876892,0.1475049704,0.215453966092656
509.5119019,0.1511740535,0.220669681208233
509.736145,0.1449230164,0.211783638618872
509.9603882,0.1444247514,0.211075339509467
510.1846619,0.1400309205,0.204829372978914
510.4089355,0.1404159367,0.205376685416204
510.6332397,0.1300881654,0.190695439063503
510.8575439,0.1317415088,0.193045717846401
511.0818787,0.126441732,0.185511921197057
511.3062439,0.1295672357,0.189954921382003
511.5306091,0.1176993474,0.173084351076226
511.7549744,0.117835246,0.173277535139625
511.9793701,0.1138717309,0.16764327582893
512.2037964,0.1172237322,0.172408249358105
512.4282227,0.1101573482,0.162363165930785
512.6526489,0.1126940027,0.165969098764153
512.8770752,0.1100667566,0.162234387169283
513.1015625,0.11047443,0.162813907517187
513.3260498,0.1014602706,0.15000000111185
513.5505371,0.1058994085,0.156310372944301
513.7750854,0.1030003801,0.152189314403445
513.9996338,0.1012564301,0.149710235536081
514.2241821,0.1015282199,0.15009659314355
514.4487305,0.09310292453,0.138119775171095
514.6733398,0.09371443093,0.138989050433286
514.8978882,0.09679464996,0.14336767705912
515.1224976,0.09201578796,0.136574376910466
515.347168,0.08506265283,0.126690280254767
515.5717773,0.08490411192,0.126464909447351
515.7964478,0.08297897875,0.12372827309963
516.0211182,0.0752331391,0.112717322449496
516.2457886,0.0782680586,0.117031554392269
516.47052,0.08882232755,0.132034774160276
516.6952515,0.07423660159,0.111300713554989
516.9199829,0.07573141158,0.113425632191952
517.1447144,0.07280973345,0.109272376359319
517.3695068,0.07634292543,0.114294918044549
517.5942993,0.06393146515,0.0966516433558997
517.8190918,0.06646811217,0.100257565556217
518.0438843,0.06519979239,0.0984546097583685
518.2687378,0.07077135891,0.106374763901459
518.4935913,0.06100979075,0.0924983928255767
518.7184448,0.06655871123,0.100386354922339
518.9432983,0.05817870796,0.0884739210709705
519.1682129,0.05389811471,0.0823889253624618
519.3931274,0.05743130296,0.087411461745381
519.618042,0.06001324952,0.0910817786429743
519.8429565,0.06051151827,0.0917900830831203
520.0679321,0.05466816947,0.0834835820224742
520.2929077,0.05668389797,0.0863490024340068
520.5178833,0.05537027866,0.0844816519530977
520.7428589,0.05491730571,0.0838377368937024
520.9678955,0.05509849265,0.0840952997332312
521.1929321,0.05215416849,0.0799098518684853
521.4179688,0.05272038653,0.0807147483261154
521.6430054,0.05421519652,0.082839666963079
521.868103,0.0517238453,0.079298134143513
522.0932007,0.05595914274,0.0853187404570556
522.3182983,0.05149735883,0.078976176620923
522.543396,0.04350238666,0.067611076387656
522.7685547,0.04436303675,0.0688345171114803
522.9937134,0.0448160097,0.0694784321708755
523.2188721,0.04384211451,0.068094010034601
523.4440308,0.0436382778,0.067804249846434
523.6692505,0.04472541437,0.0693496481070636
523.8944702,0.037794929,0.0594977487857879
524.1196899,0.04053541273,0.0633934311742718
524.3449097,0.04678643867,0.072279457899347
524.5701904,0.03770433366,0.0593689647077607
524.7954712,0.03897265717,0.0611719258079191
525.020752,0.04427244142,0.0687057330476684
525.2460327,0.0379534699,0.0597231195789888
525.4713745,0.03960682079,0.0620734090091535
525.6967163,0.03897265717,0.0611719258079191
525.9220581,0.03763638809,0.0592723779783717
526.1474609,0.03623216972,0.0572762381313402
526.3728027,0.03342374042,0.0532839690134673
526.5982056,0.03408055007,0.0542176442468142
526.8236084,0.03222336248,0.0515775946426979
527.0490723,0.03129476681,0.0502575671752692
527.2744751,0.03213276714,0.0514488105646706
527.499939,0.02857692912,0.0463940768331132
527.7254028,0.02921109088,0.0472955573903001
527.9509277,0.02957346849,0.047810688371668
528.1763916,0.02893930674,0.0469092078286965
528.4019165,0.02710476704,0.0443013529007402
528.6274414,0.02719536237,0.0444301369645522
528.8530273,0.03244984895,0.0518995521652878
529.0785522,0.02687828057,0.0439793953781503
529.3041382,0.02735390142,0.0446555051279209
529.5297241,0.02565525286,0.0422408236587426
529.7553101,0.02513433434,0.0415003218699584
529.980957,0.02606293,0.0428203493231718
530.206604,0.02540611848,0.041886671431562
530.432251,0.021012282,0.035640696968866
530.6578979,0.02429633401,0.040309078480557
530.883606,0.02565525286,0.0422408236587426
531.109314,0.020128984,0.0343850615404509
531.335022,0.02205411904,0.0371217005464344
531.56073,0.0239113085,0.0397617528088136
531.786499,0.01877006516,0.0324533163764806
532.0122681,0.020876389,0.0354475208660404
532.2380371,0.02384336106,0.0396651634211618
532.4638062,0.0152368769,0.0274307799793461
532.6895752,0.0198119022,0.033934319954049
532.9154053,0.0230053626,0.0384739226900232
533.1412354,0.02006103843,0.0342884748110619
533.3671265,0.01976660639,0.033869930559083
533.5929565,0.01897390373,0.0327430792086951
533.8188477,0.02042341605,0.0348036058066452
534.0447388,0.02952817269,0.0477462989909173
534.2706299,0.02135201171,0.0361236332598586
534.496582,0.0131758498,0.0245009662067761
534.7224731,0.01270022802,0.0238248551349817
534.9484253,0.015961634,0.0284610446145602
535.1744385,0.01820384897,0.0316484225486827
535.4003906,0.02015163191,0.0344172562450416
535.6264038,0.01645990275,0.0291693490547062
535.852417,0.01428563334,0.0260785578357573
536.0784302,0.0180000104,0.0313586597164682
536.3044434,0.01899655163,0.0327752738990705
536.5305176,0.01618812047,0.0287830021371501
536.7565918,0.01156779565,0.0222150674936013
536.982666,0.0131758498,0.0245009662067761
537.2088013,0.01258698478,0.0236638763665791
537.4348755,0.01689022779,0.0297810694095107
537.6610107,0.01575779542,0.0281712817681303
537.887146,0.01557660662,0.027913716284554
538.1133423,0.009869147092,0.0198003860272661
538.3394775,0.01661844365,0.0293947198479071
538.5656738,0.01403649803,0.0257244042865529
538.7919312,0.01684493013,0.0297166773847124
539.0181274,0.01256433595,0.0236316803541799
539.2443237,0.01156779565,0.0222150674936013
539.4705811,0.01376471482,0.0253380560469731
539.6968384,0.01052595861,0.0207340639160329
539.9231567,0.01224725507,0.0231809400755865
540.1494141,0.01306260657,0.0243399874525888
540.3757324,0.01464801189,0.0265936901533644
540.6020508,0.0121793095,0.0230843533461975
540.8283691,0.01580309309,0.0282356738071439
541.0547485,0.012994661,0.0242434007231998
541.2811279,0.01070714742,0.0209916294138245
541.5075073,0.01274552569,0.0238892471739953
541.7338867,0.01621076837,0.0288151968275255
541.9603271,0.01405914687,0.0257566003131674
542.1867065,0.01045801211,0.0206374758646201
542.413147,0.01464801189,0.0265936901533644
542.6395874,0.01525952481,0.0274629746839368
542.8660889,0.01464801189,0.0265936901533644
543.0925903,0.01068449859,0.0209594334014253
543.3190918,0.01324379537,0.0245975529361651
543.5455933,0.01754703932,0.0307147473153358
543.7720947,0.006290661171,0.0147134576039118
543.9986572,0.01385530923,0.0254668388029766
544.2252197,0.008804661222,0.0182871864372985
544.4517822,0.01559925452,0.0279459109749294
544.6783447,0.009823850356,0.0197359953159624
544.9049683,0.0130173089,0.0242755954135751
545.1315918,0.01535012014,0.0275917587477487
545.3582153,0.01695817336,0.0298776561388997
545.5848389,0.01136395801,0.0219253059834105
545.8115234,0.008578174748,0.0179652289090224
546.038147,0.01469330862,0.0266580808561389
546.2648315,0.01251903921,0.0235672896371901
546.4915771,0.007876066491,0.0169671603046874
546.7182617,0.009438822977,0.0191886669873777
546.9450073,0.012111363,0.0229877652947847
547.1717529,0.01444417424,0.0263039286289583
547.3984985,0.01537276804,0.0276239534381241
547.6253052,0.007219255902,0.0160334837365229
547.8520508,0.0101862289,0.0202511276250403
548.0788574,0.009620012715,0.0194462338043501
548.3056641,0.006970120594,0.0156793301901616
548.5325317,0.005362066906,0.0133934321337341
548.7593384,0.008668769151,0.0180940116550752
548.9862061,0.01455741748,0.0264649073973609
549.2130737,0.008985850029,0.0185447519308256
549.4400024,0.007740174886,0.0167739861848975
549.6668701,0.005633850582,0.0137797810357473
549.8937988,0.008895255625,0.0184159691833513
550.1207275,0.004410823807,0.0120412106454711
550.3476562,0.003663418582,0.0109787510000371
550.574646,0.007558985613,0.016516420028937
550.8016357,0.007015418261,0.0157437222249106
551.0286255,0.006924823392,0.0156149388164244
551.2556152,0.006562445313,0.0150998071683584
551.482605,0.003708715783,0.0110431423723528
551.7096558,0.005316769704,0.0133290407599969
551.9367065,0.007921364158,0.0170315523394364
552.1637573,0.006222715601,0.0146168708745228
552.3908691,0.004184337333,0.011719253117195
552.6179199,0.0101182824,0.0201545395736275
552.8450317,0.005611202214,0.0137475856800954
553.0721436,0.004048445262,0.0115260783349717
553.2993164,0.004433472641,0.0120734066635564
553.5264282,0.008079904132,0.0172569218162997
553.7536011,0.009076444432,0.0186735346768783
553.9807739,0.01281347126,0.0239858339033843
554.2079468,0.005747093819,0.0139407597998853
554.4351807,0.003187796799,0.0103026399239782
554.6623535,0.002078013262,0.00872504829926152
554.8895874,0.002440391574,0.00924018027854421
555.1168823,-7.360809832E-5,0.00566645198346281
555.3441162,0.007377796341,0.0162588538743981
555.5714111,0.007128661498,0.0159047009890486
555.7987061,0.00608682353,0.0144236960922995
556.026001,0.009914444759,0.0198647780620152
556.2532959,0.00479585072,0.0125885383116224
556.4806519,0.005656499416,0.0138119770538326
556.7080078,0.003368986072,0.0105602060799386
556.9353638,0.004886445124,0.0127173210590966
557.1627197,0.005928283092,0.0141983259558458
557.3900757,1.698648521E-5,0.00579523498614455
557.6174927,0.003210445633,0.0103348359420634
557.8449097,0.007015418261,0.0157437222249106
558.0723267,0.004206986167,0.0117514491352803
558.2998047,0.006924823392,0.0156149388164244
558.5272217,0.009506769478,0.019285255040212
558.7546997,0.001692986232,0.00817772046679114
558.9822388,0.001194716082,0.00746941403650184
559.2097168,5.152567173E-4,0.00650354153312733
559.4372559,0.006517147645,0.0150354151321879
559.6647339,0.002055364661,0.00869285261239295
559.8922729,1.528783614E-4,0.00598840949143943
560.119873,0.006132120732,0.0144880874660366
560.3474121,0.005022337195,0.01291049584132
560.5750122,2.434729395E-4,0.00611719248640226
560.8026123,0.00638125604,0.014842241012398
561.0302124,0.01034476887,0.0204764970962175
561.2578735,-8.21013411E-4,0.00460399221338903
561.4854736,0.004433472641,0.0120734066635564
561.7131348,0.003618121147,0.0109143592950833
561.9407959,0.001398553839,0.00775917571301176
562.1685181,0.004637310281,0.0123631681737472
562.3961792,0.003889904823,0.0113007081970965
562.6239014,0.005339418072,0.0133612361156488
562.8516235,-1.868513355E-4,0.0055054732190689
563.0793457,8.323377115E-4,0.00695428197405959
563.3071289,0.004637310281,0.0123631681737472
563.5349121,0.004909093957,0.0127495170757604
563.7626953,-0.002361121355,0.00241468113369694
563.9904785,0.004501418211,0.0121699933929454
564.2182617,0.004569364246,0.0122665807833463
564.446106,0.001262662001,0.00756600126200515
564.6739502,6.511485553E-4,0.00669671598413394
564.9017944,0.004410823807,0.0120412106454711
565.1296387,0.006449202076,0.0149388284042204
565.3575439,0.00479585072,0.0125885383116224
565.5853882,0.003255742835,0.0103992273158006
565.8132935,0.005565904547,0.0136831936453464
566.0412598,0.003051904961,0.0101094654729716
566.269165,-0.004059769679,0
566.4971313,-5.945269368E-4,0.00492594974194941
566.7250977,0.006358607206,0.0148100449943127
566.953064,0.004365526605,0.0119768192717339
567.1810303,0.005520607345,0.0136188022716093
567.4090576,0.003414283274,0.0106245974536758
567.637085,0.00746839121,0.0163876372828843
567.8651123,0.002848067321,0.00981970396278076
568.0931396,0.006245363969,0.0146490662301746
568.321167,3.963513154E-5,0.00582743073745112
568.5492554,0.00203271606,0.00866065692552438
568.7773438,0.006856877357,0.0155183514260235
569.0054321,-2.0949998E-4,0.00547327747036373
569.2335815,0.005248823669,0.013232453369596
569.4616699,0.001353256637,0.00769478433927461
569.6898193,-3.000945726E-4,0.00534449445478871
569.9179688,5.379053182E-4,0.00653573721985375
570.1461182,0.00459201308,0.0122987768014316
570.3743286,0.00379931042,0.0111719254510437
570.6025391,-9.116079891E-4,0.0044752092184262
570.8307495,0.004863796756,0.0126851257034448
571.05896,0.004184337333,0.011719253117195
571.2871704,0.01093363389,0.0213135869364145
571.5154419,0.001987418626,0.00859626522199206
571.7437134,3.567161621E-4,0.00627817123007025
571.9719849,-0.001070148544,0.00424983891579558
572.2002563,0.004139040131,0.0116548617434579
572.4285889,0.004954391159,0.0128139084494975
572.6568604,0.003187796799,0.0103026399239782
572.8851929,0.005067634396,0.0129748872136356
573.1135864,9.229323477E-4,0.00708306505161336
573.3419189,0.005747093819,0.0139407597998853
573.5703125,0.002236553701,0.00895041843713671
573.798645,-4.359864397E-4,0.00515131996241554
574.0270996,8.323377115E-4,0.00695428197405959
574.2554932,0.001466499874,0.00785576310341265
574.4838867,0.001489148475,0.00788795879028123
574.7123413,0.006811580155,0.0154539600522864
574.9407959,0.00300660776,0.0100450741006559
575.1692505,0.004841147922,0.0126529296853595
575.3977661,0.00429758057,0.0118802318813331
575.6262207,-8.8895933E-4,0.00450740498788572
575.8547363,0.007785472088,0.0168383775586346
576.083252,0.003550175345,0.0108177722358991
576.3118286,0.004139040131,0.0116548617434579
576.5403442,0.003708715783,0.0110431423723528
576.7689209,0.004433472641,0.0120734066635564
576.9974976,0.003255742835,0.0103992273158006
577.2260742,0.003618121147,0.0109143592950833
577.4546509,0.00133060792,0.00766258848750845
577.6832886,0.001874175505,0.00843528662275161
577.9119263,0.007015418261,0.0157437222249106
578.140564,0.005656499416,0.0138119770538326
578.3692017,0.001081472845,0.0073084352723638
578.5979004,0.008079904132,0.0172569218162997
578.8265381,0.004206986167,0.0117514491352803
579.0552368,0.002010067226,0.0086284609074391
579.2839966,0.004071094096,0.011558274353057
579.5126953,0.003346337471,0.0105280103930701
579.7414551,0.002327148337,0.00907920151440618
579.9701538,0.001896824106,0.00846748230962018
580.1989136,0.006630390882,0.0151963938963259
580.4277344,-0.001908148406,0.00305859619167063
580.6564941,0.001579742995,0.0080167417026531
580.8853149,0.001828878187,0.00837089508411687
581.1141357,-5.492296768E-4,0.00499034119813535
581.3429565,0.002802769886,0.00975531225782691
581.5717773,9.002836887E-4,0.007050869282296
581.8006592,0.001783580869,0.00830650354548214
582.029541,0.003029256361,0.0100772697875245
582.2584229,-3.906891507E-4,0.00521571145982588
582.4873047,0.004342877772,0.0119446232550702
582.7161865,8.096891106E-4,0.00692208628733317
582.9451294,0.005543256178,0.013650998288273
583.1740723,0.005294120871,0.0132968447433332
583.4030151,0.003889904823,0.0113007081970965
583.631958,0.003618121147,0.0109143592950833
583.8609619,0.002440391574,0.00924018027854421
584.0899658,7.643917925E-4,0.00685769474855629
584.3189697,0.001670337631,0.00814552477992257
584.5479736,0.002123310464,0.00878943967299867
584.7769775,0.003550175345,0.0108177722358991
585.0060425,0.002734824084,0.00965872519864272
585.2351074,0.004727904685,0.0124919509212215
585.4641724,0.002780121285,0.00972311657095833
585.6932373,6.737972144E-4,0.00672891175359346
585.9223022,0.003142499598,0.0102382485516626
586.1514282,0.002553634811,0.00940115904268225
586.3805542,0.001217364683,0.00750160972337041
586.6096802,0.002100661863,0.0087572439861301
586.8388062,0.001579742995,0.0080167417026531
587.0679932,0.005565904547,0.0136831936453464
587.2971802,-0.001930797007,0.00302640050480206
587.5263672,2.20824295E-4,0.00608499673769709
587.7555542,9.455809486E-4,0.00711526073833978
587.9847412,0.003074553795,0.0101416614910568
588.2139893,0.003618121147,0.0109143592950833
588.4432373,0.002327148337,0.00907920151440618
588.6724854,7.417431334E-4,0.00682549897909677
588.9017334,0.004025796894,0.0114938829793198
589.1310425,0.003301040037,0.0104636186895377
589.3602905,0.005430012941,0.013490019524135
589.5895996,0.004139040131,0.0116548617434579
589.8189087,0.005815039854,0.0140373471902862
590.0482788,0.003663418582,0.0109787510000371
590.2775879,0.001919472707,0.00849967799648875
590.506958,0.00379931042,0.0111719254510437
590.7363281,8.493242058E-5,0.00589182223491832
590.9656982,5.379053182E-4,0.00653573721985375
591.1951294,0.005520607345,0.0136188022716093
591.4244995,0.001013526926,0.0072118480468605
591.6539307,0.0022139051,0.00891822275026814
591.8833618,0.002780121285,0.00972311657095833
592.112854,0.004750553519,0.0125241469393067
592.3422852,-0.001908148406,0.00305859619167063
592.5717773,0.001081472845,0.0073084352723638
592.8012695,0.006449202076,0.0149388284042204
593.0307617,0.004546715878,0.0122343854276944
593.2602539,0.002802769886,0.00975531225782691
593.4898071,0.004478769843,0.0121377980372935
593.7192993,-0.001070148544,0.00424983891579558
593.9488525,-0.002179932082,0.00267224728965741
594.1784058,-0.001659013331,0.00341274940681528
594.40802,0.004524067044,0.0122021894096091
594.6375732,-4.359864397E-4,0.00515131996241554
594.8671875,0.002168607898,0.00885383137653099
595.0968018,3.340675321E-4,0.00624597550197728
595.326416,0.005407364108,0.0134578235074712
595.5560913,0.00171563495,0.00820991631997883
595.7857056,0.006403904408,0.0148744363680498
596.0153809,0.006970120594,0.0156793301901616
596.2450562,0.004229634535,0.0117836444909322
596.4747925,0.002417742973,0.00920798459167564
596.7044678,0.006064175162,0.0143915007366476
596.9342041,2.887702431E-4,0.00618158400456694
597.1639404,0.008374337107,0.0176754673974101
597.3936768,0.001625040313,0.00808113324128784
597.6234131,0.00538471574,0.0134256281518194
597.8532104,0.001806229469,0.00833869923092918
598.0829468,0.00332368887,0.0104958147062015
598.3127441,-0.002632905031,0.00202833223168372
598.5426025,0.00350487791,0.0107533805309452
598.7723999,0.002916013123,0.00991629102196494
599.0022583,0.002078013262,0.00872504829926152
599.2320557,0.002395094372,0.00917578890480707
599.4619141,0.003595472546,0.0108821636082147
599.6918335,0.004705256317,0.0124597555655696
599.9216919,0.008011958562,0.0171603350869107
600.1516113,0.001013526926,0.0072118480468605
