400.1708374,0.00157463178,0.00690349492049601
400.3862915,0.002925924724,0.00906083694485402
400.6017761,7.638559327E-4,0.00560908957672419
400.8172913,2.909033501E-4,0.00485401978486147
401.0328369,0.00177732564,0.00722709609387514
401.2483826,-0.001555863768,0.00190565220048988
401.4639587,0.004277217668,0.011218178969212
401.6795349,0.002025062684,0.00762260880515252
401.8951416,2.008171577E-4,0.00471019698941075
402.1107788,-2.496138623E-4,0.00399108291956
402.326416,0.004006959032,0.0107867104889855
402.5420837,0.001214286895,0.00632820355445677
402.7577515,5.386404227E-4,0.00524953254179881
402.9734802,0.00288088154,0.00898892540695577
403.1891785,0.001844890299,0.00733496321393177
403.4049377,0.002903403249,0.00902488136269564
403.620697,6.737697404E-4,0.00546526678143311
403.8364868,0.00157463178,0.00690349492049601
404.0522766,0.003624092788,0.0101754637259822
404.2680969,-4.973508767E-4,0.00359557025553908
404.4839478,0.003579049604,0.0101035521880839
404.6997986,2.909033501E-4,0.00485401978486147
404.9156799,0.002498015296,0.00837767864395239
405.1315918,0.001732282573,0.00715518474276764
405.3475037,8.820940275E-5,0.00453041847202789
405.563446,2.008171577E-4,0.00471019698941075
405.7793884,0.001957498025,0.0075147416850959
405.9953613,0.002362885978,0.00816194440383915
406.2113647,0.003173661884,0.00945634984132564
406.4273682,0.002543058479,0.00844959018025414
406.6434021,9.215067839E-4,0.00586077949191224
406.8594666,0.005155558232,0.0126204515251587
407.075531,5.386404227E-4,0.00524953254179881
407.291626,-0.001758557744,0.00158205084191651
407.5077515,-4.69198967E-5,0.00431468426152975
407.723877,-0.002208988648,8.62936957259998E-4
407.940033,0.004592519253,0.0117215586121588
408.156189,-0.001015346614,0.00276858897255563
408.3723755,-1.876795864E-6,0.0043865956666565
408.5885925,-0.002141423989,9.70804077316623E-4
408.8048096,8.539421251E-4,0.00575291237217491
409.0210571,-4.072647134E-4,0.0037393930045316
409.2373352,4.260326677E-4,0.00506975402433612
409.4536133,-5.42394002E-4,0.00352365881135551
409.6699219,0.001822368824,0.00729900763177339
409.8862305,6.962912739E-4,0.00550122245698686
410.1025696,0.001304373145,0.00647202644186601
410.3189392,0.004772691987,0.0120092047605588
410.5353088,9.890714427E-4,0.00596864661164956
410.751709,-0.002749505918,0
410.9681396,4.316630657E-5,0.00445850707433445
411.1845703,9.440283175E-4,0.00589673516762564
411.4010315,0.001169243827,0.00625629220175276
411.6174927,3.809895716E-4,0.00499784262677041
411.8340149,0.003601571312,0.0101395081422273
412.0505066,0.003083575517,0.00931252676712565
412.2670593,-1.876795864E-6,0.0043865956666565
412.4836121,-6.324801943E-4,0.00337983601606443
412.7001648,0.003894351423,0.0106069322046122
412.9167786,0.002543058479,0.00844959018025414
413.1333618,-8.12652579E-4,0.00309219042532263
413.3500061,0.00112420076,0.00618438085064526
413.5666504,0.002452972112,0.00830576710605415
413.7833252,4.710757639E-4,0.00514166542206149
414,0.002272799844,0.00801812170162414
414.2167053,4.316630657E-5,0.00445850707433445
414.4334412,-2.946569584E-4,0.00391917152199428
414.650177,0.004164610058,0.0110384006832421
414.8669434,6.737697404E-4,0.00546526678143311
415.0837097,0.00148454553,0.00675967203308677
415.3005371,0.005133036524,0.0125844955710153
415.517334,0.001011592918,0.00600460219428689
415.7341919,0.00583120482,0.0136991227225319
415.9510498,7.638559327E-4,0.00560908957672419
416.1679077,0.005380773917,0.0129800088394719
416.3847961,3.359464463E-4,0.00492593118258684
416.6017151,0.001169243827,0.00625629220175276
416.8186646,0.004457389936,0.011505824373642
417.035614,0.002970967907,0.00913274848115577
417.252594,0.002543058479,0.00844959018025414
417.469574,0.002362885978,0.00816194440383915
417.6865845,0.006394243333,0.0145980148915618
417.903595,4.935972975E-4,0.00517762109777489
418.1206665,0.004569998011,0.0116856034019854
418.3377075,0.002520536771,0.00841363422611077
418.5548096,-0.002096381038,0.00104271524322988
418.7719116,0.005335730501,0.0129080969311852
418.9890442,-9.252603631E-4,0.00291241186140173
419.2061768,2.458602539E-4,0.00478210838713611
419.4233398,0.002452972112,0.00830576710605415
419.6405029,0.001304373145,0.00647202644186601
419.8577271,4.485542013E-4,0.00510570970004953
420.0749207,0.00193497655,0.00747878610293752
420.2921753,0.004164610058,0.0110384006832421
420.5094299,0.002430450637,0.00826981152389577
420.7266846,0.006732066628,0.0151373504918449
420.9439697,0.004299739376,0.0112541349233554
421.1612854,0.00112420076,0.00618438085064526
421.3786316,0.002858360065,0.0089529698247974
421.5959778,0.00288088154,0.00898892540695577
421.8133545,0.002295321319,0.00805407728378252
422.0307312,0.001552110189,0.00686753915314339
422.2481384,0.003556528129,0.0100675966059255
422.4655457,0.004727648571,0.011937292852272
422.6829834,0.001191765419,0.00629224797070189
422.9004517,0.003511484945,0.00999568506802728
423.1179504,0.003241226543,0.00956421696138227
423.3354492,9.66549851E-4,0.00593269084317939
423.552948,0.003308791202,0.00967208408143889
423.7704773,0.001079157577,0.00611246931434352
423.9880371,-3.397000546E-4,0.00384726012426892
424.2056274,7.863774663E-4,0.00564504525243759
424.4232178,0.002025062684,0.00762260880515252
424.6408081,0.003038532566,0.00924061560121239
424.8584595,0.006033898797,0.0140227240827018
425.0761108,0.002137670526,0.00780238746151089
425.2937622,0.00283583859,0.00891701424263902
425.5114441,0.003286269493,0.00963612812569902
425.7291565,0.001462023938,0.00672371626413764
425.9468689,0.003398877336,0.0098159067836539
426.1646118,5.611619563E-4,0.00528548821751221
426.3823853,0.001191765419,0.00629224797070189
426.6001587,0.002543058479,0.00844959018025414
426.8179626,0.002160192002,0.00783834304526577
427.0357666,0.003871829947,0.0105709766208573
427.2536011,6.737697404E-4,0.00546526678143311
427.4714661,0.001011592918,0.00600460219428689
427.6893311,0.00157463178,0.00690349492049601
427.9072266,0.00148454553,0.00675967203308677
428.1251221,0.002565579955,0.00848554576400902
428.3430481,4.710757639E-4,0.00514166542206149
428.5610046,5.836834898E-4,0.00532144389306596
428.7789612,0.003083575517,0.00931252676712565
428.9969482,0.003308791202,0.00967208408143889
429.2149658,0.00337635586,0.00977995119989902
429.4329834,0.003038532566,0.00924061560121239
429.651001,0.001709760982,0.00711922897541502
429.8690796,-1.876795864E-6,0.0043865956666565
430.0871277,0.004817734938,0.012081115926472
430.3052368,0.001754804165,0.00719114051171677
430.5233459,0.00247549382,0.00834172306019752
430.7414856,0.002655666089,0.00862936846622402
430.9596252,0.003308791202,0.00967208408143889
431.1777954,0.003196183359,0.00949230542348402
431.3959961,0.003016010858,0.00920465964706903
431.6141968,-9.703034302E-4,0.00284050051013458
431.8323975,1.107309581E-4,0.00456637418246521
432.0506592,0.001619674847,0.00697540627160351
432.2689209,0.00378174358,0.0104271535466573
432.4871826,0.00103411451,0.00604055796323601
432.7054749,0.003669135971,0.0102473752622839
432.9237976,0.002970967907,0.00913274848115577
433.1421509,0.002340364503,0.00812598882168077
433.3604736,0.001439502463,0.00668776068197926
433.5788574,0.00112420076,0.00618438085064526
433.7972412,0.001169243827,0.00625629220175276
434.0156555,0.005470859818,0.0131238311697019
434.2340698,0.004457389936,0.011505824373642
434.4525146,0.00222775666,0.00794621016372589
434.67099,0.003826786764,0.0104990650845555
434.8894653,0.002182713477,0.00787429862742415
435.1079712,0.001079157577,0.00611246931434352
435.3264771,0.004592519253,0.0117215586121588
435.5450134,0.007295105606,0.0160362434032483
435.7635803,9.890714427E-4,0.00596864661164956
435.9821472,0.002993489383,0.00916870406491065
436.2007446,0.002655666089,0.00862936846622402
436.419342,-0.001015346614,0.00276858897255563
436.63797,0.004862777889,0.0121530270923853
436.8565979,0.002295321319,0.00805407728378252
437.0752869,0.002115148818,0.00776643150736752
437.2939453,4.485542013E-4,0.00510570970004953
437.5126648,0.003016010858,0.00920465964706903
437.7313843,0.004074523691,0.0108945776090422
437.9501038,-6.099586608E-4,0.00341579169161818
438.1688538,0.002115148818,0.00776643150736752
438.3876343,0.001980019733,0.00755069763923926
438.6064148,1.557740616E-4,0.00463828559184504
438.8252258,7.638559327E-4,0.00560908957672419
439.0440674,0.003286269493,0.00963612812569902
439.2629089,0.002002541209,0.00758665322299414
439.481781,2.008171577E-4,0.00471019698941075
439.7006531,2.064475484E-5,0.00442255136967647
439.9195557,0.002858360065,0.0089529698247974
440.1384583,9.66549851E-4,0.00593269084317939
440.3574219,0.001642196323,0.0070113618553584
440.576355,0.002272799844,0.00801812170162414
440.7953491,5.161188892E-4,0.00521357686624506
441.0143127,0.002745752456,0.00877319154042402
441.2333374,-1.370060927E-4,0.00417086146033162
441.4523621,-6.944144843E-5,0.00427872855687176
441.6714172,2.233387058E-4,0.00474615268827343
441.8904724,0.003759222105,0.0103911979644989
442.1095581,0.002768273931,0.00880914712258239
442.3286438,0.004997907206,0.012368761330902
442.54776,0.001439502463,0.00668776068197926
442.7669067,0.002250278136,0.00798216574748077
442.9860535,0.003466441995,0.00992377390371052
443.2052307,0.004840256646,0.0121170718806154
443.424408,6.287266151E-4,0.00539335533724954
443.6436157,0.002813316882,0.00888105828849565
443.862854,0.00177732564,0.00722709609387514
444.0820923,0.001529588597,0.00683158338419427
444.3013611,0.00378174358,0.0104271535466573
444.5206299,0.003534006653,0.0100316410221706
444.7399292,0.00148454553,0.00675967203308677
444.9592285,0.005155558232,0.0126204515251587
445.1785889,0.002160192002,0.00783834304526577
445.3979187,0.00337635586,0.00977995119989902
445.6172791,0.001371937804,0.00657989356192264
445.8366699,0.003466441995,0.00992377390371052
446.0560913,0.002790795406,0.00884510270474077
446.2755127,0.001732282573,0.00715518474276764
446.4949341,0.001416980871,0.00665180491303014
446.7144165,0.003353834152,0.00974399524575565
446.9338989,0.003286269493,0.00963612812569902
447.1533813,0.00479521323,0.0120451599723287
447.3728943,-0.001645950018,0.00176182931308063
447.5924072,0.004074523691,0.0108945776090422
447.8119812,3.134249127E-4,0.00488997550687344
448.0315247,0.004817734938,0.012081115926472
448.2511292,0.001236808486,0.00636415932180939
448.4707336,0.004772691987,0.0120092047605588
448.6903381,0.007114932872,0.0157485972548483
448.9099731,0.001619674847,0.00697540627160351
449.1296387,0.001394459279,0.00661584914408102
449.3493042,0.005515903234,0.0131957430779886
449.5690002,0.004930342548,0.0122608942124419
449.7886963,-4.69198967E-5,0.00431468426152975
450.0084229,0.004412346985,0.0114339132077288
450.2281799,0.002272799844,0.00801812170162414
450.447937,7.863774663E-4,0.00564504525243759
450.6677246,0.002993489383,0.00916870406491065
450.8875122,0.001687239506,0.00708327339166014
451.1073303,8.764636586E-4,0.00578886804772866
451.3271484,0.003398877336,0.0098159067836539
451.5470276,0.004885299597,0.0121889830465287
451.7668762,0.001822368824,0.00729900763177339
451.9867554,0.00402948074,0.0108226664431289
452.206665,0.001619674847,0.00697540627160351
452.4266052,5.611619563E-4,0.00528548821751221
452.6465454,0.00283583859,0.00891701424263902
452.8664856,0.004975385964,0.0123328061207286
453.0864563,0.002250278136,0.00798216574748077
453.3064575,0.003714178922,0.0103192864281972
453.5264587,0.005808683112,0.0136631667683885
453.7464905,0.003286269493,0.00963612812569902
453.9665527,0.001349416212,0.00654393779297352
454.186615,1.107309581E-4,0.00456637418246521
454.4066772,0.001349416212,0.00654393779297352
454.62677,0.001349416212,0.00654393779297352
454.8468933,0.003106097225,0.00934848272126902
455.0670471,0.004569998011,0.0116856034019854
455.2871704,8.764636586E-4,0.00578886804772866
455.5073547,0.004344782326,0.0113260460876722
455.7275391,2.909033501E-4,0.00485401978486147
455.9477539,0.004006959032,0.0107867104889855
456.1679688,0.0128354067,0.0248813457407936
456.3882141,0.002205235185,0.00791025458156752
456.6084595,0.001980019733,0.00755069763923926
456.8287354,0.002070105867,0.00769452034145427
457.0490417,0.003939394373,0.0106788433689289
457.2693481,0.00177732564,0.00722709609387514
457.4896545,0.004479911644,0.0115417803277854
457.710022,0.005065471865,0.0124766284509587
457.9303589,0.001619674847,0.00697540627160351
458.1507568,0.003939394373,0.0106788433689289
458.3711548,0.003556528129,0.0100675966059255
458.5915527,0.004840256646,0.0121170718806154
458.8119812,0.004997907206,0.012368761330902
459.0324402,0.00247549382,0.00834172306019752
459.2528992,0.004322261084,0.0112900908774988
459.4733887,0.005268165842,0.0128002298111285
459.6939087,0.005538424477,0.0132316982897585
459.9144287,0.00402948074,0.0108226664431289
460.1349487,0.004434868693,0.0114698691618721
460.3554993,0.003443920286,0.00988781794797065
460.5760803,0.004119567107,0.0109664895173289
460.7966614,0.002498015296,0.00837767864395239
461.0172729,0.002813316882,0.00888105828849565
461.237915,0.003286269493,0.00963612812569902
461.4585571,0.006304157432,0.0144541925613318
461.6791992,0.001912454958,0.00744283033398839
461.8998718,0.005155558232,0.0126204515251587
462.120575,0.005335730501,0.0129080969311852
462.3412781,0.001529588597,0.00683158338419427
462.5620117,0.004727648571,0.011937292852272
462.7827454,0.006461807992,0.0147058820116184
463.0035095,0.004840256646,0.0121170718806154
463.2243042,0.005223122891,0.0127283186452153
463.4450989,0.008623876609,0.0181576291014779
463.6659241,0.009051786736,0.0188407885183345
463.8867493,0.004547476303,0.011649647447842
464.107605,0.007452756166,0.0162879328535349
464.3284607,0.007520320825,0.0163957999735915
464.5493469,0.007993273437,0.0171508698123914
464.7702332,0.0103580365,0.0209262190111803
464.9911499,0.007677971851,0.0166474901678482
465.2120972,0.008353617974,0.0177261606228479
465.4330444,0.006709545385,0.015101395280075
465.6540222,0.009569781832,0.0196677687774812
465.875,0.008646398783,0.0181935857995913
466.0960083,0.008376140147,0.0177621173193648
466.3170471,0.008150923997,0.0174025592626781
466.5380859,0.009141872637,0.0189846108485645
466.7591248,0.008871614002,0.0185531423699345
466.9802246,0.008759005927,0.0183733633415912
467.2012939,0.01092107501,0.0218251111754207
467.4224243,0.01047064364,0.0211059965467942
467.6435242,0.01294801477,0.0250611247611544
467.8646851,0.01456956659,0.0276499356488994
468.0858459,0.01247506216,0.0243060549255476
468.3070068,0.01673163474,0.0311016819931925
468.5281982,0.01547042839,0.0290881634054404
468.7494202,0.01443443727,0.0274342014055932
468.9706421,0.01623616181,0.0303106584193872
469.1918945,0.01747484691,0.0322882217841938
469.413147,0.02164133266,0.0389400250384582
469.6344299,0.01830814406,0.0336185824350467
469.8557434,0.02080803551,0.0376096643876054
470.0770569,0.02326288447,0.0415288359102382
470.2983704,0.02141611837,0.0385804699512654
470.5197144,0.0245916564,0.0436502230884253
470.7410889,0.02864553593,0.0501222502758578
470.9624634,0.02790232375,0.0489357104688915
471.1838684,0.03008691408,0.0524234135208769
471.405304,0.02909596637,0.0508413634197374
471.6267395,0.03161837906,0.0548684005792764
471.848175,0.03715868294,0.0637135073646766
472.0696411,0.03546956554,0.0610168278864965
472.2911377,0.04058195651,0.0691787708119747
472.5126343,0.03506417572,0.0603696221870838
472.7341614,0.04096482322,0.0697900183189481
472.9556885,0.04499617964,0.0762260873139412
473.1772461,0.04634747282,0.0783834297150737
473.3988037,0.0509869121,0.085790304273727
473.6203918,0.04945544899,0.0833453202007864
473.8420105,0.05078421906,0.0854667044094796
474.0636292,0.056819994,0.0951028317832261
474.2852478,0.05792355165,0.0968646638901854
474.506897,0.05945501477,0.0993096479790911
474.7285767,0.06411697716,0.106752480730184
474.9502563,0.07094100863,0.117647061310316
475.1719666,0.075985834,0.125701135613429
475.3937073,0.07904876769,0.130591115685181
475.615448,0.08172883093,0.134869842279042
475.8371887,0.08826007694,0.1452969902571
476.05896,0.08749434352,0.144074495243153
476.2807617,0.09407063574,0.154573559590125
476.5025635,0.1016604006,0.166690635136309
476.7243958,0.102313526,0.16773335120972
476.946228,0.1068403572,0.174960446732047
477.1680908,0.1126058772,0.184165111526239
477.3899536,0.1187542602,0.193981017904381
477.6118469,0.1237315238,0.201927229699732
477.8337708,0.1296997368,0.211455494294312
478.0556946,0.1381002665,0.22486695761109
478.2776184,0.1438883096,0.234107580581756
478.4995728,0.1532122344,0.248993246115871
478.7215576,0.1550589949,0.251941603134432
478.9435425,0.1607569456,0.261038393399201
479.1655579,0.1713646054,0.277973544558129
479.3875732,0.1775805503,0.287897313651579
479.6096191,0.1826028526,0.295915429826113
479.8316956,0.1892467141,0.306522368670577
480.053772,0.1938410997,0.313857314934446
480.2758484,0.2047640532,0.331295833147902
480.4979553,0.215371713,0.34823098430683
480.7200928,0.2209120095,0.357076079310045
480.9422302,0.2314520925,0.373903343965785
481.1643982,0.2422849685,0.391198053261225
481.3865662,0.2485684752,0.401229684910331
481.6087646,0.2545366883,0.410757949664561
481.8309631,0.2614282668,0.421760369220014
482.0531921,0.2728917599,0.440061860040622
482.2754517,0.2820805311,0.45473175256836
482.4977112,0.2894000411,0.46641736566271
482.7199707,0.2971474528,0.478786124720193
482.9422607,0.3090388477,0.497770761663584
483.1645813,0.3243985474,0.522292554507586
483.3869019,0.320502311,0.516072204908429
483.6092529,0.3285199702,0.528872414667492
483.831604,0.3382042348,0.544333363449433
484.0539856,0.3481587768,0.560225810668366
484.2763672,0.3518748283,0.566158494696078
484.4987793,0.3593069315,0.578023863070802
484.7212219,0.3737882972,0.601143393838297
484.9436646,0.3765359223,0.605529983083605
485.1661072,0.3869408667,0.622141498680499
485.3885803,0.3980439901,0.639867658517868
485.611084,0.3989673853,0.641341860894855
485.8335876,0.4000033736,0.642995818392566
486.0561218,0.4145072699,0.666151319310301
486.278656,0.4212637246,0.67693801343514
486.5012207,0.4311056435,0.692650657638285
486.7237854,0.4334703982,0.696425993485527
486.9463806,0.4337857068,0.696929384327936
487.1690063,0.4453167319,0.715338690128439
487.3916321,0.4535596371,0.728498505599775
487.6142578,0.4588747025,0.736984018678597
487.8369141,0.4659689963,0.748310073636434
488.0596008,0.4706534743,0.755788852606201
488.2822876,0.4779054224,0.767366602985243
488.5049744,0.4789639413,0.769056530633194
488.7277222,0.4860357046,0.780346615600442
488.9504395,0.4900670648,0.786782690630213
489.1732178,0.4913733006,0.788868098829504
489.3959961,0.5008098483,0.803933567060106
489.6187744,0.5062150359,0.812562960420588
489.8415833,0.5088275075,0.816733776819168
490.0643921,0.5149083138,0.826441796853772
490.2872314,0.5171154141,0.829965437120159
490.5101013,0.5159217715,0.828059784201244
490.7329712,0.5233088732,0.839853307586663
490.9558411,0.5244799852,0.841722990355339
491.1787415,0.5257412195,0.843736553565325
491.4016724,0.5365740657,0.861031215285002
491.6246033,0.5448619723,0.874262875585993
491.8475647,0.537610054,0.862685172782714
492.0705261,0.546933949,0.877570790741066
492.2935181,0.5463033915,0.876564104367423
492.51651,0.5467312932,0.877247250330557
492.7395325,0.550019443,0.882496788395135
492.9625854,0.5544561744,0.88958003939745
493.1856384,0.551663518,0.885121557587075
493.4086914,0.5552669168,0.890874391342537
493.6317749,0.5576092005,0.894613852191064
493.8548889,0.5642755628,0.905256713610006
494.0780029,0.5614603758,0.900762261649391
494.3011169,0.5706041455,0.915360309187824
494.524292,0.5608297586,0.899755479964573
494.7474365,0.5642755628,0.905256713610006
494.9706116,0.5674060583,0.91025455625338
495.1938171,0.5761443973,0.924205332827395
495.4170227,0.5721580982,0.917841197938453
495.6402588,0.5821576715,0.933805537722454
495.8635254,0.5825630426,0.934452713535347
496.0867615,0.5791397691,0.928987450199804
496.3100586,0.5809189677,0.931827944503058
496.5333557,0.5817523003,0.93315836174991
496.7566528,0.5824955106,0.934344898555453
496.9799805,0.5885763168,0.944052918430406
497.2033386,0.5949949622,0.954300299298009
497.4266968,0.5947697163,0.953940693745385
497.6500549,0.6023595333,0.966057852533189
497.8734436,0.5973146558,0.958003695004421
498.0968628,0.5974273086,0.958183545436321
498.320282,0.5930355787,0.951172139423311
498.5437317,0.5967065692,0.957032883469843
498.7671814,0.6013460159,0.964439769874542
498.9906616,0.605017066,0.9703006090726
499.2141418,0.6148589849,0.986013253275745
499.4376526,0.6067737341,0.973105133385263
499.6611633,0.61064744,0.97928951299383
499.8847046,0.6152418256,0.986624459257699
500.1082764,0.6113681197,0.980440079649132
500.3318176,0.6157147884,0.987379545361662
500.5554199,0.6088231802,0.976377078390096
500.7790222,0.6145211458,0.985473892442747
501.0026245,0.6136878729,0.984143570507069
501.2262573,0.6173138022,0.989932374253122
501.4499207,0.6156021953,0.987199790240938
501.673584,0.6165480614,0.988709867456989
501.8972778,0.6236198545,1
502.1209717,0.6220883727,0.997554986088435
502.3446655,0.6150391698,0.98630091884719
502.5683899,0.6236198545,1
502.7921448,0.6203317046,0.994750461775771
503.0158997,0.6234396696,0.999712334428555
503.2396851,0.6156922579,0.987343575371072
503.4634705,0.6102420688,0.978642337021286
503.6872864,0.6162102818,0.988170601615866
503.9111023,0.6119086742,0.981303076044166
504.1349487,0.612629354,0.982453642859118
504.3588257,0.6068187952,0.973177073526093
504.5826721,0.6079448462,0.974974816313589
504.8065796,0.5990938544,0.960844189307675
505.0304871,0.6027649045,0.966705028505732
505.2543945,0.5948147774,0.954012633886215
505.4783325,0.5951751471,0.954587964869454
505.702301,0.5926752687,0.950596903751248
505.9262695,0.591796875,0.949194546363565
506.150238,0.5840945244,0.936897727446912
506.3742371,0.5885988474,0.944088888580646
506.5982666,0.5875403285,0.942398960932695
506.8222961,0.5836891532,0.936250551474369
507.0463257,0.5719103813,0.917445717387114
507.2703857,0.5781037807,0.927333492542443
507.4944763,0.5734418631,0.919890731298679
507.7185669,0.5734193325,0.919854761148439
507.942688,0.5699960589,0.914389497653246
508.1668091,0.5618432164,0.901373467471694
508.3909607,0.5593658686,0.897418376503728
508.6151123,0.5546138287,0.889831734818654
508.8392944,0.5511004329,0.884222591041801
509.0634766,0.5440286994,0.872932553650316
509.2876892,0.5432629585,0.871710046694534
509.5119019,0.5413711667,0.868689797110906
509.736145,0.5353804231,0.859125562366086
509.9603882,0.5222052932,0.838091439797882
510.1846619,0.5242547989,0.84136347995424
510.4089355,0.518984735,0.832949811864723
510.6332397,0.511372447,0.820796778078205
510.8575439,0.5047060847,0.810153916659263
511.0818787,0.5028367639,0.807169542074349
511.3062439,0.4934227765,0.792140091410099
511.5306091,0.4956974387,0.795771594391794
511.7549744,0.4841664135,0.777362288431641
511.9793701,0.4777252376,0.767078937573448
512.2037964,0.4783558547,0.768085719098616
512.4282227,0.4672302008,0.750323589270658
512.6526489,0.4664869905,0.749137052465115
512.8770752,0.4562397003,0.732777232129776
513.1015625,0.4534019828,0.728246810178571
513.3260498,0.4402493834,0.707248657600956
513.5505371,0.4428168535,0.711347629010232
513.7750854,0.4334929287,0.696461963476117
513.9996338,0.4280652404,0.687796647700809
514.2241821,0.4211511016,0.676758210579003
514.4487305,0.4175026119,0.670933389106948
514.6733398,0.4129983187,0.663742275548976
514.8978882,0.4035617709,0.648676807158723
515.1224976,0.3931793571,0.63210126171207
515.347168,0.3924361467,0.630914724746877
515.5717773,0.3875489533,0.623112310215077
515.7964478,0.3739008904,0.601323149118671
516.0211182,0.3648247123,0.586833011711658
516.2457886,0.3576628566,0.575399094038513
516.47052,0.3596447706,0.578563223903801
516.6952515,0.3465372324,0.557637011626667
516.9199829,0.342348218,0.550949241335341
517.1447144,0.334330529,0.538148984000516
517.3695068,0.329691112,0.53074214501193
517.5942993,0.3272362351,0.526822928883028
517.8190918,0.3178222477,0.511793478218779
518.0438843,0.3077776432,0.495757246029361
518.2687378,0.309782058,0.498957298469127
518.4935913,0.2965618968,0.477851283335855
518.7184448,0.3003905714,0.483963770379354
518.9432983,0.2841525376,0.458039715299196
519.1682129,0.2764726877,0.44577881879737
519.3931274,0.2814949751,0.453796911184022
519.618042,0.2742655575,0.44225513079557
519.8429565,0.2639507055,0.425787447904573
520.0679321,0.2639732063,0.425823370479051
520.2929077,0.2557078004,0.412627632592887
520.5178833,0.2520367801,0.406766840970592
520.7428589,0.2430506945,0.392420536429126
520.9678955,0.2432759106,0.392780094405987
521.1929321,0.2361140549,0.381346176732842
521.4179688,0.2298755944,0.371386461436684
521.6430054,0.2223759145,0.359413206718421
521.868103,0.2211822718,0.357507553639855
522.0932007,0.2212948799,0.357687332708111
522.3182983,0.2148762345,0.347439951840508
522.543396,0.2036154568,0.329462096581935
522.7685547,0.2023992985,0.32752049730066
522.9937134,0.1989985406,0.322091180167826
523.2188721,0.1979400218,0.320401252679525
523.4440308,0.1903502643,0.308284188883596
523.6692505,0.1851928383,0.300050347438098
523.8944702,0.1825127602,0.295771597120216
524.1196899,0.177895844,0.288400680706107
524.3449097,0.1785489768,0.289443408593633
524.5701904,0.1694727838,0.274953247398739
524.7954712,0.1636171788,0.265604761712765
525.020752,0.1683016717,0.273083564470413
525.2460327,0.1593606174,0.258809152494014
525.4713745,0.1580318362,0.256687750516252
525.6967163,0.1533023119,0.249137055033887
525.9220581,0.151658237,0.246512286001598
526.1474609,0.145329684,0.236408737839892
526.3728027,0.1451720297,0.236157042418688
526.5982056,0.1428973526,0.232525515649112
526.8236084,0.1369291544,0.222997274682764
527.0490723,0.1308483332,0.213289230860279
527.2744751,0.1310510188,0.213612818846551
527.499939,0.1251053363,0.204120524242561
527.7254028,0.1264341027,0.206241902592092
527.9509277,0.1246323809,0.203365449952714
528.1763916,0.1200379878,0.196030491715079
528.4019165,0.1191371232,0.194592259488332
528.6274414,0.1177858338,0.192434923121977
528.8530273,0.1146553382,0.187437080318953
529.0785522,0.1118401438,0.182942616544222
529.3041382,0.1067953184,0.174888542193214
529.5297241,0.1066376641,0.17463684677201
529.7553101,0.1024711803,0.167985046630924
529.980957,0.1016378775,0.166654676959835
530.206604,0.1000163257,0.16406586610402
530.432251,0.09366524965,0.153926359845665
530.6578979,0.09472376108,0.155616275567746
530.883606,0.09452106804,0.155292675703498
531.109314,0.09021945298,0.148425138221892
531.335022,0.09039962292,0.148712779909666
531.56073,0.08913841844,0.146699264307372
531.786499,0.08292247355,0.136775495229888
532.0122681,0.08170630783,0.134833884102568
532.2380371,0.08686374128,0.143067737442007
532.4638062,0.07963432372,0.131525957117414
532.6895752,0.07936406881,0.131094494585754
532.9154053,0.07904876769,0.130591115685181
533.1412354,0.07983701676,0.131849556981662
533.3671265,0.07616600394,0.125988777301202
533.5929565,0.07222473621,0.119696535089084
533.8188477,0.07411654294,0.122716808508488
534.0447388,0.07760738581,0.128289946485209
534.2706299,0.07208960503,0.119480797876283
534.496582,0.06731503457,0.11185818610483
534.7224731,0.06166212633,0.102833306222092
534.9484253,0.06359898299,0.105925501949398
535.1744385,0.06555835903,0.109053649914191
535.4003906,0.06573852897,0.109341291601964
535.6264038,0.06312602758,0.105170427643585
535.852417,0.06121169776,0.102114196063671
536.0784302,0.0601531826,0.100424274386638
536.3044434,0.05911719427,0.0987703168410313
536.5305176,0.05591913313,0.0936646055114321
536.7565918,0.05272107199,0.0885588941818329
536.982666,0.04968066141,0.0837048723025203
537.2088013,0.05127969384,0.0862577309368138
537.4348755,0.05580652505,0.0934848264751062
537.6610107,0.04999596626,0.0842082571580464
537.887146,0.05571644008,0.0933410056312197
538.1133423,0.04776633158,0.0806486407066413
538.3394775,0.04938788339,0.0832374515784213
538.5656738,0.04688799009,0.0792463666723337
538.7919312,0.04902753979,0.0826621622638873
539.0181274,0.04826180637,0.0814396672499405
539.2443237,0.04407279566,0.0747519028497079
539.4705811,0.04553669691,0.0770890242712012
539.6968384,0.04409531876,0.0747878610261822
539.9231567,0.0451538302,0.0764777767642279
540.1494141,0.04425296932,0.0750395504764688
540.3757324,0.04409531876,0.0747878610261822
540.6020508,0.04240620136,0.0720911815480021
540.8283691,0.04137020931,0.0704372180634079
541.0547485,0.03959100693,0.0675967177253762
541.2811279,0.03832980245,0.0655832021230831
541.5075073,0.03907301277,0.0667697389605555
541.7338867,0.04013152421,0.0684596546986013
541.9603271,0.03968109563,0.0677405445242156
542.1867065,0.03387053311,0.058463969252203
542.413147,0.0364154689,0.0625269645882163
542.6395874,0.03470383212,0.0597943328725498
542.8660889,0.03632538393,0.0623831437443298
543.0925903,0.03366784006,0.0581403693719906
543.3190918,0.0326994136,0.0565942744937964
543.5455933,0.03569478169,0.0613763859431832
543.7720947,0.02986169979,0.0520638584336841
543.9986572,0.03564973548,0.0613044695742696
544.2252197,0.02796988934,0.0490435790752916
544.4517822,0.03193368018,0.0553717794798497
544.6783447,0.02794736624,0.0490076208988173
544.9049683,0.03123551421,0.054257156041797
545.1315918,0.03019952215,0.0526031925412377
545.3582153,0.03414079174,0.0588954377228505
545.5848389,0.02589790523,0.0457356520901381
545.8115234,0.02945631184,0.0514166557197303
546.038147,0.02783476003,0.0488278448479503
546.2648315,0.02772215195,0.0486480658116245
546.4915771,0.02342053503,0.0417805253605249
546.7182617,0.02463669889,0.0437221335183511
546.9450073,0.02619068697,0.0462030787532249
547.1717529,0.02558260411,0.0452322731895649
547.3984985,0.02546999604,0.045052494169204
547.6253052,0.02240706608,0.040162520052405
547.8520508,0.02114585973,0.0381490014646529
548.0788574,0.02202419937,0.0395512725454316
548.3056641,0.02071794868,0.0374658405742249
548.5325317,0.02040264755,0.0369624616576866
548.7593384,0.01914144121,0.0349489430858996
548.9862061,0.02524478175,0.0446929390820112
549.2130737,0.0214836821,0.0386883355881716
549.4400024,0.01882614009,0.0344455641853263
549.6668701,0.01706945896,0.03164101907024
549.8937988,0.01833066531,0.0336545376579921
550.1207275,0.01587581635,0.0297353661353592
550.3476562,0.01488486771,0.0281533145494727
550.574646,0.01902883314,0.0347691640655387
550.8016357,0.01806040667,0.0332230691713796
551.0286255,0.0193891786,0.0353444563495667
551.2556152,0.01715954393,0.0317848399141266
551.482605,0.01380383316,0.0264274406189877
551.7096558,0.01447947975,0.0275061118195539
551.9367065,0.01576320827,0.0295555870990333
552.1637573,0.01520016976,0.0286566949347929
552.3908691,0.01569564454,0.0294477214621272
552.6179199,0.01749736816,0.0323241770071392
552.8450317,0.01315070875,0.0253847261261138
553.0721436,0.01416417863,0.0270027329189807
553.2993164,0.01357861795,0.0260678840630129
553.5264282,0.01402904931,0.0267869986756744
553.7536011,0.01511008386,0.0285128726061594
553.9807739,0.01806040667,0.0332230691713796
554.2079468,0.01335340273,0.0257083274910732
554.4351807,0.01211471763,0.0237307641262666
554.6623535,0.009862562642,0.020135193955821
554.8895874,0.01083098911,0.0216812888467872
555.1168823,0.009637346491,0.0197756358975378
555.3441162,0.0128354067,0.0248813457407936
555.5714111,0.01213723887,0.0237667193332469
555.7987061,0.01229488943,0.0240184087835336
556.026001,0.01371374726,0.0262836182903542
556.2532959,0.01119133364,0.0222565796460682
556.4806519,0.01069585979,0.0214655546034809
556.7080078,0.01222732477,0.0239105416618804
556.9353638,0.01047064364,0.0211059965467942
557.1627197,0.01083098911,0.0216812888467872
557.3900757,0.007497799583,0.0163598447634182
557.6174927,0.008038316853,0.0172227817206782
557.8449097,0.01139402762,0.0225801810110276
558.0723267,0.01094359625,0.0218610663824011
558.2998047,0.01098863967,0.0219329782970738
558.5272217,0.01062829513,0.0213576874818278
558.7546997,0.008421182632,0.0178340277413081
558.9822388,0.005921290722,0.0138429450543584
559.2097168,0.00373670063,0.0103552423823405
559.4372559,0.008894135244,0.0185890975801079
559.6647339,0.01076342445,0.021573421725134
559.8922729,0.008150923997,0.0174025592626781
560.119873,0.01029047184,0.0208183518895272
560.3474121,0.008601355366,0.018121673889708
560.5750122,0.006011377089,0.0139867681285584
560.8026123,0.01017786376,0.0206385728532013
561.0302124,0.01042560115,0.0210340861168684
561.2578735,0.004569998011,0.0116856034019854
561.4854736,0.005268165842,0.0128002298111285
561.7131348,0.007835622877,0.0168991803621048
561.9407959,0.005696075503,0.0134833884840152
562.1685181,0.007362670265,0.0161441105233049
562.3961792,0.004840256646,0.0121170718806154
562.6239014,0.009479695931,0.0195239464472512
562.8516235,0.003826786764,0.0104990650845555
563.0793457,0.006191549357,0.0142744135329884
563.3071289,0.006799631286,0.015245217610305
563.5349121,0.007993273437,0.0171508698123914
563.7626953,0.002970967907,0.00913274848115577
563.9904785,0.007227540947,0.0159283762831917
564.2182617,0.005921290722,0.0138429450543584
564.446106,0.004322261084,0.0112900908774988
564.6739502,0.003624092788,0.0101754637259822
564.9017944,0.00594381243,0.0138789010085018
565.1296387,0.006867195945,0.0153530847303617
565.3575439,0.008308575489,0.0176542502009047
565.5853882,0.005673553795,0.0134474325298718
565.8132935,0.006416765042,0.0146339708473017
566.0412598,0.003849308239,0.0105350206667139
566.269165,0.002160192002,0.00783834304526577
566.4971313,0.004097045399,0.0109305335631855
566.7250977,0.007295105606,0.0160362434032483
566.953064,0.005155558232,0.0126204515251587
567.1810303,0.005133036524,0.0125844955710153
567.4090576,0.006169028115,0.014238458322815
567.637085,0.007700493559,0.0166834461219915
567.8651123,0.005651032552,0.0134114773181019
568.0931396,0.006709545385,0.015101395280075
568.321167,0.001394459279,0.00661584914408102
568.5492554,0.003083575517,0.00931252676712565
568.7773438,0.006236592773,0.0143463254412752
569.0054321,0.00398443779,0.0107507552788121
569.2335815,0.004344782326,0.0113260460876722
569.4616699,0.006619459018,0.014957572205875
569.6898193,0.004187131766,0.0110743566373855
569.9179688,0.002655666089,0.00862936846622402
570.1461182,0.006822152995,0.0152811735660449
570.3743286,0.003353834152,0.00974399524575565
570.6025391,0.001462023938,0.00672371626413764
570.8307495,0.006033898797,0.0140227240827018
571.05896,0.003624092788,0.0101754637259822
571.2871704,0.007813100703,0.0168632236639914
571.5154419,0.00373670063,0.0103552423823405
571.7437134,0.004615040962,0.0117575145678987
571.9719849,0.00177732564,0.00722709609387514
572.2002563,0.003016010858,0.00920465964706903
572.4285889,0.004119567107,0.0109664895173289
572.6568604,0.004840256646,0.0121170718806154
572.8851929,0.006732066628,0.0151373504918449
573.1135864,0.002452972112,0.00830576710605415
573.3419189,0.004930342548,0.0122608942124419
573.5703125,0.003849308239,0.0105350206667139
573.798645,0.003218704835,0.0095282610072389
574.0270996,0.00373670063,0.0103552423823405
574.2554932,0.004344782326,0.0113260460876722
574.4838867,0.003556528129,0.0100675966059255
574.7123413,0.005268165842,0.0128002298111285
574.9407959,0.002925924724,0.00906083694485402
575.1692505,0.004457389936,0.011505824373642
575.3977661,0.003556528129,0.0100675966059255
575.6262207,0.001439502463,0.00668776068197926
575.8547363,0.003916873131,0.0106428881587555
576.083252,0.002790795406,0.00884510270474077
576.3118286,0.002498015296,0.00837767864395239
576.5403442,0.004232174717,0.0111462678032988
576.7689209,0.004434868693,0.0114698691618721
576.9974976,0.002723230748,0.00873723558628065
577.2260742,0.002182713477,0.00787429862742415
577.4546509,0.003691657446,0.0102833308444423
577.6832886,0.003601571312,0.0101395081422273
577.9119263,0.005358252209,0.0129440528853285
578.140564,0.004547476303,0.011649647447842
578.3692017,0.002295321319,0.00805407728378252
578.5979004,0.005515903234,0.0131957430779886
578.8265381,0.003939394373,0.0106788433689289
579.0552368,0.002768273931,0.00880914712258239
579.2839966,0.004187131766,0.0110743566373855
579.5126953,0.004119567107,0.0109664895173289
579.7414551,0.004457389936,0.011505824373642
579.9701538,0.001642196323,0.0070113618553584
580.1989136,0.005358252209,0.0129440528853285
580.4277344,-3.847431508E-4,0.00377534872654356
580.6564941,4.035111051E-4,0.00503379830232416
580.8853149,0.002160192002,0.00783834304526577
581.1141357,0.001191765419,0.00629224797070189
581.3429565,0.004479911644,0.0115417803277854
581.5717773,8.088989998E-4,0.00568100092799134
581.8006592,0.003331312677,0.00970803966359727
582.029541,0.003579049604,0.0101035521880839
582.2584229,0.002452972112,0.00830576710605415
582.4873047,0.003353834152,0.00974399524575565
582.7161865,0.001236808486,0.00636415932180939
582.9451294,0.005921290722,0.0138429450543584
583.1740723,0.006033898797,0.0140227240827018
583.4030151,0.00247549382,0.00834172306019752
583.631958,0.003421398811,0.00985186236581228
583.8609619,4.935972975E-4,0.00517762109777489
584.0899658,0.002610623138,0.00855745730031077
584.3189697,0.002452972112,0.00830576710605415
584.5479736,0.003871829947,0.0105709766208573
584.7769775,-2.496138623E-4,0.00399108291956
585.0060425,0.002633144613,0.00859341288246914
585.2351074,0.002430450637,0.00826981152389577
585.4641724,0.00283583859,0.00891701424263902
585.6932373,2.008171577E-4,0.00471019698941075
585.9223022,0.002160192002,0.00783834304526577
586.1514282,0.003759222105,0.0103911979644989
586.3805542,2.064475484E-5,0.00442255136967647
586.6096802,0.001732282573,0.00715518474276764
586.8388062,0.002813316882,0.00888105828849565
587.0679932,0.005020428915,0.0124047172866419
587.2971802,9.440283175E-4,0.00589673516762564
587.5263672,5.161188892E-4,0.00521357686624506
587.7555542,0.002205235185,0.00791025458156752
587.9847412,0.00398443779,0.0107507552788121
588.2139893,0.003308791202,0.00967208408143889
588.4432373,0.004389825743,0.0113979579975554
588.6724854,6.287266151E-4,0.00539335533724954
588.9017334,0.002925924724,0.00906083694485402
589.1310425,8.088989998E-4,0.00568100092799134
589.3602905,0.005380773917,0.0129800088394719
589.5895996,0.002205235185,0.00791025458156752
589.8189087,0.005651032552,0.0134114773181019
590.0482788,0.002993489383,0.00916870406491065
590.2775879,0.003556528129,0.0100675966059255
590.506958,0.004052002449,0.0108586223988688
590.7363281,9.215067839E-4,0.00586077949191224
590.9656982,6.062050816E-4,0.00535739966169579
591.1951294,0.003286269493,0.00963612812569902
591.4244995,0.001259330078,0.00640011509075851
591.6539307,0.002565579955,0.00848554576400902
591.8833618,0.00222775666,0.00794621016372589
592.112854,0.002858360065,0.0089529698247974
592.3422852,2.458602539E-4,0.00478210838713611
592.5717773,0.001281851553,0.00643607067291689
592.8012695,0.003398877336,0.0098159067836539
593.0307617,0.002970967907,0.00913274848115577
593.2602539,0.00378174358,0.0104271535466573
593.4898071,0.002385407453,0.00819789998599752
593.7192993,7.638559327E-4,0.00560908957672419
593.9488525,-0.001848643878,0.0014382281397015
594.1784058,-3.17178492E-4,0.00388321584628088
594.40802,0.001597153256,0.00693945050425089
594.6375732,9.66549851E-4,0.00593269084317939
594.8671875,6.737697404E-4,0.00546526678143311
595.0968018,4.316630657E-5,0.00445850707433445
595.326416,0.003849308239,0.0105350206667139
595.5560913,0.001980019733,0.00755069763923926
595.7857056,0.003353834152,0.00974399524575565
596.0153809,0.00479521323,0.0120451599723287
596.2450562,0.006033898797,0.0140227240827018
596.4747925,6.062050816E-4,0.00535739966169579
596.7044678,0.004164610058,0.0110384006832421
596.9342041,8.539421251E-4,0.00575291237217491
597.1639404,0.006349200383,0.014526103727245
597.3936768,0.002137670526,0.00780238746151089
597.6234131,0.004299739376,0.0112541349233554
597.8532104,-2.43983468E-5,0.00435063996326613
598.0829468,0.004479911644,0.0115417803277854
598.3127441,-4.748293431E-4,0.00363152593125248
598.5426025,0.002903403249,0.00902488136269564
598.7723999,0.001146722236,0.00622033643440014
599.0022583,0.002250278136,0.00798216574748077
599.2320557,0.002362885978,0.00816194440383915
599.4619141,0.003016010858,0.00920465964706903
599.6918335,0.00414208835,0.0110024447290988
599.9216919,0.004750170279,0.0119732488064154
600.1516113,0.002070105867,0.00769452034145427
