400.1708374,-2.114164963E-4,0.00517452552164052
400.3862915,0.001147689531,0.00701163519294348
400.6017761,-0.002408637898,0.00220453156533683
400.8172913,9.664754034E-4,0.00676668724943973
401.0328369,0.004454847425,0.0114819352501532
401.2483826,-0.00268045906,0.00183710968982131
401.4639587,0.007399577182,0.015462339580127
401.6795349,0.004069767427,0.0109614209014997
401.8951416,-0.001411960111,0.00355174536977268
402.1107788,9.664754034E-4,0.00676668724943973
402.326416,0.006878586486,0.0147581141355663
402.5420837,2.642706095E-4,0.0058175139015209
402.7577515,-7.550588634E-5,0.00535823649854364
402.9734802,0.001917849644,0.00805266404839993
403.1891785,0.003548776731,0.010257195456939
403.4049377,0.004704016726,0.0118187385042513
403.620697,0.00223497441,0.00848132300724927
403.8364868,0.001238296623,0.00713410920281342
404.0522766,0.005655391142,0.0131047155403004
404.2680969,-9.136212757E-4,0.00422535219332141
404.4839478,0.002801268594,0.00924678537834608
404.6997986,1.510117727E-4,0.00566442142730154
404.9156799,0.001419510692,0.00737905706710729
405.1315918,8.305647498E-5,0.00557256594866336
405.3475037,-0.001366656623,0.00361298229630879
405.563446,6.26698893E-4,0.00630740982678164
405.7793884,3.322258999E-4,0.00590936937026461
405.9953613,0.001306251856,0.00722596459396929
406.2113647,0.002438840223,0.0087568893348112
406.4273682,0.00223497441,0.00848132300724927
406.6434021,2.869223827E-4,0.00584813240425873
406.8594666,0.008486862294,0.0169320277093799
407.075531,0.00166868011,0.00771586047935475
407.291626,0.001510117785,0.00750153107832894
407.5077515,-8.23014183E-4,0.00434782620413754
407.723877,-0.001502567204,0.00342927135855104
407.940033,0.004885231145,0.0120636868416417
408.156189,-0.001026880112,0.0040722597197779
408.3723755,0.001917849644,0.00805266404839993
408.5885925,-0.004039565101,0
408.8048096,0.003503473243,0.0101959585304029
409.0210571,-0.001661129529,0.00321494195752522
409.2373352,-0.001411960111,0.00355174536977268
409.4536133,-7.097553462E-4,0.00450091867835691
409.6699219,0.001510117785,0.00750153107832894
409.8862305,5.360918003E-4,0.00618493581596551
410.1025696,0.002076411853,0.00826699329262803
410.3189392,0.005610087421,0.0130434782988172
410.5353088,0.00101177895,0.00682792425518572
410.751709,-0.004016913474,3.06183051186349E-5
410.9681396,3.775294317E-5,0.00551132896290907
411.1845703,0.002348233247,0.00863441548173898
411.4010315,0.002257626038,0.00851194131371961
411.6174927,2.869223827E-4,0.00584813240425873
411.8340149,0.003231652081,0.00982853665488741
412.0505066,0.003775294404,0.0105633804045667
412.2670593,-9.58924822E-4,0.00416411518798093
412.4836121,0.001238296623,0.00713410920281342
412.7001648,0.00789791625,0.0161359467182173
412.9167786,0.003186348593,0.0097672997283513
413.1333618,2.416188509E-4,0.00578689541851796
413.3500061,0.001600724878,0.00762400508955058
413.5666504,0.003344910918,0.00998162912937711
413.7833252,9.891272057E-4,0.00679730579151215
414,0.005859257188,0.0133802821828095
414.2167053,2.416188509E-4,0.00578689541851796
414.4334412,4.454847367E-4,0.00606246184448397
414.650177,0.008713379502,0.017238212028465
414.8669434,0.004704016726,0.0118187385042513
415.0837097,0.01036695857,0.0194733622206262
415.3005371,0.01566747203,0.026638089875894
415.517334,0.01322108135,0.023331292696176
415.7341919,0.01979009435,0.0322106568302525
415.9510498,0.01159015391,0.0211267608104852
416.1679077,0.01661884598,0.0279240662820489
416.3847961,0.009030504152,0.0176668708305167
416.6017151,0.01335699204,0.0235150037812695
416.8186646,0.01838568412,0.0303123092663503
417.035614,0.01489731204,0.0255970611866972
417.252594,0.01421775855,0.0246785057071613
417.469574,0.01245092135,0.0222902639934621
417.6865845,0.0192011483,0.0314145758309797
417.903595,0.01272274274,0.0226576861771663
418.1206665,0.01530504413,0.0261481944690119
418.3377075,0.01421775855,0.0246785057071613
418.5548096,0.01029900368,0.0193815072931049
418.7719116,0.01709453389,0.02856705574897
418.9890442,0.009279673919,0.018003674714509
419.2061768,0.01129568089,0.0207287203176073
419.4233398,0.01582603529,0.0268524205407635
419.6405029,0.01102385949,0.0203612981203861
419.8577271,0.009778012522,0.0186772812240568
420.0749207,0.01254152786,0.0224127372166401
420.2921753,0.01804590784,0.0298530321551249
420.5094299,0.01643763296,0.027679119835693
420.7266846,0.02092268132,0.0337415796827633
420.9439697,0.01557686459,0.0265156153956309
421.1612854,0.01222440321,0.0219840784145884
421.3786316,0.01408184879,0.0244947958791529
421.5959778,0.01344759855,0.0236374770044475
421.8133545,0.01301721577,0.0230557266835612
422.0307312,0.01734370366,0.0289038596370174
422.2481384,0.01965418272,0.0320269444745568
422.4655457,0.01564482041,0.0266074715802373
422.6829834,0.01684536412,0.0282302518609226
422.9004517,0.01621111482,0.0273729342568193
423.1179504,0.01761552319,0.0292712793065513
423.3354492,0.0126321353,0.0225352116969032
423.552948,0.01634702459,0.0275566440983448
423.7704773,0.01156750228,0.0210961425013114
423.9880371,0.01236031391,0.022167789513199
424.2056274,0.01224705484,0.0220146967237622
424.4232178,0.0131304739,0.0232088182023958
424.6408081,0.01455753576,0.0251377840754718
424.8584595,0.01836303249,0.0302816909571765
425.0761108,0.01369676832,0.0239742808924949
425.2937622,0.01709453389,0.02856705574897
425.5114441,0.01999395899,0.0324862215722651
425.7291565,0.01412715204,0.0245560324839834
425.9468689,0.02341437712,0.0371096159949991
426.1646118,0.01670945249,0.0280465395052268
426.3823853,0.01410450041,0.0245254141748096
426.6001587,0.01901993342,0.0311696268704535
426.8179626,0.01496526692,0.0256889161007014
427.0357666,0.02033373527,0.0329454986834905
427.2536011,0.01646028459,0.0277097381448667
427.4714661,0.0174569618,0.0290569511693691
427.6893311,0.01521443669,0.0260257199887488
427.9072266,0.01834038086,0.0302510726480028
428.1251221,0.01695862226,0.0283833433932743
428.3430481,0.01485200878,0.0255358245683497
428.5610046,0.01668680087,0.0280159212095701
428.7789612,0.01646028459,0.0277097381448667
428.9969482,0.01981274597,0.0322412751259092
429.2149658,0.02037904039,0.0330067378160083
429.4329834,0.01485200878,0.0255358245683497
429.651001,0.01716248877,0.0286589106629742
429.8690796,0.01779673807,0.0295162282670775
430.0871277,0.02219118178,0.0354562174051401
430.3052368,0.0171851404,0.0286895289721479
430.5233459,0.01843098737,0.0303735458711807
430.7414856,0.01890667528,0.0310165353381018
430.9596252,0.02067351341,0.0334047783088861
431.1777954,0.02065085992,0.0333741574855421
431.3959961,0.02024312876,0.0328230254603125
431.6141968,0.01439897344,0.0249234546812045
431.8323975,0.0146707939,0.0252908756078235
432.0506592,0.01621111482,0.0273729342568193
432.2689209,0.01965418272,0.0320269444745568
432.4871826,0.01945031621,0.0317513772048568
432.7054749,0.02062820829,0.0333435391763684
432.9237976,0.0197221376,0.032118799388561
433.1421509,0.01879341528,0.0308634412915798
433.3604736,0.0187254604,0.0307715863775756
433.5788574,0.01899728179,0.0311390085612798
433.7972412,0.01963153109,0.031996326165383
434.0156555,0.01969948597,0.0320881810793872
434.2340698,0.02472817898,0.0388854878215531
434.4525146,0.02033373527,0.0329454986834905
434.67099,0.02228178829,0.035578690628318
434.8894653,0.01967683434,0.0320575627702135
435.1079712,0.01954092458,0.0318738529422051
435.3264771,0.0187254604,0.0307715863775756
435.5450134,0.02461492084,0.0387323962892014
435.7635803,0.01929175481,0.0315370490541577
435.9821472,0.02142102085,0.0344151874453411
436.2007446,0.01720779203,0.0287201472813217
436.419342,0.01589399017,0.0269442754547677
436.63797,0.01954092458,0.0318738529422051
436.8565979,0.01824977435,0.0301285994248248
437.0752869,0.01931440644,0.0315676673633314
437.2939453,0.01652823947,0.0278015930588709
437.5126648,0.02071881667,0.0334660149272337
437.7313843,0.02146632411,0.0344764240636886
437.9501038,0.01578073017,0.0267911814082457
438.1688538,0.02067351341,0.0334047783088861
438.3876343,0.02262156457,0.0360379677395434
438.6064148,0.01827242598,0.0301592177339986
438.8252258,0.02051495016,0.0331904476575337
439.0440674,0.01945031621,0.0317513772048568
439.2629089,0.02191936038,0.0350887952079189
439.481781,0.01777408645,0.0294856099714208
439.7006531,0.01761552319,0.0292712793065513
439.9195557,0.02219118178,0.0354562174051401
440.1384583,0.01949562132,0.0318126163238576
440.3574219,0.01895197853,0.0310777719429323
440.576355,0.01981274597,0.0322412751259092
440.7953491,0.01664149761,0.0279546845912226
441.0143127,0.01917849667,0.031383957521806
441.2333374,0.01750226505,0.0291181877741996
441.4523621,0.01623376645,0.0274035525659931
441.6714172,0.01582603529,0.0268524205407635
441.8904724,0.02445635758,0.0385180656243319
442.1095581,0.02130776271,0.0342620959129894
442.3286438,0.02316520736,0.0367728121204687
442.54776,0.02203261852,0.0352418867402706
442.7669067,0.01727574691,0.0288120021953259
442.9860535,0.02180610038,0.0349357011613969
443.2052307,0.02613258921,0.0407838353854554
443.424408,0.01886137202,0.0309552987197543
443.6436157,0.02330111712,0.0369565219484771
443.862854,0.01863485388,0.0306491131408806
444.0820923,0.01915584505,0.0313533392261492
444.3013611,0.02497734874,0.0392222916960835
444.5206299,0.02060555667,0.0333129208807117
444.7399292,0.01723044366,0.0287507655904954
444.9592285,0.02355028689,0.0372933258365246
445.1785889,0.02162488736,0.034690754715041
445.3979187,0.02278012596,0.0362522958767256
445.6172791,0.0192011483,0.0314145758309797
445.8366699,0.01949562132,0.0318126163238576
446.0560913,0.02221383341,0.0354868357143138
446.2755127,0.02028843202,0.03288426207866
446.4949341,0.01829507761,0.0301898360431723
446.7144165,0.02332376875,0.0369871402576509
446.9338989,0.02511325851,0.039406001537609
447.1533813,0.02545303479,0.0398652786488343
447.3728943,0.01557686459,0.0265156153956309
447.5924072,0.02479613386,0.0389773427355573
447.8119812,0.0198353976,0.032271893435083
448.0315247,0.02187405527,0.0350275560889182
448.2511292,0.02164753899,0.0347213730242148
448.4707336,0.02441105433,0.0384568290195015
448.6903381,0.0276729092,0.042865892777366
448.9099731,0.0197221376,0.032118799388561
449.1296387,0.01924645156,0.0314758124493272
449.3493042,0.02694805153,0.0418860994359145
449.5690002,0.02488674037,0.0390998159587353
449.7886963,0.01883871853,0.0309246778964103
450.0084229,0.02633645386,0.041059400140985
450.2281799,0.02008456737,0.0326086973231304
450.447937,0.02096798457,0.0338028162875937
450.6677246,0.02094533294,0.03377219797842
450.8875122,0.02355028689,0.0372933258365246
451.1073303,0.01997130737,0.0324556032766084
451.3271484,0.02280277945,0.0362829167000696
451.5470276,0.02828450687,0.0436925920722955
451.7668762,0.02196466364,0.0351500318262664
451.9867554,0.02744639106,0.0425597071984923
452.206665,0.01945031621,0.0317513772048568
452.4266052,0.01911053993,0.0312921000936315
452.6465454,0.02334642038,0.0370177585668246
452.8664856,0.02488674037,0.0390998159587353
453.0864563,0.02359559014,0.037354562441355
453.3064575,0.02083207481,0.0336191064595853
453.5264587,0.02810329199,0.0434476431117693
453.7464905,0.02099063806,0.0338334371109378
453.9665527,0.02377680503,0.0375995114153982
454.186615,0.01899728179,0.0311390085612798
454.4066772,0.02210057341,0.0353337416677919
454.62677,0.02325581387,0.0368952853436467
454.8468933,0.02017517388,0.0327311705463083
455.0670471,0.02533977665,0.0397121871164826
455.2871704,0.02210057341,0.0353337416677919
455.5073547,0.02610993572,0.0407532145621113
455.7275391,0.02112654783,0.0340171469524632
455.9477539,0.02391271479,0.0377832212434066
456.1679688,0.04205678031,0.0623086354303816
456.3882141,0.02330111712,0.0369565219484771
456.6084595,0.02309725247,0.0366809571929475
456.8287354,0.02407127805,0.0379975519082761
457.0490417,0.02740108781,0.0424984705936619
457.2693481,0.02228178829,0.035578690628318
457.4896545,0.02717456967,0.0421922850147882
457.710022,0.02724252455,0.0422841399287924
457.9303589,0.02497734874,0.0392222916960835
458.1507568,0.02688009664,0.0417942445083933
458.3711548,0.02667623013,0.0415186772386934
458.5915527,0.03050437942,0.0466932036866569
458.8119812,0.03111597709,0.0475199029815864
459.0324402,0.02719722129,0.0422229033104449
459.2528992,0.02876019292,0.0443355790250463
459.4733887,0.03150105849,0.0480404192253296
459.6939087,0.03188613802,0.0485609329413854
459.9144287,0.02878284454,0.0443661973207031
460.1349487,0.02848837152,0.0439681568278252
460.3554993,0.03195409104,0.0486527853412193
460.5760803,0.03231652081,0.0491426832757888
460.7966614,0.0312065836,0.0476423762047644
461.0172729,0.031478405,0.0480097984019856
461.237915,0.03757173195,0.0562461755833113
461.4585571,0.03369827941,0.0510104125305173
461.6791992,0.03195409104,0.0486527853412193
461.8998718,0.03682422265,0.055235763932686
462.120575,0.04137722775,0.0613900812079308
462.3412781,0.03705073893,0.0555419469973894
462.5620117,0.04536393657,0.0667789332789063
462.7827454,0.0458849296,0.0674831618783452
463.0035095,0.04223799333,0.0625535818767375
463.2243042,0.04733464122,0.0694427435329076
463.4450989,0.05048323795,0.0736987157584204
463.6659241,0.05036997795,0.0735456217118984
463.8867493,0.05252189562,0.0764543784122556
464.107605,0.05745998025,0.0831292094035563
464.3284607,0.05650860816,0.0818432355115716
464.5493469,0.05684838444,0.082302512622797
464.7702332,0.06391573697,0.0918554845194514
464.9911499,0.06221685186,0.089559093948501
465.2120972,0.06806100905,0.0974586672552963
465.4330444,0.06871791184,0.0983466056827436
465.6540222,0.07519631833,0.107103496593642
465.875,0.07465267181,0.106368647170859
466.0960083,0.0831470862,0.11785058494059
466.3170471,0.08230897039,0.116717700066786
466.5380859,0.08273935318,0.11729945040119
466.7591248,0.08991996199,0.127005511316026
466.9802246,0.09401993454,0.132547462475381
467.2012939,0.09827846289,0.13830373421589
467.4224243,0.1059574112,0.148683402852752
467.6435242,0.1113258824,0.155939989287899
467.8646851,0.1214965284,0.169687696791719
468.0858459,0.1180987582,0.165094915676852
468.3070068,0.1308290511,0.182302509297469
468.5281982,0.1360842586,0.189405996684787
468.7494202,0.1421096325,0.197550521425728
468.9706421,0.1448278427,0.201224738261463
469.1918945,0.1528012753,0.212002462624912
469.413147,0.169065237,0.233986532103383
469.6344299,0.167434305,0.231781994053919
469.8557434,0.1808215082,0.249877536253284
470.0770569,0.1864164919,0.257440300643691
470.2983704,0.1913998723,0.264176358129073
470.5197144,0.2035865337,0.280649122629508
470.7410889,0.2188764662,0.30131659249948
470.9624634,0.2173134983,0.299203921826736
471.1838684,0.2297266722,0.315982864282431
471.405304,0.2396481484,0.329393767857652
471.6267395,0.256478399,0.352143292564813
471.848175,0.2717683613,0.372810802715577
472.0696411,0.2762987018,0.378934484150042
472.2911377,0.2869223654,0.393294537561769
472.5126343,0.2889837027,0.396080856372503
472.7341614,0.3045681119,0.417146371709625
472.9556885,0.3121790886,0.427434162818468
473.1772461,0.3327695429,0.455266371616922
473.3988037,0.3452733457,0.472167817560458
473.6203918,0.3458849192,0.472994484184691
473.8420105,0.3651842475,0.499081472217564
474.0636292,0.3757173121,0.513319062557415
474.2852478,0.3882210851,0.530220468220158
474.506897,0.400724858,0.547121873747731
474.7285767,0.4111220241,0.561175769479765
474.9502563,0.4258230031,0.581047148280265
475.1719666,0.4406146109,0.601041030433436
475.3937073,0.4584189057,0.625107175024663
475.615448,0.4669586122,0.636650334341236
475.8371887,0.4810027182,0.655633814981565
476.05896,0.4894971251,0.667115742627029
476.2807617,0.5047870874,0.687783252777793
476.5025635,0.5162488818,0.703276211325374
476.7243958,0.5305194855,0.722565849915737
476.946228,0.5341890454,0.727526010378794
477.1680908,0.5505889654,0.749693855297007
477.3899536,0.5602838993,0.762798540636175
477.6118469,0.5779975653,0.786742181874731
477.8337708,0.5813273787,0.791243105480321
478.0556946,0.5983388424,0.814237576741974
478.2776184,0.6102083921,0.83028169994493
478.4995728,0.6202884316,0.843906934239089
478.7215576,0.6221005917,0.846356439118611
478.9435425,0.6330640316,0.861175769668598
479.1655579,0.6515931487,0.886221659791489
479.3875732,0.6596798301,0.897152463062371
479.6096191,0.6638478041,0.902786332084607
479.8316956,0.6680157185,0.908420120545257
480.053772,0.6802703142,0.924984712141618
480.2758484,0.6846420765,0.930894042716748
480.4979553,0.6984596848,0.949571365407043
480.7200928,0.697462976,0.948224109682197
480.9422302,0.6997055411,0.951255394917478
481.1643982,0.7040320039,0.957103493956669
481.3865662,0.7210887671,0.980159196754261
481.6087646,0.7118242383,0.967636291906023
481.8309631,0.7183479071,0.976454364082972
482.0531921,0.7212926745,0.980434819295156
482.2754517,0.724531889,0.984813279964039
482.4977112,0.7357671261,1
482.7199707,0.7271594405,0.988364953031141
482.9422607,0.7312594652,0.993906974681883
483.1645813,0.7309649587,0.99350888893394
483.3869019,0.715516448,0.972627068204635
483.6092529,0.7137949467,0.970300107228916
483.831604,0.710487783,0.96582979932371
484.0539856,0.7167849541,0.974341713550624
484.2763672,0.7106689811,0.966074725602636
484.4987793,0.7037375569,0.956705488635141
484.7212219,0.709015429,0.96383961186324
484.9436646,0.7032392025,0.956031860772719
485.1661072,0.6991392374,0.950489919683562
485.3885803,0.6942464709,0.943876345410454
485.611084,0.68430233,0.930434805859282
485.8335876,0.6810178161,0.92599511378963
486.0561218,0.671821177,0.9135639757513
486.278656,0.676623404,0.920055167378946
486.5012207,0.6647991538,0.904072275711928
486.7237854,0.6496451497,0.883588540865736
486.9463806,0.6419888139,0.87323943765937
487.1690063,0.6326336265,0.860593989177668
487.3916321,0.6267895103,0.852694471277239
487.6142578,0.6176608205,0.840355180610402
487.8369141,0.6151917577,0.837017737425086
488.0596008,0.6057006717,0.824188594200398
488.2822876,0.5968211889,0.812186157745565
488.5049744,0.5993129015,0.815554216766436
488.7277222,0.5845892429,0.795652181849588
488.9504395,0.5817804337,0.791855501941976
489.1732178,0.5644518137,0.768432329096825
489.3959961,0.5524463654,0.752204511150882
489.6187744,0.5453563929,0.742620963740017
489.8415833,0.533011198,0.725933908801437
490.0643921,0.5282996297,0.719565260942425
490.2872314,0.5244035125,0.714298861967749
490.5101013,0.5062820911,0.689804055938647
490.7329712,0.4940274954,0.673239464342286
490.9558411,0.4896104038,0.667268861950424
491.1787415,0.4841060042,0.659828540491498
491.4016724,0.4744563699,0.646785086823439
491.6246033,0.4786922336,0.652510722655583
491.8475647,0.4627906978,0.631016545880586
492.0705261,0.4459151328,0.60820576949709
492.2935181,0.4295378923,0.586068580560054
492.51651,0.4250302017,0.579975515096314
492.7395325,0.4233766198,0.577740361076126
492.9625854,0.4193672538,0.572320883194017
493.1856384,0.400090605,0.546264551142321
493.4086914,0.4005436301,0.546876907188013
493.6317749,0.3783222735,0.516840200485717
493.8548889,0.383033812,0.523208808063937
494.0780029,0.3667698503,0.501224738585466
494.3011169,0.3754001856,0.51289040125471
494.524292,0.3551495075,0.485517469459344
494.7474365,0.3495545089,0.47795468492854
494.9706116,0.3437556624,0.470116358283257
495.1938171,0.3361220062,0.459797911193237
495.4170227,0.3315916657,0.453674229758773
495.6402588,0.3247281909,0.444396840297942
495.8635254,0.3134702444,0.429179423864842
496.0867615,0.306833297,0.420208232499668
496.3100586,0.2980217338,0.408297603270707
496.5333557,0.2975913584,0.407715862925399
496.7566528,0.2914980352,0.399479490812965
496.9799805,0.286401391,0.392590334144584
497.2033386,0.2781561315,0.381445180149539
497.4266968,0.2695031762,0.369748941925534
497.6500549,0.2728782892,0.374311097202233
497.8734436,0.2659921348,0.365003051625055
498.0968628,0.2577695549,0.353888553746357
498.320282,0.2483917177,0.341212489429102
498.5437317,0.2441558391,0.335486833456562
498.7671814,0.2415961921,0.332026947204594
498.9906616,0.2371791005,0.326056344812733
499.2141418,0.236952588,0.325750166857472
499.4376526,0.2207565755,0.303857944615325
499.6611633,0.2222062796,0.30581751610507
499.8847046,0.218061015,0.300214343479974
500.1082764,0.2163168192,0.297856706247512
500.3318176,0.211310789,0.291090032926576
500.5554199,0.2049003392,0.282424999376266
500.7790222,0.197266683,0.272106552286247
501.0026245,0.1952959895,0.26944275710375
501.2262573,0.1910827607,0.263747716966765
501.4499207,0.1891800016,0.261175749015365
501.673584,0.1880247593,0.259614202852374
501.8972778,0.1813424975,0.250581759810865
502.1209717,0.1778767705,0.245897121186722
502.3446655,0.1711491942,0.236803426333708
502.5683899,0.1696315259,0.234751987332073
502.7921448,0.1705149561,0.235946123868694
503.0158997,0.1652144343,0.228781384940211
503.2396851,0.1597553641,0.221402335433187
503.4634705,0.1574901789,0.218340474507973
503.6872864,0.1564255506,0.216901411692427
503.9111023,0.1472515911,0.204500929770444
504.1349487,0.145801872,0.202541338005132
504.3588257,0.1393687725,0.193845688754438
504.5826721,0.1445560306,0.200857328635093
504.8065796,0.1359936595,0.189283533477739
505.0304871,0.1288810074,0.179669329950527
505.2543945,0.1303080618,0.181598285739888
505.4783325,0.1273180246,0.177556639137387
505.702301,0.1236937493,0.172657690069872
505.9262695,0.1301721483,0.181414570856505
506.150238,0.119344607,0.166778935049504
506.3742371,0.1171926931,0.163870183445073
506.5982666,0.126004234,0.175780782531025
506.8222961,0.1147009954,0.160502144564598
507.0463257,0.1096949577,0.153735461105878
507.2703857,0.1136590168,0.159093697449436
507.4944763,0.1054817289,0.148040420968893
507.7185669,0.1112352759,0.155817516078238
507.942688,0.1041905805,0.146295169925132
508.1668091,0.1042358801,0.146356401596241
508.3909607,0.1006115973,0.141457442390943
508.6151123,0.0978480801,0.137721983881487
508.8392944,0.09422379732,0.132823024703223
509.0634766,0.09322711825,0.13147580916455
509.2876892,0.09304590523,0.131230862718194
509.5119019,0.09947901219,0.139926522052603
509.736145,0.09125641733,0.128812003952407
509.9603882,0.09146028757,0.129087576263964
510.1846619,0.08749622107,0.123729329917794
510.4089355,0.09091664106,0.128352726854698
510.6332397,0.07931893319,0.112676053464285
510.8575439,0.08199184388,0.116289038750565
511.0818787,0.08407580853,0.119105943051088
511.3062439,0.08450619131,0.119687693371974
511.5306091,0.07678193599,0.109246783047872
511.7549744,0.07501509786,0.106858540077088
511.9793701,0.07315765321,0.104347823869609
512.2037964,0.07805043459,0.110961418256079
512.4282227,0.06876321137,0.0984078372592335
512.6526489,0.07352008671,0.104837726846036
512.8770752,0.07227423787,0.103153707419316
513.1015625,0.07268197089,0.103704841958716
513.3260498,0.05986106768,0.0863747699784438
513.5505371,0.06425551325,0.0923147616306767
513.7750854,0.06878586859,0.0984384631244351
513.9996338,0.06430081278,0.0923759932071666
514.2241821,0.06738145649,0.0965401130328455
514.4487305,0.06242071837,0.0898346612182009
514.6733398,0.05503624305,0.0798530330336652
514.8978882,0.05936273187,0.0857011672442066
515.1224976,0.05664451793,0.0820269453530971
515.347168,0.05379039422,0.0781690136204621
515.5717773,0.05449260026,0.0791181886527399
515.7964478,0.05154787004,0.075137783696927
516.0211182,0.0457716696,0.0673300678318232
516.2457886,0.05161582679,0.0752296411386185
516.47052,0.05739202723,0.0830373570037223
516.6952515,0.05075505748,0.0740661354279543
516.9199829,0.04742524773,0.0695652167560855
517.1447144,0.04962247238,0.0725352151031308
517.3695068,0.0464059189,0.0681873854359264
517.5942993,0.04149048775,0.0615431752544528
517.8190918,0.04192087054,0.0621249255888561
518.0438843,0.04278163612,0.0632884262576628
518.2687378,0.04466173425,0.0658297632749691
518.4935913,0.03686952591,0.0552970005510335
518.7184448,0.04477499425,0.0659828573214911
518.9432983,0.03410600871,0.0515615420415766
519.1682129,0.03247508407,0.0493570139406582
519.3931274,0.03859106079,0.0576240069169874
519.618042,0.03788885474,0.0566748318711926
519.8429565,0.04042585194,0.0601041022876057
520.0679321,0.03231652081,0.0491426832757888
520.2929077,0.03587284684,0.0539497850123609
520.5178833,0.03381153569,0.0511635015486987
520.7428589,0.03854575753,0.0575627702986399
520.9678955,0.03684687242,0.0552663797276895
521.1929321,0.03471760824,0.0523882438506763
521.4179688,0.0352839008,0.0531537040266051
521.6430054,0.037934158,0.0567360684895401
521.868103,0.03691482916,0.055358237155864
522.0932007,0.03852310404,0.0575321494752959
522.3182983,0.03213530779,0.0488977368294329
522.543396,0.02937179059,0.0451622783199759
522.7685547,0.0302099064,0.046295163193779
522.9937134,0.02631380223,0.0410287818318113
523.2188721,0.02903201431,0.0447030012087505
523.4440308,0.02968891524,0.0455909371220275
523.6692505,0.02975687012,0.0456827920360317
523.8944702,0.02472817898,0.0388854878215531
524.1196899,0.0293038357,0.0450704233924546
524.3449097,0.03786620498,0.0566442160897062
524.5701904,0.02386741154,0.0377219846385762
524.7954712,0.02658562362,0.0413962040155154
525.020752,0.03027786128,0.0463870181077833
525.2460327,0.02642706223,0.0411818758783333
525.4713745,0.02801268548,0.0433251698885914
525.6967163,0.0302099064,0.046295163193779
525.9220581,0.02669888176,0.0415492955478671
526.1474609,0.02556629479,0.0400183726953563
526.3728027,0.02420718782,0.0381812617498016
526.5982056,0.02721987292,0.0422535216196187
526.8236084,0.02379945666,0.037630129724572
527.0490723,0.02321051061,0.0368340487252992
527.2744751,0.02343702875,0.0371402343041729
527.499939,0.01720779203,0.0287201472813217
527.7254028,0.02250830643,0.0358848762071917
527.9509277,0.02298399247,0.0365278631464255
528.1763916,0.02339172363,0.0370789951716551
528.4019165,0.02225913666,0.0355480723191443
528.6274414,0.01917849667,0.031383957521806
528.8530273,0.0279220771,0.0432026941377261
529.0785522,0.01840833575,0.030342927575524
529.3041382,0.02069616504,0.0334353966180599
529.5297241,0.01738900691,0.0289650962418479
529.7553101,0.01942766458,0.0317207588956831
529.980957,0.01981274597,0.0322412751259092
530.206604,0.02359559014,0.037354562441355
530.432251,0.01689066738,0.0282914884792701
530.6578979,0.01879341528,0.0308634412915798
530.883606,0.02121715434,0.0341396201756412
531.109314,0.01680006087,0.0281690152560921
531.335022,0.0187254604,0.0307715863775756
531.56073,0.02389006317,0.0377526029477499
531.786499,0.01657354273,0.0278628296772184
532.0122681,0.01815916598,0.0300061236874766
532.2380371,0.02221383341,0.0354868357143138
532.4638062,0.01589399017,0.0269442754547677
532.6895752,0.01673210599,0.0280771603420879
532.9154053,0.01960887946,0.0319657078562093
533.1412354,0.01997130737,0.0324556032766084
533.3671265,0.02044699527,0.0330985927300125
533.5929565,0.02164753899,0.0347213730242148
533.8188477,0.01897463016,0.031108390252106
534.0447388,0.02746904269,0.0425903255076661
534.2706299,0.01806855947,0.0298836504642986
534.496582,0.01265478693,0.0225658300060769
534.7224731,0.01265478693,0.0225658300060769
534.9484253,0.0161884632,0.0273423159611626
535.1744385,0.01680006087,0.0281690152560921
535.4003906,0.01929175481,0.0315370490541577
535.6264038,0.01788734458,0.0296387014902554
535.852417,0.0140365446,0.0244335580037203
536.0784302,0.01836303249,0.0302816909571765
536.3044434,0.02051495016,0.0331904476575337
536.5305176,0.01711718552,0.0285976740581438
536.7565918,0.01204318926,0.0217391307111474
536.982666,0.0146707939,0.0252908756078235
537.2088013,0.01310782228,0.0231781999067391
537.4348755,0.01757021993,0.0292100426882038
537.6610107,0.01596194506,0.0270361303822889
537.887146,0.01750226505,0.0291181877741996
538.1133423,0.01306251902,0.0231169632883916
538.3394775,0.01686801575,0.0282608701700963
538.5656738,0.01664149761,0.0279546845912226
538.7919312,0.01777408645,0.0294856099714208
539.0181274,0.01766082831,0.0293325184390691
539.2443237,0.01419510692,0.0246478873979876
539.4705811,0.01863485388,0.0306491131408806
539.6968384,0.0131304739,0.0232088182023958
539.9231567,0.01666414924,0.0279853029003964
540.1494141,0.01593929343,0.0270055120731152
540.3757324,0.01725309528,0.0287813838861521
540.6020508,0.0159166418,0.0269748937639414
540.8283691,0.01820446923,0.030067360292307
541.0547485,0.0158033818,0.0268217997174194
541.2811279,0.01573542692,0.0267299448034153
541.5075073,0.01487466041,0.0255664428775235
541.7338867,0.02225913666,0.0355480723191443
541.9603271,0.0187254604,0.0307715863775756
542.1867065,0.01279069763,0.0227495411046875
542.413147,0.0178193897,0.0295468465762512
542.6395874,0.01790999621,0.0296693197994292
542.8660889,0.01775143482,0.029454991662247
543.0925903,0.01521443669,0.0260257199887488
543.3190918,0.01689066738,0.0282914884792701
543.5455933,0.01929175481,0.0315370490541577
543.7720947,0.0108879488,0.0201775870352926
543.9986572,0.01929175481,0.0315370490541577
544.2252197,0.01301721577,0.0230557266835612
544.4517822,0.01994865574,0.0324249849674347
544.6783447,0.01319842972,0.0233006743870022
544.9049683,0.01852159388,0.0304960190943587
545.1315918,0.01990335248,0.0323637483490872
545.3582153,0.02225913666,0.0355480723191443
545.5848389,0.01754756831,0.0291794243925471
545.8115234,0.01525973994,0.0260869565935793
546.038147,0.01772878319,0.0294243733530733
546.2648315,0.01883871853,0.0309246778964103
546.4915771,0.01401389297,0.0244029396945465
546.7182617,0.01530504413,0.0261481944690119
546.9450073,0.01491996367,0.025627679495871
547.1717529,0.01677740924,0.0281383969469184
547.3984985,0.02042434365,0.0330679744343558
547.6253052,0.01127302926,0.0206981020084336
547.8520508,0.01344759855,0.0236374770044475
548.0788574,0.01553156134,0.0264543787908005
548.3056641,0.009619450197,0.018462951823031
548.5325317,0.01038961019,0.0195039805162829
548.7593384,0.01097855624,0.0203000615155557
548.9862061,0.02078677155,0.0335578698412378
549.2130737,0.01283600088,0.0228107777095179
549.4400024,0.01115977019,0.0205450092189967
549.6668701,0.01168076135,0.0212492352907483
549.8937988,0.01473874971,0.0253827317789129
550.1207275,0.006584113464,0.014360073639985
550.3476562,0.007059800439,0.0150030618430624
550.574646,0.01202053763,0.0217085124019737
550.8016357,0.0132663846,0.0233925293010064
551.0286255,0.0124962246,0.0223515005982926
551.2556152,0.01043491438,0.0195652183917155
551.482605,0.008373603225,0.0167789349212948
551.7096558,0.009981879033,0.0189528484951084
551.9367065,0.011997886,0.0216778940927999
552.1637573,0.008939897642,0.0175443976073387
552.3908691,0.008441558108,0.0168707898393541
552.6179199,0.01385533065,0.0241886103002792
552.8450317,0.009166414849,0.0178505819250721
553.0721436,0.008894593455,0.0174831597359612
553.2993164,0.007376925554,0.0154317212736566
553.5264282,0.01093325298,0.0202388248972082
553.7536011,0.01344759855,0.0236374770044475
553.9807739,0.01657354273,0.0278628296772184
554.2079468,0.009279673919,0.018003674714509
554.4351807,0.007875264622,0.016105328411747
554.6623535,0.005496828817,0.0128903861392746
554.8895874,0.006131078117,0.0137477037433779
555.1168823,0.002755964873,0.00918554813686283
555.3441162,0.0113636367,0.0208205764886966
555.5714111,0.01170341298,0.021279853599922
555.7987061,0.01027635112,0.019350887726846
556.026001,0.01238296553,0.0221984078088557
556.2532959,0.009800664149,0.0187078995291754
556.4806519,0.009574146941,0.0184017152100903
556.7080078,0.008056478575,0.0163502761192431
556.9353638,0.008939897642,0.0175443976073387
557.1627197,0.01009513717,0.019105940023405
557.3900757,0.006108426489,0.0137170854369076
557.6174927,0.005678042769,0.0131353338454191
557.8449097,0.01159015391,0.0211267608104852
558.0723267,0.008781335317,0.0173300682063129
558.2998047,0.008577468805,0.0170545009339096
558.5272217,0.01236031391,0.022167789513199
558.7546997,0.006516158115,0.0142682180920314
558.9822388,0.005315614399,0.0126454378032359
559.2097168,7.626094739E-4,0.00649112076440423
559.4372559,0.009415584616,0.0181873858090645
559.6647339,0.008826638572,0.0173913048179019
559.8922729,0.005496828817,0.0128903861392746
560.119873,0.009279673919,0.018003674714509
560.3474121,0.00678797951,0.0146356402824941
560.5750122,0.005655391142,0.0131047155403004
560.8026123,0.01063877996,0.0198407844043303
561.0302124,0.01387798227,0.0242192285959359
561.2578735,0.002189670689,0.00842008576576602
561.4854736,0.008033826947,0.0163196578127728
561.7131348,0.009574146941,0.0184017152100903
561.9407959,0.006855934858,0.0147274958290959
562.1685181,0.00604047114,0.013625229888954
562.3961792,0.006312292535,0.0139926520794166
562.6239014,0.008486862294,0.0169320277093799
562.8516235,0.004341588821,0.0113288430906107
563.0793457,0.005587435793,0.0130128599923469
563.3071289,0.005949864164,0.0135027560358817
563.5349121,0.01072938647,0.0199632576275082
563.7626953,0.00135155546,0.00728720167730312
563.9904785,0.007603443228,0.015737906222636
564.2182617,0.00746753253,0.0155541951267289
564.446106,0.004205678124,0.0111451319960552
564.6739502,0.005111748818,0.0123698717892694
564.9017944,0.006878586486,0.0147581141355663
565.1296387,0.01000453066,0.018983466800227
565.3575439,0.009121111594,0.0177893453134832
565.5853882,0.008486862294,0.0169320277093799
565.8132935,0.008917245083,0.0175137780424315
566.0412598,0.008282995783,0.0166564604383283
566.269165,0.002959830919,0.00946111477937189
566.4971313,0.003435517894,0.0101041029824493
566.7250977,0.009891271591,0.0188303740121419
566.953064,0.007648746483,0.015799142834225
567.1810303,0.008441558108,0.0168707898393541
567.4090576,0.009166414849,0.0178505819250721
567.637085,0.01002718229,0.0190140851094008
567.8651123,0.006221685093,0.0138701775964501
568.0931396,0.01059347671,0.0197795477994998
568.321167,0.003865901614,0.0106858545739378
568.5492554,0.004364240449,0.011359461397081
568.7773438,0.007648746483,0.015799142834225
569.0054321,0.00397916045,0.0108389470470758
569.2335815,0.007127755787,0.0150949173896643
569.4616699,0.003775294404,0.0105633804045667
569.6898193,0.004454847425,0.0114819352501532
569.9179688,0.004704016726,0.0118187385042513
570.1461182,0.009324977174,0.018064911326098
570.3743286,0.00635759579,0.0140538886910056
570.6025391,0.00187254604,0.0079914269650661
570.8307495,0.0082150409,0.016564605520269
571.05896,0.007218363229,0.0152173918726308
571.2871704,0.01206584089,0.0217697490203211
571.5154419,0.005745998118,0.0132271893933727
571.7437134,0.00604047114,0.013625229888954
571.9719849,0.002121715574,0.00832823053411128
572.2002563,0.004341588821,0.0113288430906107
572.4285889,0.007376925554,0.0154317212736566
572.6568604,0.006991845556,0.0149112069250031
572.8851929,0.008962549269,0.0175750159124574
573.1135864,0.003344910918,0.00998162912937711
573.3419189,0.005949864164,0.0135027560358817
573.5703125,0.006063122768,0.0136558481954243
573.798645,0.001985804876,0.0081445194382041
574.0270996,0.005134400446,0.0124004900957398
574.2554932,0.004862579051,0.0120330679052771
574.4838867,0.005813953467,0.0133190449413263
574.7123413,0.009438236244,0.0182180041155348
574.9407959,0.003571428591,0.0102878140770048
575.1692505,0.007965871133,0.0162278016362766
575.3977661,0.00667472044,0.0144825474930572
575.6262207,-1.887647231E-4,0.00520514402437834
575.8547363,0.007988522761,0.016258419942747
576.083252,0.006629417185,0.0144213108814682
576.3118286,0.01041226182,0.0195345988254566
576.5403442,0.006425551139,0.0141457442389592
576.7689209,0.009347628802,0.0180955296325683
576.9974976,0.005315614399,0.0126454378032359
577.2260742,0.006923890207,0.0148193513770495
577.4546509,0.003367562778,0.0100122477494429
577.6832886,0.005813953467,0.0133190449413263
577.9119263,0.009007852525,0.017636252525398
578.140564,0.01057082415,0.019748928233241
578.3692017,0.003390214406,0.0100428660559132
578.5979004,0.01258683205,0.0224739750920727
578.8265381,0.005587435793,0.0130128599923469
579.0552368,0.00678797951,0.0146356402824941
579.2839966,0.006606765557,0.0143906925749979
579.5126953,0.01018574461,0.0192284145036681
579.7414551,0.00746753253,0.0155541951267289
579.9701538,0.006448202766,0.0141763625440778
580.1989136,0.009755360894,0.0186466629175864
580.4277344,0.001827242551,0.00793019003717828
580.6564941,0.005066445097,0.0123086345477862
580.8853149,0.003797946265,0.0105939990259842
581.1141357,0.003050437896,0.00958358863379582
581.3429565,0.00801117532,0.0162890395076542
581.5717773,0.002982482547,0.00949173308584223
581.8006592,0.006425551139,0.0141457442389592
582.029541,0.007173059508,0.0151561546311476
582.2584229,0.003231652081,0.00982853665488741
582.4873047,0.005542132072,0.0129516227508636
582.7161865,0.002982482547,0.00949173308584223
582.9451294,0.008894593455,0.0174831597359612
583.1740723,0.01020839624,0.0192590328128418
583.4030151,0.00830564741,0.0166870787434469
583.631958,0.008509513922,0.0169626460158503
583.8609619,0.003412866266,0.010073484675979
584.0899658,0.0049305344,0.0121249234532307
584.3189697,0.004839927424,0.0120024496001585
584.5479736,0.005927212536,0.0134721377294114
584.7769775,0.007580791134,0.0157072872862714
585.0060425,0.005836605094,0.0133496632464449
585.2351074,0.005202355795,0.0124923456436933
585.4641724,0.004137722775,0.0110532764481016
585.6932373,0.003141045105,0.00970606280181519
585.9223022,0.005451525096,0.0128291488977914
586.1514282,0.004341588821,0.0113288430906107
586.3805542,0.003367562778,0.0100122477494429
586.6096802,0.004115071148,0.011022658142983
586.8388062,0.005134400446,0.0124004900957398
587.0679932,0.01014044136,0.0191671778988376
587.2971802,0.00397916045,0.0108389470470758
587.5263672,0.002846572082,0.00930802230488219
587.7555542,0.003412866266,0.010073484675979
587.9847412,0.00615373021,0.0137783226783908
588.2139893,0.006878586486,0.0147581141355663
588.4432373,0.006244337186,0.013900796531463
588.6724854,0.002348233247,0.00863441548173898
588.9017334,0.008079130203,0.0163808944257135
589.1310425,0.004704016726,0.0118187385042513
589.3602905,0.006742675789,0.0145744030410108
589.5895996,0.005383569747,0.0127372933498378
589.8189087,0.008464210667,0.0169014094042613
590.0482788,0.007512835786,0.0156154317396695
590.2775879,0.004477499053,0.0115125535566236
590.506958,0.006108426489,0.0137170854369076
590.7363281,0.00223497441,0.00848132300724927
590.9656982,0.002688009758,0.00909369290520808
591.1951294,0.009166414849,0.0178505819250721
591.4244995,0.003865901614,0.0106858545739378
591.6539307,0.006720024161,0.0145437847345405
591.8833618,0.003503473243,0.0101959585304029
592.112854,0.004839927424,0.0120024496001585
592.3422852,0.0013289036,0.00725658305723735
592.5717773,0.002257626038,0.00851194131371961
592.8012695,0.009936574847,0.0188916106250826
593.0307617,0.008577468805,0.0170545009339096
593.2602539,0.0049305344,0.0121249234532307
593.4898071,0.006516158115,0.0142682180920314
593.7192993,-0.001162790693,0.00388854878202014
593.9488525,8.305647643E-4,0.00658297623314794
594.1784058,7.852612762E-4,0.00652173930647666
594.40802,0.005292962771,0.0126148194967656
594.6375732,0.0025294472,0.00887936318923513
594.8671875,0.002620054409,0.00900183735725449
595.0968018,0.002710661385,0.00912431121032672
595.326416,0.006923890207,0.0148193513770495
595.5560913,0.005813953467,0.0133190449413263
595.7857056,0.005904560443,0.0134415187943985
596.0153809,0.007965871133,0.0162278016362766
596.2450562,0.007195711136,0.0151867729376179
596.4747925,0.00461340975,0.0116962646511791
596.7044678,0.009030504152,0.0176668708305167
596.9342041,0.003231652081,0.00982853665488741
597.1639404,0.01217909995,0.0219228417962409
597.3936768,0.005678042769,0.0131353338454191
597.6234131,0.00873603113,0.0172688303349354
597.8532104,9.438236011E-4,0.0067360687073673
598.0829468,0.003843249753,0.0106552359525203
598.3127441,0.001895197784,0.00802204542833415
598.5426025,0.006289640442,0.0139620331444037
598.7723999,0.005496828817,0.0128903861392746
599.0022583,0.004183026496,0.0111145136895849
599.2320557,0.004907882772,0.0120943051467604
599.4619141,0.004386892077,0.0113900797035514
599.6918335,0.004885231145,0.0120636868416417
599.9216919,0.009392932989,0.0181567675039458
600.1516113,0.003367562778,0.0100122477494429
