400,804.151049366113,0.00320355060458787
401,1075.67606954552,0.00414315658979321
402,744.830880554058,0.00299827454707255
403,711.812701765768,0.00288401591120334
404,802.904734187844,0.00319923776004714
405,950.751368471568,0.00371085758194666
406,919.736663756637,0.00360353192127543
407,857.579595801105,0.00338843884058899
408,708.902787592605,0.0028739462212288
409,678.236602626532,0.00276782660500154
410,1149.0334440232,0.00439700806938296
411,1207.36728476828,0.00459887096167875
412,1169.55577462878,0.00446802511471683
413,1107.15276885593,0.00425208097196259
414,926.029410149889,0.00362530782307104
415,1211.94726750358,0.00461471988487332
416,1213.03944263018,0.00461849933136844
417,1004.0938191364,0.00389544788554769
418,1640.22309938492,0.00609675838979127
419,1291.14396496046,0.00488877820513353
420,1489.04818125081,0.00557362111942893
421,1400.53307982185,0.0052673166800489
422,1311.26740720598,0.00495841490662178
423,1281.10506055502,0.00485403881110631
424,1903.21520777864,0.00700683643322626
425,2619.5981358197,0.00948586280965946
426,4088.18833204036,0.0145678848541513
427,3509.28021179659,0.0125645868365114
428,2340.1705161768,0.00851891006374058
429,2226.70989790839,0.00812628224646006
430,1376.403547941,0.0051838169990233
431,1539.62760977796,0.00574865004951049
432,1572.1917897342,0.00586133763303401
433,1595.7189001027,0.00594275264849821
434,1872.75571871842,0.0069014320833495
435,1286.22887654468,0.00487176965656504
436,1842.48743680489,0.00679668940133425
437,1954.9551447222,0.00718588127555493
438,2169.31959818178,0.00792768445580261
439,2174.29969128419,0.00794491795156962
440,2695.04938129777,0.00974696008090007
441,3492.67951739163,0.0125071405215782
442,3637.08659366943,0.0130068578334008
443,4788.89746514622,0.0169926724295993
444,6597.64844210128,0.0232518129042785
445,7927.58789073407,0.0278540372778201
446,10124.1936329712,0.035455340101327
447,11526.8457113947,0.0403091848305406
448,18772.6997199978,0.065383293249386
449,22696.6983953883,0.0789621989388085
450,28879.2086197579,0.100356631048868
451,41490.9524346265,0.143999275710113
452,56357.3274627673,0.195444018980986
453,72077.9461688177,0.249844852530602
454,94496.036541587,0.327422130223872
455,122017.379140161,0.42265909295173
456,147565.295956658,0.511067061891195
457,174669.803554957,0.60486157684447
458,208715.230540099,0.722674981086092
459,229370.450757186,0.794151887814194
460,246570.943732899,0.853673791680671
461,263602.699465638,0.912611784262216
462,269846.698689294,0.934218997616949
463,281920.918903425,0.976001554422905
464,279859.035790595,0.968866456109207
465,282575.921144286,0.978268174366176
466,288855.930517012,1
467,283745.879218512,0.982316786933285
468,275782.826202012,0.954760828112742
469,270348.594366642,0.935955795876179
470,253854.477552871,0.878878290205961
471,244924.255582155,0.847975465827741
472,228754.377680669,0.792019981334131
473,215180.013534966,0.745046211520095
474,200477.98569929,0.69417018786699
475,186431.394140186,0.645562286127592
476,167903.818291901,0.581448043002255
477,158292.316632228,0.548187666185884
478,141766.012247639,0.490998776179265
479,133004.257431261,0.46067892845057
480,121648.111873544,0.421381252207532
481,109870.882362615,0.3806264247876
482,98593.3191239154,0.341600680822596
483,92549.8132518112,0.320687270024207
484,82076.8564494832,0.284445847823916
485,75544.2090923067,0.261839774350528
486,67571.7750177089,0.234251352597727
487,62212.7547179246,0.215706588121926
488,55861.5082417245,0.193728248156759
489,49721.1860566409,0.172479806770467
490,47951.3500516182,0.16635533064649
491,42469.9273421987,0.147386995493405
492,37593.5847016636,0.13051252577444
493,34120.2553221751,0.118493150648712
494,32524.8460750955,0.112972274243225
495,28314.8313404566,0.0984036166666393
496,26341.2303183282,0.0915740164641459
497,22642.8451918952,0.0787758411869846
498,20885.5423131274,0.07269473565344
499,19668.9735898078,0.0684848280247084
500,17491.4359406437,0.0609495098915484
501,16041.7216222118,0.0559328073809049
502,16119.1306223367,0.0562006794163368
503,14135.4552788362,0.0493362172602314
504,13234.5986147829,0.0462188238325563
505,10915.2870362035,0.0381929003307392
506,10151.3203444049,0.0355492114521334
507,9771.89162835978,0.0342362072497244
508,9149.92678721055,0.0320839124558783
509,7210.78718339397,0.0253735651858886
510,7441.63573700943,0.0261724112093959
511,6745.47405073124,0.0237633599673946
512,6981.66270887119,0.0245806852977796
513,5870.10367420838,0.0207341612419553
514,5870.73646554938,0.0207363510015988
515,5127.48372068557,0.018164342252155
516,4967.29824892656,0.017610024171603
517,4257.21845513462,0.0151528096438978
518,4010.1118918106,0.0142977031578386
519,4159.86694204589,0.0148159270085277
520,4025.58852834585,0.0143512596967894
521,2893.23616094657,0.0104327807990922
522,3021.22896606545,0.0108756969092667
523,3068.0934253381,0.0110378702750837
524,2522.81690236639,0.00915095361363693
525,2506.72538400389,0.00909526929049625
526,2548.58390361851,0.00924011971914459
527,2955.32069166152,0.0106476228663533
528,2467.87915939461,0.00896084283829898
529,1452.25974986463,0.00544631561257754
530,1783.03558310008,0.00659095765132578
531,1428.22616432508,0.0053631479516232
532,1441.81862602035,0.00541018434758446
533,1738.58495464014,0.00643713729061095
534,1457.74459436434,0.00546529578875595
535,1572.64524268476,0.00586290679636957
536,1437.70086462851,0.00539593493054414
537,1224.10618736824,0.00465679554284003
538,1301.65616520851,0.0049251554283604
539,1429.15110788613,0.00536634869719487
540,1015.64557722821,0.00393542247439238
541,756.776704373804,0.00303961279115711
542,916.86507816211,0.00359359486645129
543,959.032247395225,0.00373951336988947
544,1202.98932886325,0.0045837211476078
545,304.700376922721,0.00147521322767664
546,781.665123794812,0.00312573858477579
547,1024.45535118087,0.00396590849121966
548,669.616933448732,0.00273799844130377
549,713.859400502565,0.00289109846433872
550,678.835247210752,0.00276989820059141
551,1048.95381976446,0.00405068486908092
552,483.184535500663,0.00209285348621843
553,156.758199409508,9.6326278066487E-4
554,739.659716027946,0.00298037985311025
555,492.787277599549,0.00212608355077946
556,540.259602020214,0.0022903604197317
557,626.666715567869,0.00258937021632448
558,418.255811972661,0.00186816915621325
559,420.712892421311,0.00187667182566948
560,422.831220198803,0.0018840022494258
561,776.824753803304,0.00310898859756789
562,516.728948171062,0.00220893314213552
563,477.734924981069,0.0020739952364046
564,615.087574264503,0.00254930086851634
565,259.708646716843,0.0013195203970187
566,217.208605521802,0.00117244999793743
567,537.940136192911,0.00228233396245578
568,266.696183391722,0.00134370060434257
569,453.947189806677,0.00199167833489191
570,738.347952136182,0.00297584052482638
571,-9.44495648872175,3.88120644817466E-4
572,558.821495703427,0.0023545934189226
573,278.270644132242,0.0013837537551724
574,232.032593189387,0.00122374806073794
575,427.952948654134,0.00190172587102077
576,333.260937611974,0.0015740463803147
577,435.574708136164,0.0019281007915433
578,39.829206702145,5.58632734714494E-4
579,441.590806222859,0.00194891935834096
580,344.704154474198,0.00161364536477161
581,91.7070823417616,7.38154910676454E-4
582,555.377136485778,0.00234267429436472
583,612.448259156271,0.00254016758028051
584,-62.7104486884449,2.0379665418596E-4
585,728.658262553748,0.00294230958053101
586,413.512821583375,0.00185175614884251
587,-10.7170159867301,3.83718712660067E-4
588,150.999393971107,9.43334569062201E-4
589,97.6931560676418,7.5886957887536E-4
590,701.385530717711,0.00284793292953542
591,-121.60310317515,0
592,-66.8526106501845,1.89462799543876E-4
593,101.064757356012,7.70536926319751E-4
594,271.889102028189,0.00136167057789523
595,-11.420255289187,3.81285169492725E-4
596,275.63848232969,0.00137464522078366
597,162.931880204016,9.84626658739288E-4
598,164.033829097429,9.88439927125966E-4
599,224.340360105267,0.00119712926796276
600,106.928088993205,7.90826848389954E-4
