400,242.232104103927,1.30125003213612E-4
401,307.236470600499,1.69224174486737E-4
402,393.389421566932,2.21043908561053E-4
403,349.154054685982,1.94436985376916E-4
404,415.049898604403,2.34072367219908E-4
405,25.8926492296161,0
406,90.1081745234429,3.86246948809116E-5
407,155.165310551715,7.77556062519588E-5
408,283.166767447951,1.54746601720847E-4
409,217.987882779165,1.15542460331505E-4
410,175.580740077896,9.00351871275091E-5
411,152.905928213374,7.63966209748247E-5
412,194.785863287093,1.01586786537642E-4
413,278.264246357723,1.51797807322749E-4
414,129.802157995169,6.25000426755164E-5
415,212.749472004859,1.12391633224001E-4
416,212.496255358827,1.12239327132179E-4
417,233.122210367615,1.24645535992055E-4
418,190.680653051146,9.91175629027043E-5
419,211.654452809033,1.1173299526793E-4
420,128.537317996427,6.17392600018399E-5
421,148.622722203076,7.38203354970856E-5
422,45.4745234636598,1.17782096155964E-5
423,333.129021172514,1.84798163190506E-4
424,332.941219479079,1.84685203231464E-4
425,312.680792968464,1.72498854392162E-4
426,555.035980899907,3.18271938764296E-4
427,1249.26625370764,7.35841246834231E-4
428,1819.18042910172,0.00107863624901136
429,1607.34662080716,9.51221326009467E-4
430,997.008320789529,5.84111806863612E-4
431,430.046606794978,2.43092666834816E-4
432,429.195296479431,2.42580616189174E-4
433,266.678084297133,1.44828901090441E-4
434,287.567923683215,1.57393832525741E-4
435,428.171587068223,2.41964870020725E-4
436,286.447239702852,1.5671975757889E-4
437,447.239357915893,2.53433854003656E-4
438,505.93407735896,2.88737865288091E-4
439,507.36467425982,2.89598348302758E-4
440,805.593291681324,4.68978479508647E-4
441,805.239778966539,4.68765846805221E-4
442,845.307600496759,4.92866052698832E-4
443,822.990643960333,4.79442731267669E-4
444,921.913317641526,5.38943265916528E-4
445,1319.97775537256,7.78373176050442E-4
446,1319.0889845771,7.77838593476575E-4
447,2014.68878224184,0.00119623165062419
448,1738.71258798525,0.00103023602497475
449,2332.99810428928,0.00138769003059659
450,2453.70335648602,0.0014602924661492
451,3517.86441110217,0.00210036970371171
452,3843.16638168163,0.00229603405902609
453,3974.81640560484,0.00237521961394963
454,5818.08059999271,0.00348391594193848
455,6317.59576517249,0.00378436697391519
456,8764.87974037376,0.00525637232459291
457,10321.3216415575,0.00619254925778804
458,12411.6244031843,0.00744983565398485
459,16299.8568518607,0.00978855033815211
460,21902.620780866,0.013158530514401
461,26931.0356603289,0.0161830481768387
462,37103.4772569379,0.0223016223232793
463,47994.8733521662,0.0288526370363176
464,62326.7079519702,0.0374730249560336
465,81718.6202624068,0.049136975265882
466,107689.551794666,0.0647581089655078
467,135250.905494304,0.0813358582291386
468,174725.061500227,0.105078983033209
469,226688.665438243,0.136334327248408
470,280975.140344601,0.168986844218785
471,349223.017677206,0.210036939599616
472,415594.980098491,0.249958699725993
473,503327.391243629,0.302728455889203
474,598875.298193919,0.360199117938267
475,686734.372371254,0.413045060054155
476,784623.94714685,0.47192420089166
477,885784.185588349,0.532770597865053
478,1001768.50396276,0.602533461092973
479,1095063.93256062,0.658649290510981
480,1206639.07220619,0.725760097521999
481,1296505.92832574,0.779813690973772
482,1382755.85540722,0.83169175475632
483,1458841.49707207,0.877456150214839
484,1520433.13096382,0.914502612972874
485,1588620.12396663,0.95551608732397
486,1634938.28421495,0.983375780113999
487,1656668.85263918,0.996446397712067
488,1662576.89769451,1
489,1661591.52827681,0.999407314774275
490,1630865.72003222,0.980926192600374
491,1616633.9382703,0.972365984992466
492,1570590.01910464,0.944671244183955
493,1525027.72530495,0.917266193956066
494,1477312.53349137,0.888566207207521
495,1414682.40027477,0.8508951023653
496,1349135.50886682,0.811469610329847
497,1293476.62038972,0.777991606762925
498,1228919.84369437,0.739161654178346
499,1173235.91925869,0.705668591850216
500,1108836.8324951,0.666933487442494
501,1062566.17746631,0.639102368343964
502,992204.738534747,0.59678099671805
503,951755.637639899,0.572451456889136
504,909549.556001892,0.5470651189603
505,869920.362992361,0.523228741676674
506,821275.058383971,0.493969305749133
507,781482.087844294,0.470034418687673
508,737911.841825685,0.443827555928944
509,689379.394817101,0.414636002189356
510,635196.687571787,0.382045899942335
511,587670.184675373,0.353459406804869
512,545501.739184331,0.328095706465405
513,501864.749094609,0.30184869812864
514,456773.201612036,0.274726794893349
515,412311.798464611,0.247983914216305
516,378866.243410022,0.227866904300163
517,338872.972073131,0.203811539252399
518,307530.537880136,0.184959525631234
519,279950.073587803,0.168370281626908
520,252480.581483158,0.151847785762851
521,225209.454934741,0.13544460386608
522,201864.736260421,0.121403098610917
523,188150.209587593,0.113154012338551
524,166100.09475391,0.0998911922706136
525,151444.836355417,0.0910762696883774
526,137487.976385792,0.082681423498835
527,126572.720205877,0.0761160572954578
528,110464.986262061,0.0664274920153944
529,104405.400653025,0.0627827403111479
530,93613.3408629693,0.0562914749260224
531,83943.435695068,0.050475169057176
532,74112.1464615395,0.0445617930442333
533,70753.4572923613,0.042541590861572
534,62369.3272357844,0.0374986598289998
535,57346.9931710788,0.0344777996872872
536,52425.1597688584,0.031517389217302
537,49112.6337388201,0.029524953484512
538,43133.4020388394,0.0259285334758411
539,41552.8515110932,0.0249778555580209
540,37394.1694699083,0.0224764694179479
541,33965.9180139047,0.0204144265419097
542,30102.9492995686,0.0180909076227227
543,28354.6232054626,0.0170393151670324
544,26561.4839117851,0.0159607682302852
545,23139.9925393158,0.0139027914451603
546,22590.6911065153,0.0135723947047695
547,19429.8134133318,0.0116711732182759
548,18044.3575116597,0.0108378418513177
549,17267.531395186,0.0103705923569466
550,14931.8997412159,0.00896574423686949
551,13459.2961020291,0.00807999478634561
552,14909.2756059321,0.00895213615193545
553,11772.543945501,0.00706543814934056
554,10670.3128584181,0.00640246234665055
555,9675.50458819236,0.00580409978982866
556,10468.0663138359,0.00628081402189637
557,9135.14760926767,0.00547908300701425
558,7284.68205559794,0.00436605516723418
559,7485.77662187207,0.00448701059396327
560,6305.88529271653,0.00377732329680669
561,7263.99176575939,0.00435361026191954
562,4836.9431963053,0.00289377621045957
563,5049.25549058611,0.00302147893575132
564,4645.49636226023,0.00277862375290243
565,3918.46926773416,0.00234132763848561
566,3468.57768842503,0.00207072446424082
567,4498.48083976964,0.00269019607637133
568,3620.45742187199,0.00216207789218742
569,3050.85885576144,0.00181947272435677
570,3536.93361528811,0.00211183954982655
571,2622.35974906607,0.00156173680804802
572,2405.62897761696,0.00143137643366468
573,3276.76973749441,0.00195535480018326
574,2133.03489758256,0.00126741510002308
575,2389.89038870227,0.00142190990369542
576,2444.03836776701,0.00145447911745212
577,2717.43765979028,0.00161892477427323
578,1908.60934285029,0.00113242642656211
579,1201.53573650454,7.07132042089079E-4
580,1503.62738921901,8.88835732260225E-4
581,1436.2592406805,8.48314780822302E-4
582,1566.00021790264,9.26352072206695E-4
583,1466.72876007702,8.66641749020003E-4
584,1473.59078587048,8.70769156704118E-4
585,1681.75774368463,9.95978523022763E-4
586,1385.09187858081,8.17538364372874E-4
587,1085.8510452164,6.37549400150832E-4
588,1411.51329677303,8.3343045917901E-4
589,1260.37594215933,7.42523561192094E-4
590,1033.5238094548,6.06075336736958E-4
591,1046.54913570126,6.13909879079975E-4
592,529.51350616332,3.02920545237641E-4
593,694.762926289467,4.02315643267518E-4
594,1112.81865746924,6.53770022658653E-4
595,1035.98288632559,6.07554435341044E-4
596,878.858671062753,5.13046528644639E-4
597,1139.53909666555,6.69841974204935E-4
598,892.881139827619,5.21480837560463E-4
599,985.399197180303,5.77129089597197E-4
600,781.557641468616,4.54521389085695E-4
