400,344.434529652428,0.00206185838367495
401,417.983541726525,0.00249336739798151
402,576.593816972014,0.00342392732802001
403,605.739633254381,0.00359492462765054
404,630.57817555159,0.00374065132881523
405,444.535403563218,0.00264914607407864
406,248.639774302124,0.0014998345129083
407,265.779071111913,0.0016003900589821
408,340.343815161229,0.0020378583308105
409,404.980275839828,0.0024170777744053
410,291.95464331389,0.00175396105934314
411,597.734943704073,0.00354796144486566
412,630.660411416891,0.00374113380323843
413,916.750682779211,0.00541961360217685
414,1464.65954967065,0.00863417228100665
415,1782.95882260217,0.0105016209610624
416,2360.15076111567,0.0138879822109284
417,3377.09142992058,0.0198543310880849
418,4699.19068566794,0.0276110327836593
419,5859.00437456382,0.0344156117652303
420,8883.38640306371,0.0521595361389484
421,11330.0735402571,0.0665141484595489
422,16759.6562272259,0.0983692856976874
423,22391.8087127317,0.131412891572317
424,32312.8813324418,0.189619414627745
425,43569.7485526478,0.255662989400405
426,58501.0205913545,0.343264145392471
427,80449.3613932521,0.472034153826436
428,100659.800357898,0.590607964002855
429,122703.9812539,0.719940262308185
430,141830.858205336,0.832156858933058
431,158174.048048814,0.928041678335923
432,169521.373398639,0.994615967216729
433,170439.06058258,1
434,164340.043289476,0.964217317593137
435,155870.522429019,0.914526988721519
436,141280.779368612,0.8289295691309
437,125857.959689295,0.73844452344537
438,110888.097514973,0.650616960722449
439,95349.6175457712,0.559453340896021
440,82037.2393922069,0.481350168424671
441,72085.5772576364,0.422964177949718
442,62079.0726609237,0.364256429015831
443,54104.7962668994,0.317471678961991
444,47271.1335623928,0.277378862286842
445,41806.2498596731,0.245316615448165
446,37310.3381001333,0.218939286955787
447,33883.013810095,0.198831316985866
448,29434.3081654402,0.17273094481865
449,26710.2800214858,0.156749184272949
450,24615.1345986164,0.144457052662255
451,22662.4691661911,0.133000845267281
452,20669.7524015617,0.121309658361452
453,19632.9959879195,0.115227051328252
454,18931.5263049122,0.111111557687421
455,17337.7975151489,0.101761216741306
456,16372.5622232889,0.0960982211738763
457,15934.7483524067,0.0935295852867788
458,15504.421702017,0.0910048766128887
459,14843.7374142053,0.0871286692001471
460,13603.0803464289,0.0798497854556675
461,13170.1159376803,0.0773096011624954
462,12267.2003095703,0.0720122324868267
463,11754.5734792038,0.0690046720582012
464,11181.4099445134,0.0656419452870848
465,9953.75346131799,0.0584393354350722
466,9309.938718432,0.0546621009452481
467,8289.23630322725,0.048673682057424
468,7882.44167235703,0.0462870347695561
469,7588.47225116683,0.0445623283241962
470,7175.50262041286,0.0421394525672022
471,6339.6096639413,0.0372353031362152
472,6224.21843944773,0.0365583075908409
473,5888.64638517619,0.034589520216489
474,5379.59699112556,0.0316029484588854
475,5090.91330120588,0.0299092531804482
476,4440.00669385274,0.0260904110148782
477,4354.24954245184,0.0255872773516625
478,4225.9381961612,0.0248344799856497
479,3832.99737092387,0.022529112402899
480,3589.67192662227,0.021101532077
481,3265.17275266348,0.0191977088338383
482,3372.54903196332,0.0198276810269916
483,3381.80288098026,0.0198819729767437
484,3142.97973329971,0.0184808074390557
485,2898.4561464546,0.0170461976603691
486,2589.29831445317,0.0152323814364653
487,2573.94571484337,0.0151423083690257
488,2419.51354146918,0.0142362611899993
489,2385.51832208188,0.0140368126427616
490,2252.50952710627,0.0132564555394438
491,2116.843104547,0.0124605062449234
492,2013.23957029541,0.0118526685910533
493,1918.40080758924,0.0112962534896219
494,1741.59472132125,0.0102589394882858
495,1568.56866078176,0.00924380274168304
496,2192.5987437114,0.0129049614491763
497,1631.63085299877,0.00961378601727292
498,1656.2595947026,0.0097582818270266
499,1520.00496266562,0.0089588815318092
500,1661.68429574278,0.0097901083238448
501,1355.34737725045,0.00799284228292013
502,1257.61205986419,0.00741943321488539
503,1372.72545988054,0.00809479877553341
504,1302.04765867746,0.00768013503674967
505,1249.76028464698,0.00737336717417331
506,1168.45748664517,0.00689636701826664
507,1123.97382125725,0.00663538319179536
508,1240.34744712616,0.00731814244543945
509,1057.1881363474,0.00624355433845594
510,974.288036985372,0.00575718288147995
511,966.628718812436,0.00571224597829307
512,1019.22836073404,0.00602084590368161
513,946.535072317079,0.00559435738470733
514,906.528815145596,0.00535964232720568
515,846.25216869484,0.00500600173350924
516,866.02369570842,0.0051220004654075
517,825.318745855229,0.00488318620681688
518,732.152635121723,0.00433658448538398
519,919.76934482281,0.00543732396763554
520,750.263411194657,0.0044428396601467
521,701.168542988738,0.0041548020973076
522,652.205725067183,0.00386753926802967
523,632.654798443137,0.00375283478950013
524,581.019932909277,0.00344989516730751
525,497.834148392352,0.00296184760733413
526,762.324347162245,0.0045136006730308
527,711.486189218473,0.004215335301344
528,405.985602954027,0.00242297598703753
529,462.132230626351,0.00275238593124064
530,431.60554745192,0.00257328714262093
531,479.878177926095,0.00285650067066819
532,300.102093143127,0.0018017618107847
533,451.144323213817,0.00268792033254439
534,476.677485709297,0.00283772234170604
535,396.831118985827,0.00236926700791999
536,540.429754025451,0.00321175426525106
537,298.205047001978,0.00179063191947308
538,439.783693230495,0.0026212679859287
539,432.194716264561,0.00257674377169634
540,137.760683008103,8.49311466544495E-4
541,436.328471178191,0.00260099634094048
542,429.112367375663,0.00255865975814824
543,333.513111621257,0.00199778287543138
544,165.314977350473,0.00101097137272529
545,265.098902193691,0.00159639953604798
546,278.738553999112,0.00167642280950966
547,230.316506221613,0.0013923326563187
548,431.974715257993,0.0025754530348827
549,245.477502285802,0.00148128159367455
550,322.964330767821,0.00193589361410974
551,262.770477673441,0.00158273876561359
552,276.44837519402,0.00166298642510553
553,226.812924194048,0.00137177728535419
554,190.429779994401,0.00115831888192728
555,177.697916090766,0.00108362156256957
556,192.213816761064,0.00116878575190908
557,287.566908648787,0.00172821840139323
558,300.791276060007,0.00180580521847643
559,344.121437064105,0.00206002148239832
560,116.498847299048,7.245691551193E-4
561,171.148682358852,0.00104519747892213
562,255.338055393273,0.00153913305125274
563,188.580758090673,0.00114747074683193
564,244.570446344947,0.00147595993395511
565,205.015344058484,0.00124389178351917
566,192.657738431612,0.0011713902220044
567,193.544822104419,0.00117659470525259
568,8.65939924274777,9.18795700130223E-5
569,124.810755485408,7.73334776945597E-4
570,139.797112532197,8.61259114403601E-4
571,171.401488401879,0.00104668068152895
572,157.465330887838,9.64917821328377E-4
573,188.214904654532,0.00114532429984158
574,84.8757546919329,5.39037777668931E-4
575,100.24317698595,6.29197809184285E-4
576,70.4950975421726,4.5466705647526E-4
577,118.070802235172,7.33791749765957E-4
578,133.786703480073,8.25996292884689E-4
579,103.554886507282,6.48627472084175E-4
580,200.053794920906,0.00121478257977306
581,248.33402494276,0.0014980406940525
582,202.733516121938,0.00123050439331569
583,58.5604283397903,3.84646845484438E-4
584,156.564303913254,9.59631533304897E-4
585,224.233459711327,0.00135664367383461
586,176.727361718743,0.00107792736017865
587,126.84540329253,7.85271971544858E-4
588,-6.74557169236482,1.4992421721171E-6
589,95.4137296968941,6.00863641524136E-4
590,215.267146242633,0.00130403868326122
591,183.300254667496,0.00111649025147352
592,150.138126272591,9.21929414659336E-4
593,-7.00111161612803,0
594,188.135385977472,0.00114485776704951
595,100.144422927712,6.28618423205775E-4
596,46.676030458268,3.14921574255557E-4
597,120.202829131751,7.46300263458717E-4
598,65.8145499461374,4.27206477160539E-4
599,66.3563594530286,4.30385251146314E-4
600,67.1437115475064,4.35004613346013E-4
