400,250.774162966503,1.68141354275733E-4
401,81.6608370500048,2.60863001952791E-6
402,499.802636467966,4.11897199136918E-4
403,250.093344076478,1.67474950224011E-4
404,394.181852109084,3.08512701917369E-4
405,206.698862132032,1.2499925071883E-4
406,186.261315806954,1.04994424357761E-4
407,309.436920184129,2.25562057002664E-4
408,164.360053535469,8.35568730069073E-5
409,226.719134016693,1.4459563750537E-4
410,184.036539898166,1.02816753171617E-4
411,287.198348246687,2.03794337774021E-4
412,121.341250754196,4.1448898487261E-5
413,120.206118000124,4.03377996654755E-5
414,242.608903903059,1.60148976562713E-4
415,119.701912420655,3.98442695270175E-5
416,199.547706580731,1.17999505112908E-4
417,78.9957803328496,0
418,139.117708653774,5.88489791006344E-5
419,199.079080910534,1.17540801557623E-4
420,239.639306162902,1.57242253504615E-4
421,238.465862758926,1.56093655176435E-4
422,138.068805295118,5.78222839570151E-5
423,458.180934135826,3.71156744546002E-4
424,316.319447490137,2.32298861973869E-4
425,356.781448520237,2.71904169379844E-4
426,515.530566694822,4.2729212513257E-4
427,1045.66365261364,9.46200812280148E-4
428,2434.1248886496,0.00230526444419437
429,2522.9365544539,0.00239219571886858
430,1098.19125470503,9.97616258258228E-4
431,609.486211750757,5.19258466643925E-4
432,410.285852367836,3.24275735491496E-4
433,389.578930445087,3.04007236966869E-4
434,233.87274265657,1.51597784261127E-4
435,213.173091340706,1.31336402404322E-4
436,349.526934181207,2.64803253380543E-4
437,193.906689543243,1.12477924168708E-4
438,426.315886698225,3.39966369202644E-4
439,212.100164016072,1.30286191949214E-4
440,486.231466970523,3.98613369219437E-4
441,521.790649576246,4.33419664566945E-4
442,638.274041967448,5.47436778053559E-4
443,483.693801886962,3.96129433596652E-4
444,499.835783226792,4.11929644086239E-4
445,733.361338106501,6.40510810432449E-4
446,927.149169266832,8.30195611708902E-4
447,865.272464702265,7.69629009881046E-4
448,946.483921130842,8.49120992849165E-4
449,888.731463935678,7.92591316549584E-4
450,1443.5276254836,0.00133564089309956
451,1416.08649240972,0.00130878076549117
452,2328.00369895675,0.00220139013662005
453,2131.26531708791,0.00200881725603826
454,3121.28479594454,0.00297787525613202
455,3623.92871366299,0.00346987679758256
456,3997.13248757589,0.00383517880476444
457,4966.8499356353,0.00478436462478259
458,6612.65360171623,0.00639532202840992
459,8206.38229353568,0.00795530703049315
460,9736.07602279557,0.00945261286910607
461,13577.0700704151,0.0132122823399097
462,15868.0517335392,0.0154547575195723
463,21721.3855742621,0.0211841599270107
464,27425.3122509768,0.0267673185375889
465,37348.0898012118,0.0364800031600281
466,46280.4167381741,0.0452232077762777
467,62270.8867790336,0.0608751148844594
468,79520.2703153835,0.0777592807716703
469,102650.982766069,0.100400251405998
470,130378.487763622,0.127540687644232
471,165815.274925367,0.16222717900132
472,206342.858116523,0.201896680010746
473,255169.772025099,0.249689791715619
474,309188.954354966,0.302565237010632
475,372855.642208476,0.364883923179483
476,440380.286830052,0.430978882391394
477,510141.920885518,0.499263467720096
478,593833.71309,0.581183270824983
479,665847.268849298,0.651672098382538
480,736381.95690425,0.720713369997424
481,812230.114799537,0.794955610448783
482,866998.444036247,0.848564341117291
483,923224.035685627,0.903599479881189
484,961463.377289996,0.941029187772217
485,999739.484212317,0.978494882556684
486,1017463.63780875,0.995843766295161
487,1021709.77408343,1
488,1016023.40153513,0.994434023847881
489,997513.948546882,0.976316467700065
490,973034.820635512,0.952355631328211
491,945307.577842373,0.925215451742791
492,899965.077296348,0.880832978633144
493,855993.807831784,0.837792703811354
494,809241.107437094,0.792029888724338
495,757542.918425294,0.741426294833334
496,704820.412164811,0.689820071352034
497,664512.199750307,0.650365296426935
498,624069.860881732,0.610779234879583
499,570083.167455803,0.557935590607628
500,524813.976475004,0.513624874894863
501,494273.679353422,0.483731201201606
502,456029.385189428,0.446296645610479
503,424625.239590989,0.415557413526457
504,393185.626085548,0.384783464490131
505,363631.025943062,0.355854617816604
506,330527.429799152,0.323451917303906
507,303842.397793404,0.297331881991275
508,283142.744681809,0.27707049837676
509,258492.000471822,0.252941679302876
510,239375.201536595,0.234229636418871
511,219740.576521662,0.21501073128022
512,199515.013326364,0.195213399773732
513,178132.8067823,0.174283914290161
514,160404.379243102,0.156930847100227
515,145886.579003626,0.142720429258676
516,137938.122486083,0.134940263775853
517,120490.338900462,0.1178618985228
518,112542.162382127,0.11008200711082
519,100136.063759525,0.0979385802622195
520,88293.9646932496,0.0863472115233642
521,82303.8285108319,0.0804839032620692
522,71697.1102328299,0.0701017588481945
523,68119.2675234802,0.0665996690665099
524,60207.106645516,0.0588550307431559
525,54025.3882379855,0.052804196587789
526,48358.6373787615,0.0472574266787654
527,45205.1339137593,0.0441706916939012
528,39768.7499367062,0.0388494111564424
529,35667.9148446591,0.0348354022021914
530,32439.1089369831,0.0316749591377813
531,30533.0058725565,0.0298092136014216
532,29122.7177314797,0.0284287852010368
533,25020.3084745268,0.0244132354113497
534,23418.6321733408,0.0228454710729981
535,21061.3488347487,0.0205380980096029
536,19377.0361374715,0.0188894469185748
537,18451.4347441503,0.0179834430931433
538,16727.1990311491,0.0162957142681904
539,13726.8134409556,0.0133588552248704
540,14265.3724631013,0.0138860114476304
541,13088.3033014242,0.0127338641291715
542,12049.7410785048,0.0117172911705489
543,10292.4293028552,0.00999718659561784
544,9695.72610363502,0.00941311727048328
545,9419.36560071714,0.00914260809164187
546,7477.29103573863,0.00724165267191162
547,7875.44957056709,0.00763138107798978
548,6094.15109052384,0.00588779766422268
549,6634.20155381708,0.0064164137501537
550,6521.25046788076,0.00630585415432405
551,5114.51882664568,0.00492890695274148
552,5248.95737830847,0.00506049906460609
553,5546.93620578806,0.0053521688476705
554,4036.9428712479,0.0038741462913726
555,3748.23112863584,0.00359154738309421
556,3374.15994504213,0.00322539633171826
557,3233.37814138814,0.00308759527223194
558,3368.45912363521,0.00321981621263023
559,3408.16493541359,0.00325868134142395
560,3233.47687667996,0.00308769191702175
561,2399.89923105487,0.00227176343940712
562,2015.71154799953,0.00189571008313151
563,2195.78253505174,0.00207196846421837
564,2388.33161574131,0.00226044074283295
565,1937.67127441327,0.00181932214020376
566,1422.49534787482,0.00131505392757791
567,1458.1666959376,0.00134997001352633
568,1925.04346205112,0.001806961693915
569,1521.53931113748,0.00141200085338135
570,1331.78769867802,0.00122626681277753
571,1777.75516295968,0.00166279189968065
572,1425.84100082167,0.00131832874370317
573,1064.89753594115,9.6502746055268E-4
574,943.247784849974,8.45953374616047E-4
575,812.871691698275,7.18337707664185E-4
576,1091.65131672384,9.9121478903854E-4
577,1348.66340530634,0.00124278521354102
578,1144.68820681087,0.0010431287399623
579,801.553950631106,7.0725959480039E-4
580,812.326783248708,7.17804336449125E-4
581,779.932214418654,6.86095651160825E-4
582,1253.07263697349,0.00114921836888151
583,832.27107747569,7.37326354237302E-4
584,871.012373549177,7.75247388818734E-4
585,1027.19228107668,9.28120531292881E-4
586,1150.27456013091,0.00104859681457271
587,1152.56538725121,0.00105083913848164
588,825.574088419742,7.30771159152956E-4
589,528.886863391858,4.40365631707245E-4
590,606.480211416952,5.16316111736806E-4
591,343.880581253354,2.59276449521687E-4
592,463.046391070731,3.75919186162127E-4
593,466.298651582412,3.79102587231037E-4
594,1184.73007463694,0.00108232280955816
595,435.31199331249,3.48772003102209E-4
596,437.377052963888,3.50793339670424E-4
597,605.227151171728,5.15089582278379E-4
598,731.616493793275,6.38802909348924E-4
599,819.169870252092,7.2450253617912E-4
600,579.277517167242,4.89689374536413E-4
