400,1206.90249985207,1.08567920316892E-4
401,923.266329710839,3.37124656222111E-5
402,1176.29152975771,1.00489267710922E-4
403,1440.56638123058,1.70235006279881E-4
404,1551.67976251772,1.99559343421969E-4
405,1009.96662911751,5.6593857410217E-5
406,966.986204528973,4.52507370178386E-5
407,1008.11733356172,5.61058030847611E-5
408,795.525810678478,0
409,1124.75800374756,8.68888671710713E-5
410,933.091737210723,3.6305524700671E-5
411,1275.28943946043,1.26616166621347E-4
412,1250.65304989828,1.20114287323684E-4
413,1490.85955432591,1.83508060764486E-4
414,1598.73070753325,2.11976729685499E-4
415,1326.33210863803,1.40087023346767E-4
416,1205.23467937278,1.08127759739826E-4
417,1542.7203550486,1.97194833565691E-4
418,1295.75130323452,1.32016331614224E-4
419,1624.312489204,2.18728110857761E-4
420,1492.30735772427,1.83890155832398E-4
421,1875.4721323599,2.85012567032822E-4
422,1771.5123896226,2.57576172694723E-4
423,2000.45693236873,3.17997760810914E-4
424,1929.36244893359,2.99234956753974E-4
425,2116.44347533265,3.48608191799688E-4
426,2608.83087197841,4.78555942975062E-4
427,3533.59182028571,7.22612972919298E-4
428,4465.66024763869,9.68598546273084E-4
429,4536.9306225065,9.87407770478635E-4
430,3645.81524426915,7.52230265472258E-4
431,4920.93056986919,0.00108875059515524
432,5638.71522249299,0.00127818375707625
433,6361.21738473296,0.00146886193414172
434,7231.29153328228,0.00169848637158677
435,9786.27953570103,0.00237278256083963
436,11371.6946020764,0.00279119522525485
437,13756.0587070302,0.00342046144029762
438,18306.0656647376,0.00462127034810918
439,23016.4034805995,0.00586439275663811
440,28412.0652336633,0.00728838150145573
441,36805.3779866735,0.00950349123942884
442,48592.0454286568,0.0126141535723228
443,62342.1636964503,0.0162429973637505
444,81336.4743742006,0.0212558550739891
445,102735.137078492,0.0269032540844545
446,130888.508723266,0.0343333129327621
447,175447.482982152,0.0460930341178868
448,221322.136269186,0.0581999809471711
449,290355.882571305,0.0764189283619148
450,378936.391150745,0.0997965330006263
451,507293.162261698,0.133671635953353
452,653454.285594763,0.172245550346338
453,864700.858904043,0.227996402890587
454,1107361.14177473,0.292037761937215
455,1418981.45662314,0.37427861418276
456,1771992.93294249,0.467443158603055
457,2121970.22880991,0.559806941409478
458,2529740.37773935,0.667423046555138
459,2911618.18326235,0.76820580904977
460,3231246.66635466,0.852560126143153
461,3496610.90160456,0.922593367952358
462,3665581.0049998,0.96718688334625
463,3750047.70140878,0.98947879683212
464,3789913.78443489,1
465,3735595.93685169,0.985664779013014
466,3638119.39519374,0.959939389884268
467,3522846.34493338,0.929517259353505
468,3425081.69836994,0.90371583540984
469,3330836.92115063,0.87884335300452
470,3250582.96625045,0.857663239473486
471,3160565.52431031,0.833906408518088
472,3074872.06120204,0.811290734564597
473,2973170.97922864,0.784450431614979
474,2879756.15636173,0.759796985485582
475,2753270.64461813,0.726415733407816
476,2620788.0477764,0.691451768759787
477,2479088.82330298,0.654055410345557
478,2336825.37867477,0.616510146535327
479,2179427.08213223,0.574970588833663
480,2015941.22175052,0.531824439987661
481,1859117.31381868,0.490436471276233
482,1720997.93507101,0.453984882985658
483,1588000.2195059,0.418884971479227
484,1450070.24200321,0.382483368761034
485,1322632.67888766,0.348850857338225
486,1213112.11224037,0.319946885708939
487,1098948.292826,0.289817496330675
488,1007721.81257076,0.265741583670098
489,925092.105688481,0.243934476780728
490,853713.394694661,0.225096661193591
491,776901.377091951,0.204824921870627
492,718824.42028655,0.18949762067774
493,651383.893599032,0.17169914565416
494,602049.528653636,0.158679133720484
495,547106.821186521,0.144179003685729
496,504111.996592266,0.132832082935394
497,467636.056661365,0.123205584779028
498,432988.915778555,0.114061731640121
499,401462.315828839,0.105741431824205
500,367554.542082257,0.0967927077590723
501,344723.938346577,0.0907673999757334
502,313422.802689396,0.0825066032624248
503,292053.786001051,0.0768670282400015
504,273420.128531883,0.0719493518315766
505,251461.587703746,0.0661541933463121
506,240851.589541747,0.0633540700886517
507,217559.87969972,0.0572070701133901
508,201274.393291154,0.0529091080818542
509,188298.216887348,0.0494845181065289
510,174265.135656134,0.0457809965288443
511,160687.962450024,0.0421977952985296
512,147516.19341678,0.0387215857600006
513,137021.989147844,0.035952022090392
514,128178.183399128,0.0336180211051795
515,114532.841064522,0.0300168291118842
516,108423.956434116,0.0284046111198747
517,98454.3394462208,0.0257734931902076
518,94220.760309806,0.0246561939011767
519,85630.1688603046,0.0223890196239029
520,79935.5986700353,0.0208861448647664
521,74593.6601189361,0.0194763344058448
522,69676.5734254306,0.0181786481480159
523,64639.4687108683,0.0168492874971316
524,59443.1524823717,0.0154779087557398
525,53208.2285661821,0.0138324272767707
526,50272.9701632493,0.0130577725411335
527,49926.2219249122,0.0129662609506605
528,43109.4634824073,0.0111672254027491
529,40205.8093253929,0.0104009114587582
530,38023.1373172325,0.00982487453956398
531,34727.413713235,0.00895508811986164
532,34344.4934943414,0.00885403025025781
533,31470.4274508607,0.00809552501307256
534,28167.4697993914,0.00722382942955476
535,26333.8284796053,0.00673990647053584
536,24386.2673959938,0.00622591853173801
537,23353.1256114474,0.00595325832056752
538,20635.2451069767,0.00523597257782654
539,21177.2700627548,0.00537902035801774
540,20491.2276525275,0.00519796440689615
541,18167.5928690203,0.00458472548825897
542,17415.0087664876,0.00438610827676924
543,15781.6161251203,0.00395503367579852
544,15943.8393846726,0.00399784660706111
545,16156.5604949119,0.00405398661001698
546,13081.7759044218,0.00324250901005247
547,13402.7366110106,0.00332721491910092
548,11901.0786722832,0.00293090690329551
549,10733.9632321646,0.00262288921673684
550,11057.5099381918,0.00270827760631554
551,9498.0333890776,0.00229671047046151
552,10482.2402449018,0.00255645608636676
553,8486.8987706363,0.00202985825065024
554,8571.72682704064,0.00205224553196859
555,8536.9069735707,0.00204305609762178
556,7888.63734223718,0.0018719688981505
557,7790.35506697299,0.00184603086493116
558,7835.28295708989,0.001857887948044
559,6091.98982870612,0.00139780910927566
560,5717.269219055,0.00129891522841083
561,6060.82499544178,0.00138958428462327
562,6698.94274911236,0.00155799226508632
563,5785.69567412385,0.00131697390338438
564,4588.9120422809,0.00100112637629309
565,4398.98651690139,9.51002439161477E-4
566,5388.78138921496,0.00121222280885059
567,5092.71890575105,0.00113408788054898
568,4543.45067563414,9.89128501446267E-4
569,4652.41724546806,0.00101788626575883
570,3817.33992784099,7.97497969424606E-4
571,4475.13023656675,9.71097805541783E-4
572,3843.23777196031,8.04332763788805E-4
573,4015.46486800116,8.49785843974108E-4
574,3452.66674732284,7.01255742176055E-4
575,2830.75980670482,5.37126016427188E-4
576,2850.72673175704,5.42395560339356E-4
577,3572.84543833233,7.32972538223779E-4
578,3520.84247874256,7.19248247758205E-4
579,3512.02969614385,7.16922434205498E-4
580,3213.47075474543,6.38128656598033E-4
581,3487.02515964165,7.10323395908055E-4
582,3191.65713249536,6.32371744102516E-4
583,3381.20496549688,6.82396003063054E-4
584,2468.24760098578,4.41454099908364E-4
585,2735.23397747274,5.11915446919449E-4
586,2175.88520549605,3.64295675300133E-4
587,3067.29279544236,5.99550298962886E-4
588,3057.47537955434,5.96959348979821E-4
589,2312.73481657368,4.00412154580281E-4
590,2627.58677879953,4.83505882655205E-4
591,2696.73552038002,5.01755178892689E-4
592,3322.36417784925,6.66867116490643E-4
593,2167.78167072937,3.62157041925933E-4
594,2097.17862887949,3.43523936007642E-4
595,2384.07666909856,4.19240242714638E-4
596,1772.67162089708,2.57882109642414E-4
597,2010.07457096785,3.20535986842057E-4
598,2216.17299231842,3.74928171852773E-4
599,1719.43795838207,2.4383301988549E-4
600,2574.69839068697,4.69547915523358E-4
