400,171.526881429623,8.41574278444224E-4
401,513.780158554186,0.00142337152376416
402,457.274250236056,0.00132731698170107
403,142.70013557015,7.92571617393078E-4
404,142.276696414654,7.91851812059736E-4
405,85.425272093896,6.95209926435675E-4
406,-85.205073561369,4.05154953392741E-4
407,311.933719569037,0.00108025223162526
408,84.7813419696997,6.94115307925128E-4
409,56.6162307240364,6.46237361292955E-4
410,-141.28404002768,3.09826170905689E-4
411,168.113822820234,8.35772411143665E-4
412,140.077764952064,7.8811384268708E-4
413,27.8198971356486,5.97286398141358E-4
414,333.067782387646,0.00111617808055675
415,110.269160577409,7.37442117765381E-4
416,-55.127427289213,4.56284023343118E-4
417,0,5.49995281882116E-4
418,109.670113679659,7.36423796369436E-4
419,-82.305926395544,4.10083221279684E-4
420,27.3384963589374,5.96468063695772E-4
421,27.3304187742415,5.96454332588318E-4
422,381.402476965326,0.00119834235490624
423,326.629809683875,0.00110523415383685
424,679.996581549839,0.00170592325807701
425,1325.37233690685,0.00280299920083365
426,2353.43456492001,0.00455060488426394
427,2428.56268548975,0.00467831537387784
428,834.235830153477,0.00196811496216157
429,107.179888721766,7.32190656418517E-4
430,268.260289144694,0.00100601165246111
431,267.683902332164,0.00100503185100359
432,186.915792445908,8.67733928727104E-4
433,240.740417896441,9.59230550996407E-4
434,160.113694796834,8.22172972490148E-4
435,374.031404666849,0.00118581224973285
436,319.157861723369,0.00109253256986045
437,292.463573117939,0.00104715487850013
438,665.031904821527,0.00168048476477526
439,794.19250689637,0.00190004521171193
440,743.48999711838,0.00181385588208016
441,1058.32974482271,0.00234905279668833
442,1214.83199383405,0.00261509138111373
443,1213.5623982939,0.00261293319231818
444,1608.84752796986,0.00328487942317255
445,2135.93168801121,0.00418087117214921
446,2339.50335333936,0.00452692318108293
447,2922.47689705176,0.00551792144025469
448,3447.40675261729,0.00641025108139079
449,4500.63564541773,0.00820063764443792
450,5680.10600291027,0.0102056224051125
451,7880.91321784395,0.0139467803741058
452,11000.7244805198,0.0192501557392519
453,13682.9021611048,0.0238095966279801
454,17933.565033366,0.0310353096164498
455,23967.5419874756,0.0412924828996941
456,32563.0202020394,0.0559039589079155
457,41788.9386642939,0.071587121950157
458,56027.4689293435,0.0957912369704945
459,76451.5564526812,0.130510197031544
460,95237.1946006612,0.162443952693127
461,127848.788516949,0.217880486903676
462,159232.330667814,0.271229452690525
463,195614.629262994,0.333075817695175
464,236491.753821458,0.40256294916845
465,278516.667078463,0.474001209667081
466,328594.833362499,0.559129216152529
467,377262.517835021,0.64185954089945
468,416913.930108752,0.709263080838398
469,461566.141725942,0.785167492724771
470,496604.684658582,0.84472960394691
471,522992.597439491,0.88958648623788
472,548447.463180916,0.932857279414127
473,564216.388075659,0.959662916287779
474,574748.0854926,0.977565776407038
475,585788.466433169,0.996333348985074
476,587945.443517583,1
477,580921.70226437,0.988060323783336
478,574576.691044573,0.977274422534365
479,559359.555181646,0.951406773286152
480,556576.712746043,0.946676212115794
481,533106.171510982,0.906778577383265
482,521775.926231149,0.887518263653072
483,501373.863266701,0.852836743197566
484,471962.130420907,0.802839661230864
485,451214.249237639,0.76757028347628
486,428357.035530647,0.728715245820711
487,407758.200531272,0.693699232065861
488,400515.476788543,0.681387306939723
489,374587.199863603,0.637311760848364
490,359747.566067271,0.612085828355334
491,339372.175701352,0.577449648720169
492,328812.23574267,0.559498779029975
493,317159.906757956,0.53969095436333
494,300700.798355202,0.511712072730418
495,293850.282251166,0.500066862400124
496,278231.153995171,0.473515865226385
497,268614.751165422,0.45716891678154
498,256770.401499665,0.437034675654507
499,249925.186864382,0.425398477304879
500,243722.111517945,0.41485385322008
501,228768.108518806,0.389433504218604
502,222450.704139231,0.378694531909886
503,212085.517367578,0.361074723674188
504,198246.551069717,0.337549828491839
505,186697.129431137,0.317916936293354
506,184086.876327284,0.313479760181651
507,166861.128166391,0.284197665608938
508,155927.588324069,0.265611712494621
509,148619.009780814,0.253187840619983
510,133512.138436929,0.227507630317494
511,123451.097272116,0.210404839998241
512,113013.245889632,0.192661508999608
513,104216.930220267,0.177708628874113
514,93912.8552723946,0.160192704788278
515,86515.7644421796,0.147618370644403
516,79632.443781856,0.135917395762656
517,69516.5564520875,0.118721372303445
518,63132.4692371198,0.107869045667581
519,58398.9209858229,0.099822474554133
520,52299.1732001243,0.0894534972614067
521,50071.3689028249,0.0856664468811441
522,43548.4574292156,0.0745781325231474
523,38098.7779089411,0.0653142079833739
524,37535.6807265307,0.06435699760302
525,33539.3125551544,0.057563560844941
526,29908.7094487174,0.0513918890820837
527,27907.71219854,0.0479903885973353
528,23872.6209130527,0.041131126315804
529,22462.8793468997,0.0387347029223113
530,20647.6739599494,0.0356490305141748
531,17206.9775948314,0.0298001817200128
532,15446.623915227,0.026807751873359
533,17609.022353032,0.0304836186611625
534,14080.3704618958,0.0244852540371509
535,12099.2235614792,0.0211174972141329
536,10963.4255256195,0.0191867511477849
537,11274.5999837237,0.0197157174269684
538,9854.595694053,0.0173018484027948
539,9371.66101670357,0.0164809064754831
540,8653.78938403835,0.0152605946003511
541,8468.67210427989,0.0149459132499505
542,7864.18357872513,0.0139183416165976
543,6740.34342994892,0.0120079227939315
544,7064.26799189436,0.0125585630081455
545,5736.10893987443,0.010300821944849
546,5325.30374688718,0.00960249311758076
547,5239.37156112888,0.00945641676915676
548,4025.53850018114,0.00739301875856406
549,4090.69760628872,0.00750378289429242
550,4114.83751048136,0.00754481838087581
551,3552.30306859048,0.00658856460461003
552,3511.65237295751,0.00651946238026232
553,2868.1647184743,0.00542559602514352
554,2564.1228904319,0.00490875452254856
555,2468.73167602203,0.00474659874645883
556,2365.63698981936,0.00457134781842168
557,1776.73735312586,0.00357027577821594
558,1743.19438133097,0.00351325599230164
559,1636.72229040976,0.00333226380510668
560,1768.9906674951,0.00355710716695179
561,1117.82278245101,0.00245018516771677
562,1045.56424215593,0.00232735268515381
563,1471.5479095299,0.00305148344092524
564,975.543919009462,0.00220832495380444
565,1663.94970140967,0.00337854775262657
566,1033.5870066481,0.00230699255103458
567,998.901901773141,0.00224803125009563
568,1312.11012370743,0.00278045472975922
569,1103.19849920367,0.00242532531018796
570,1822.75526337676,0.00364850174479919
571,987.142250468394,0.00222804098793509
572,541.50565085132,0.00147050216099028
573,911.726158400491,0.00209984097481459
574,597.842555185229,0.0015662694127364
575,925.030579156506,0.00212245719462543
576,793.088322325999,0.00189816820545865
577,423.427127285956,0.00126978016843864
578,900.983132786824,0.00208157887733829
579,620.165152039293,0.00160421565379856
580,241.187253393839,9.5999012783284E-4
581,243.027802989256,9.63118882927561E-4
582,244.201974446726,9.65114860074161E-4
583,395.634890058383,0.00122253607132983
584,746.242629334997,0.00181853508881986
585,401.534299439195,0.00123256449284155
586,505.206083091979,0.00140879643035092
587,763.831580370526,0.00184843459291377
588,1285.3082021747,0.0027348940729029
589,878.261677562035,0.00204295461588343
590,156.38277128097,8.15830765799637E-4
591,-52.5603508587535,4.60647803314241E-4
592,689.306696853496,0.00172174954755125
593,53.3332338723857,6.40656586316214E-4
594,-323.545168254775,0
595,434.859769213618,0.0012892145464996
596,54.6692978367221,6.42927764960733E-4
597,221.274151676305,9.26139793886088E-4
598,-111.255079060431,3.60872480578295E-4
599,224.699217430353,9.3196207216341E-4
600,112.982129379751,7.42053900562912E-4
