400,223.335620066632,2.66653850531891E-4
401,640.21245963889,6.55056963291657E-4
402,351.271935076647,3.8585179646693E-4
403,319.08997096065,3.55867940683045E-4
404,63.6615367115605,1.17885904906018E-4
405,63.7355496794488,1.17954862603792E-4
406,222.649799757598,2.6601487345872E-4
407,158.333665407013,2.06091691331179E-4
408,412.494576659255,4.42892779090141E-4
409,94.7946270871342,1.46892527639272E-4
410,315.954962048699,3.52947060690814E-4
411,-62.8665518975873,0
412,187.919592642856,2.33656826021981E-4
413,249.591671106783,2.91116547867723E-4
414,216.800838244588,2.60565410590032E-4
415,278.135943840561,3.17711175654286E-4
416,369.933165221507,4.03238418097498E-4
417,30.8040705157916,8.72726855174567E-5
418,-30.6469100879903,3.00189599971361E-5
419,61.4049586445619,1.15783456743373E-4
420,306.286364082484,3.43938852055491E-4
421,274.562047436772,3.14381385279419E-4
422,122.211424105948,1.72436689111366E-4
423,-30.4517516505495,3.02007886270526E-5
424,243.640736229727,2.85572076669825E-4
425,998.700690274902,9.8905955458369E-4
426,2272.16539928684,0.00217554345106845
427,1539.7565763236,0.00149315997554719
428,1414.85296093786,0.00137678758829596
429,751.290249713201,7.58547863547966E-4
430,299.740771514275,3.37840339768366E-4
431,780.355074034839,7.85627487951958E-4
432,418.097255628826,4.48112781126733E-4
433,239.464448629749,2.81681039918356E-4
434,806.845028576601,8.10308112597458E-4
435,387.92814886265,4.2000429952054E-4
436,447.645040413184,4.75642378590521E-4
437,297.698333200785,3.35937405080525E-4
438,297.709461629238,3.35947773409587E-4
439,681.277636538941,6.93317286293471E-4
440,445.57358633902,4.73712409990754E-4
441,680.885812055192,6.92952224398212E-4
442,887.87634386862,8.85804787161415E-4
443,383.630440517935,4.16000135363727E-4
444,915.302113427898,9.11357308327104E-4
445,619.630587301557,6.35880884115738E-4
446,1029.28680542721,0.00101755656186424
447,1149.73596137674,0.00112977874035727
448,1207.64372431463,0.00118373125880638
449,1411.5341961264,0.00137369550338999
450,1294.91751933188,0.00126504403617688
451,1770.4712642958,0.00170811627549359
452,1478.69533981315,0.00143626937362755
453,2011.25490707206,0.00193245379554361
454,2854.66459340182,0.00271825649889921
455,2286.88819128085,0.00218926063968669
456,2592.20380661478,0.00247372243778403
457,3431.44697320882,0.00325564320508295
458,4215.08778941553,0.00398575940106205
459,3752.47534184178,0.00355474453627987
460,4587.76422110836,0.0043329811039281
461,5211.5104446481,0.00491412390630485
462,5762.49548126892,0.00542747529211741
463,6903.22311913026,0.00649028839013228
464,8012.55054528394,0.00752384598913433
465,9045.76721238322,0.0084864913835592
466,9925.07219058385,0.00930573764091595
467,11297.2689661053,0.0105842099577717
468,14869.2629261926,0.0139122278305816
469,16451.7207284636,0.0153865998221839
470,20245.2769434541,0.0189210466958536
471,23828.3498577144,0.0222593868026628
472,26512.8919736062,0.0247605680033668
473,32924.6934135634,0.0307344274296477
474,40440.073299536,0.0377364881444597
475,43441.1485542402,0.040532582481937
476,53436.4784398538,0.0498452064324937
477,63760.1426247178,0.0594637386316006
478,78599.2078739198,0.0732892587520013
479,88826.2186471092,0.0828177392082678
480,106222.285370087,0.0990256112308869
481,126250.061973918,0.117685440792459
482,151136.695425344,0.140872255172848
483,174994.49264451,0.163100505399038
484,207084.448303457,0.192998637132733
485,248225.199888418,0.23132937288018
486,288770.981449161,0.269105776538461
487,324340.846680228,0.30224613135013
488,375448.747047437,0.349863234784342
489,432943.244065649,0.403430714405767
490,485091.561162822,0.452017171515036
491,555537.54811528,0.517651522038905
492,622321.414316266,0.579873883782987
493,693413.361340125,0.646110073695939
494,756184.635252716,0.704593913202499
495,838308.792950816,0.78110878631333
496,888831.26576888,0.828180448358628
497,957951.97742422,0.892580043190162
498,1002194.04620653,0.933800268443294
499,1022906.03397951,0.953097575846412
500,1058733.17727725,0.986477635991774
501,1073246.86212194,1
502,1069512.42893125,0.996520637900763
503,1043546.15138382,0.972327921806113
504,1015234.25279558,0.945949796431972
505,959911.902530839,0.894406100528746
506,899544.087194367,0.838161557389218
507,843708.121934972,0.786139327675168
508,761824.446594197,0.709848511377482
509,701462.826125007,0.653609739980365
510,637477.029812248,0.593994332979611
511,576236.677461855,0.536936849278182
512,520147.460569744,0.48467866564892
513,457437.527781994,0.42625197751554
514,406214.18538552,0.37852731703029
515,362523.401395315,0.337820722444413
516,328109.981920493,0.305757825262494
517,291178.225135806,0.271348599483538
518,261054.230774904,0.243282148992941
519,231709.805067709,0.215942020674666
520,205946.31745372,0.191938243455744
521,187462.956964504,0.174717342540168
522,171404.599435648,0.159755810840741
523,148326.393407213,0.138253903784565
524,135943.981973839,0.126717241903494
525,118955.778698335,0.110889375238674
526,106301.264153205,0.0990991955663384
527,93118.287979667,0.0868166495115043
528,87493.5687329484,0.0815761126036088
529,75450.1848632231,0.0703553218588852
530,68288.8767504592,0.0636831489329839
531,63323.1125170137,0.0590565587691353
532,53818.614679392,0.0502012418147597
533,51057.8354613841,0.0476290306959627
534,45762.5106596967,0.0426953897717998
535,40640.9271281051,0.0379236231561
536,38429.4306741921,0.0358631774200444
537,32543.123249173,0.0303789194581865
538,32226.6150663643,0.0300840295728597
539,28376.737670676,0.026497108395461
540,25749.1217955876,0.0240489652314788
541,24388.6127446772,0.0227813823385227
542,21535.3838775057,0.0201230361119429
543,19245.5035943899,0.0179895603575163
544,19274.7449906772,0.0180168044935807
545,16629.823039728,0.0155525373018381
546,14177.2050412747,0.0132674392235008
547,13378.4774232044,0.0125232666918149
548,11602.4560690523,0.0108685520211983
549,11417.5504805574,0.0106962759450993
550,9747.41243167128,0.00914021248618537
551,8738.91804633427,0.00820060078008159
552,8041.05910709079,0.00755040734513925
553,7821.45708620389,0.00734580468942845
554,6289.91172506966,0.00591886769238234
555,6598.17662981153,0.00620607733607276
556,5197.70710070669,0.00490126336514636
557,4888.82349934879,0.00461347728336031
558,6216.02318180938,0.00585002592072378
559,4306.20057130762,0.00407064895293881
560,5247.9135290536,0.00494804056934533
561,4172.90539481404,0.00394645816911141
562,3836.00857880197,0.00363257224502841
563,3249.91705859951,0.00308651223593241
564,3993.13203637459,0.00377896377896778
565,3673.6331453114,0.00348128745821183
566,2941.83318036561,0.00279947125418843
567,2428.99006937099,0.00232165660544927
568,2396.63086414659,0.00229150761456628
569,2172.79996594452,0.00208296492439741
570,1989.75613815812,0.00191242344611176
571,2506.368708163,0.00239375009041899
572,2123.02906418734,0.00203659349923696
573,1938.74819609488,0.00186489947358031
574,1801.19448338931,0.00173674102217455
575,1812.73573196393,0.00174749397471593
576,2298.53966431887,0.00220011628808597
577,1790.5119570379,0.00172678813898899
578,2019.30864546776,0.00193995744354059
579,1067.34172033294,0.00105301223126617
580,2534.2147913611,0.00241969421675474
581,760.581225819055,7.67204242836854E-4
582,1421.08427890793,0.00138259329172303
583,884.05479386792,8.82244258547348E-4
584,1057.55392478005,0.00104389296653633
585,1066.4877388955,0.00105221657888864
586,1356.78892366654,0.00132268946943976
587,1083.51391723322,0.00106807982682431
588,2012.55007425546,0.00193366049958141
589,866.58730990163,8.65969847257075E-4
590,700.951041472168,7.11646948652476E-4
591,1118.25990483979,0.00110045257690597
592,1958.29853608814,0.00188311447664137
593,716.812935216881,7.26425435533715E-4
594,1206.36557329665,0.0011825404086875
595,608.57918561104,6.25584320695809E-4
596,673.481156937788,6.860533256744E-4
597,866.550340098442,8.65935402583556E-4
598,686.020017002697,6.97735750355671E-4
599,565.426029720076,5.85378632870466E-4
600,571.505471583198,5.91042833707101E-4
