400,509.380644243219,0.00133499311877376
401,738.797743014097,0.00194818723365354
402,409.048801334428,0.00106682262958037
403,142.48807829991,3.54349725430765E-4
404,43.1017717661526,8.87064992168274E-5
405,440.32528718575,0.00115041952432319
406,9.9136063897846,0
407,340.714499520606,8.84176297022125E-4
408,437.099496511974,0.00114179751721216
409,141.474268109821,3.51639977789903E-4
410,206.522961628942,5.25504420589694E-4
411,238.430130857542,6.10787028112296E-4
412,237.210331150096,6.07526704422627E-4
413,42.0755714558316,8.59636348255157E-5
414,267.580827097483,6.88702037389055E-4
415,457.401902623337,0.00119606250448681
416,73.767779925434,1.70671687648169E-4
417,233.405375610417,5.97356685026469E-4
418,264.964456558601,6.81708909913454E-4
419,359.630906976598,9.34736738195986E-4
420,232.139156974736,5.93972291187862E-4
421,422.773182949473,0.00110350564092433
422,389.191262068465,0.00101374669810395
423,641.759250849597,0.00168881932851101
424,704.260563560609,0.0018558750420214
425,1740.31456205884,0.0046250767187075
426,2710.02938360469,0.00721696470294825
427,3052.45393018629,0.00813220911096822
428,1821.75905308663,0.00484276442749289
429,662.831589397699,0.00174514221836394
430,414.606363151465,0.0010816770768624
431,692.405413657031,0.00182418817913786
432,537.584527137539,0.00141037745193903
433,474.830989857201,0.00124264758370187
434,257.296435388672,6.61213552421073E-4
435,443.232504932291,0.00115819003847581
436,441.730947125902,0.00115417662179954
437,627.28958277233,0.0016501442892189
438,348.609692312997,9.05278846841092E-4
439,163.145387083153,4.09563309086924E-4
440,656.56570349033,0.00172839453746529
441,255.367567935954,6.56058007447631E-4
442,224.322704709434,5.73080201827476E-4
443,560.647799999371,0.00147202178126109
444,868.42908767731,0.00229467046475228
445,712.761064820714,0.00187859548166671
446,1018.53570614221,0.00269588072998674
447,897.61201313686,0.00237267161742418
448,896.067041897772,0.00236854216379347
449,469.097863438451,0.00122732388115889
450,619.748664741375,0.00162998865748027
451,377.407552942171,9.82250784650199E-4
452,716.442837636735,0.00188843625393348
453,868.557158584395,0.00229501277719077
454,873.620225995835,0.00230854552238095
455,812.204936312601,0.00214439256953149
456,907.904773515925,0.00240018247046925
457,876.321938881599,0.00231576675589197
458,1471.23860818795,0.00390588101684715
459,882.342817582699,0.00233185957288643
460,1567.10090345123,0.00416210514141867
461,1263.04414617773,0.00334941151418495
462,1859.42387717335,0.00494343629803653
463,1268.94297520746,0.00336517811251217
464,2405.806878165,0.00640382805816876
465,1717.62471318254,0.00456443049018749
466,2520.0797938121,0.00670926073838469
467,3341.3508922816,0.00890438310284846
468,3994.67140144494,0.0106506012073208
469,3968.36312647175,0.0105802835218796
470,4873.34366692278,0.0129991474359399
471,6309.73295313757,0.0168383793925036
472,8637.4623056147,0.0230600165225128
473,8427.53427849996,0.0224989134858833
474,11397.2543074952,0.0304364859439814
475,12902.7092398318,0.0344603189959697
476,16130.444866108,0.0430875246446518
477,19284.2867659061,0.0515172245344097
478,23136.1710196879,0.0618126766531552
479,25565.4533834506,0.0683057482542751
480,32084.5131408458,0.085730121150633
481,36544.8367259004,0.0976518313782848
482,43401.8887485838,0.115979601924861
483,51908.4568420451,0.138716257216383
484,57676.2909757316,0.154132727764255
485,66456.0582791462,0.177599599541953
486,78869.1257923742,0.210777684294557
487,91389.6230526439,0.244242911064918
488,105120.312830372,0.280942783088631
489,121848.986055479,0.325655771032164
490,133709.838132154,0.357357874885114
491,153477.689268407,0.410194084764464
492,181568.964941335,0.485277437375893
493,192983.049850015,0.515785406181351
494,214788.560016379,0.574067943000106
495,239121.115499751,0.639104855690259
496,262935.714449176,0.702757355884211
497,284606.694494316,0.760680315849058
498,303381.847638501,0.810863207515206
499,326831.576772758,0.873540470795447
500,343624.112945358,0.918424153877971
501,362474.569734298,0.968808319782352
502,372298.318631057,0.995065582391906
503,374144.454698417,1
504,373639.724695881,0.998650939843556
505,372522.899188645,0.995665849228891
506,355621.99328517,0.950492511706661
507,347399.877838625,0.928516151484624
508,329339.344207713,0.880243320063615
509,318749.293484283,0.851937858898443
510,286152.339557416,0.764811570500364
511,256243.205509783,0.684869381895339
512,237971.052548121,0.636030926861679
513,216816.251826042,0.579487629201078
514,192616.318297248,0.514805193149708
515,178993.339438715,0.478393214670602
516,161185.882241472,0.430796814869432
517,143282.582560756,0.382944243897342
518,128070.067297747,0.342283696441324
519,112409.034176363,0.300424334630802
520,103147.116489289,0.275668754298551
521,91279.1045458812,0.243947513301215
522,81452.1513565502,0.217681686145433
523,78669.1156900003,0.210243090237056
524,65587.7490069819,0.175278751887444
525,56245.5098646309,0.150308485535979
526,54305.8577310522,0.145124114887075
527,46637.6906313693,0.1246283673485
528,45248.2048641213,0.120914500772074
529,37051.2211670174,0.0990053135765307
530,34678.0570374369,0.0926622367714496
531,31178.6261642481,0.0833088344820629
532,28215.7485810124,0.0753895507543761
533,25754.290846028,0.0688104796859847
534,22922.8830020658,0.0612425929153653
535,19994.0301627687,0.0534142517235888
536,17839.530630944,0.0476556293693518
537,17793.96871706,0.0475338498786077
538,15747.9392455742,0.0420651501282083
539,14363.514555271,0.0383648109767833
540,14757.1863201501,0.0394170307577479
541,11537.664790105,0.0308117800352459
542,10559.5617675657,0.0281974717714741
543,8413.78778577524,0.0224621713751854
544,8408.89417654305,0.0224490915637948
545,8287.12669454018,0.0221236271422328
546,6984.51856376122,0.0186419701773963
547,5572.95415583339,0.0148690910312802
548,6017.77675760311,0.0160580285735648
549,6360.09856173228,0.0169729983679334
550,4780.57070394505,0.0127511805876854
551,4250.82578290172,0.0113352596745906
552,4767.85814377262,0.0127172020083879
553,3846.14955584602,0.0102536267789095
554,4288.07046281064,0.0114348085689542
555,3852.29315754944,0.010270047614274
556,3606.09906922034,0.00961201136985101
557,2494.65161978592,0.00664129541780253
558,2940.73565543784,0.00783360456506779
559,1960.81968359424,0.00521445058643913
560,1732.09523431315,0.00460310780955065
561,1602.40898506142,0.00425647782753082
562,2051.9767393618,0.00545809838089693
563,1920.73483265982,0.0051073103827642
564,1735.07149795179,0.00461106287199946
565,909.003561400633,0.00240311934949009
566,1865.49922556817,0.00495967470354991
567,1375.03302232155,0.0036487393330411
568,1747.88904271614,0.00464532205781785
569,1603.93019245684,0.00426054376432186
570,1464.29143302163,0.00388731236198293
571,951.749542499855,0.00251737231574778
572,1276.72815308005,0.00338598661057243
573,1497.52311071427,0.0039761351624537
574,1028.59898052664,0.00272277820476961
575,1148.70272364654,0.00304379572635247
576,1207.92707228684,0.00320209265469123
577,891.286900278542,0.00235576563264166
578,1173.50070503327,0.00311007664581621
579,794.010055420588,0.00209576065001156
580,353.310048984744,9.17842125970648E-4
581,1143.08353707836,0.00302877656626162
582,757.600983050498,0.00199844519695603
583,821.518042383988,0.00216928496798313
584,1114.13197571168,0.00295139381169911
585,601.005071991659,0.00157989012154983
586,370.001710731203,9.62456188328375E-4
587,491.703003106667,0.0012877436959192
588,1329.12221455772,0.00352602730642675
589,921.619161202983,0.00243683876968992
590,442.476488824255,0.00115616933195182
591,384.715036744178,0.00100178248514671
592,512.421349164404,0.00134312042215588
593,390.55794019317,0.00101739960360879
594,645.414818334595,0.00169859005824456
595,523.973013835177,0.00137399611900294
596,783.575531567219,0.0020678708865513
597,212.371324640699,5.41136131563737E-4
598,148.649917546214,3.70819306743195E-4
599,802.667936975173,0.00211890174125995
600,151.307603778706,3.77922864262196E-4
