400,759.100196292847,0.00248059683714876
401,281.325900247135,5.43571447053803E-4
402,568.067184154162,0.00170609766898182
403,949.471734488131,0.00325241421218899
404,597.87938177226,0.00182696432965972
405,407.483046035991,0.00105504641872441
406,343.055750372707,7.93840848337271E-4
407,689.785014249469,0.00219957446183824
408,596.359073611543,0.00182080059181855
409,246.51328597992,4.02431753501254E-4
410,404.149691954969,0.00104153210549627
411,307.526443093857,6.4979548871618E-4
412,369.134583745537,8.99571447085081E-4
413,430.108442138982,0.00114677585472625
414,303.134267315517,6.31988427786323E-4
415,333.63222326429,7.55635337022977E-4
416,517.276127522097,0.00150017707614053
417,578.145218924494,0.0017469567302456
418,147.25204308724,0
419,545.454934723159,0.00161442153312117
420,667.499653953428,0.00210922362237676
421,389.956489776376,9.83989049676343E-4
422,390.347961714729,9.85576182116023E-4
423,237.137591424555,3.64420168211242E-4
424,752.424297398181,0.00245353094899257
425,1083.87752835553,0.00379733141985753
426,2200.41162240086,0.00832406068715476
427,2469.68673634411,0.00941577436230585
428,1673.69778374461,0.00618862123962552
429,685.16138623078,0.00218082903132706
430,892.164090241416,0.00302007362193297
431,233.084417497324,3.47987511886915E-4
432,352.572896269061,8.32425915376355E-4
433,650.907984533311,0.00204195653581137
434,920.709431874013,0.0031358041079991
435,559.398260774358,0.00167095152397057
436,917.948045522609,0.00312460870565368
437,737.257988533909,0.0023920426571626
438,944.1689353806,0.00323091523956767
439,1622.96605367242,0.00598294117260101
440,1031.46736622045,0.00358484653819922
441,852.012523760238,0.00285728838135007
442,1113.97900057273,0.00391937087749793
443,1707.7590686905,0.00632671484220209
444,1435.07442612359,0.00522117802175638
445,1582.65512924243,0.0058195098520688
446,2201.67189091089,0.0083291701543707
447,2083.12279418159,0.00784854025812468
448,2470.99097718571,0.0094210621051708
449,2490.40025823442,0.00949975254646498
450,3173.82037330809,0.0122705213508057
451,3089.31053215025,0.0119278957441323
452,3450.28895852024,0.0133913992916071
453,4077.59970454382,0.0159346856353556
454,3106.97548075814,0.0119995141929509
455,4065.35485205266,0.0158850417127552
456,4004.22482145939,0.0156372041410472
457,4711.36454197807,0.018504138600113
458,4867.34703600743,0.0191365335486187
459,5684.98408026786,0.0224514538524584
460,6152.52608710336,0.024346994792337
461,6971.30923083239,0.0276665616914177
462,8009.2800620316,0.0318747743785616
463,9240.38176177646,0.0368659915075105
464,8776.15631935709,0.0349838968110466
465,10072.6112953264,0.0402400736844197
466,11568.0224588328,0.0463028724082467
467,12373.411879331,0.0495681375540083
468,13812.63990434,0.0554031547360793
469,14503.9839808752,0.0582060494096187
470,16163.22401853,0.0649330544155387
471,18213.4566358741,0.0732452484122963
472,18987.4756210401,0.0763833293829367
473,21939.358253508,0.0883510548445082
474,22907.0244436389,0.0922742336235535
475,24499.1870609175,0.0987292887413234
476,28165.0490335154,0.113591678317899
477,33847.9658777251,0.136631750394065
478,34828.7347893757,0.140608051127291
479,37193.949020629,0.150197265232926
480,40638.3094733473,0.164161628123047
481,45978.1301179275,0.185810696004496
482,45898.6781746016,0.185488576474859
483,50404.5252367432,0.20375649133652
484,54545.1227479384,0.220543586363879
485,60125.5654895278,0.243168200889805
486,63205.8916051617,0.25565667074919
487,69417.3566252657,0.280839619168995
488,74143.3905181242,0.300000230613945
489,84117.3359779915,0.340437285840827
490,87767.5137956385,0.355236087638375
491,101795.1871147,0.412108044978624
492,108839.657844742,0.440668222403002
493,120153.409324069,0.486537211283442
494,127042.567698773,0.514467710681657
495,136396.715022651,0.552391937704758
496,149242.466034868,0.604472064391024
497,160411.937957801,0.649756105177102
498,170399.048437934,0.690246534934024
499,183642.128797185,0.743937541568843
500,195104.845823461,0.790410476808638
501,205036.046499881,0.830674233196472
502,211626.596848019,0.857394095409027
503,229427.467938141,0.929563610497538
504,228885.243556756,0.927365287141585
505,238412.444828614,0.965991121375179
506,240243.176208916,0.973413398369648
507,244380.928454951,0.990188957927431
508,246800.857354007,1
509,243656.214125985,0.987250771282836
510,245477.986810854,0.994636727318516
511,245108.65108387,0.993139341028468
512,244384.61342368,0.990203897780932
513,233290.593764808,0.945225760749901
514,222598.026304025,0.90187521881355
515,223471.198771296,0.905415294646502
516,201276.146180677,0.815430586891509
517,195086.296633092,0.790335273406093
518,180880.981659383,0.732743109059652
519,163633.311776997,0.662816420330959
520,153168.016763105,0.62038730197001
521,143271.782885004,0.580265310379308
522,128113.505952292,0.518809582158332
523,118789.283060722,0.481006676825502
524,100275.456317015,0.405946647922341
525,94196.8121658841,0.381302190998759
526,81967.5972568786,0.331721667358774
527,77661.5482956503,0.314263787690644
528,67879.8494598,0.274606151940622
529,59210.1589679869,0.239456896851143
530,55216.1037856578,0.22326392380583
531,52076.4845159301,0.210535063565697
532,44501.6508585144,0.179824652307498
533,39900.8230744814,0.161171660074795
534,36214.2603311141,0.14622534401053
535,33474.6351748968,0.135118167398358
536,30064.3991845281,0.121292154248987
537,28105.5084580907,0.113350284824585
538,26888.0600574146,0.108414421839158
539,24125.2200134067,0.097213125833267
540,20774.8963858809,0.0836300135033154
541,20510.8887301652,0.082559655519361
542,17081.0744742912,0.0686542668202963
543,15459.4370693464,0.0620797129924672
544,16235.5383856555,0.0652262362931535
545,13186.3512507195,0.0528640122296036
546,12817.4522739893,0.0513683966424517
547,10901.8928012683,0.0436022037651719
548,11760.5881825465,0.0470835856010294
549,9745.53138563154,0.0389140038332104
550,9779.20069398635,0.0390505082573495
551,9054.22071684271,0.0361112446036528
552,8360.6997153875,0.0332995240914754
553,6896.15450883859,0.0273618642518685
554,6658.09901586719,0.0263967233098931
555,5702.40294634243,0.0225220746165564
556,6401.96523697638,0.0253582881385607
557,4589.57159029431,0.0180103572441493
558,3992.46243274843,0.0155895162562659
559,3458.79400128271,0.0134258810205555
560,4548.63596556502,0.0178443932207259
561,3966.36592543447,0.0154837140026112
562,3309.67738044565,0.012821322167061
563,2864.03214328188,0.0110145566158256
564,3587.99733891322,0.0139497060725658
565,2615.79280038976,0.0100081276095308
566,2542.63768223254,0.00971153710129549
567,2273.35403852348,0.00861978884418159
568,2433.87084783759,0.00927056712537383
569,2065.66791294451,0.00777777347887944
570,1679.73695537174,0.00621310566432922
571,3149.06215819631,0.0121701448933825
572,1658.26473761202,0.00612605152322857
573,1568.25927937966,0.00576114520807903
574,2151.80322400303,0.00812698917734831
575,1435.91317429272,0.00522457853223372
576,1296.01776940092,0.00465740496623027
577,1516.04086839906,0.00554943773713094
578,2108.77894930521,0.00795255720566239
579,1646.56050894582,0.00607859943489827
580,1603.39237177326,0.0059035842060791
581,1021.72475439491,0.00354534737169298
582,645.27410348908,0.00201911526804587
583,1700.0585327604,0.00629549480015003
584,712.636022455879,0.00229221858993685
585,1614.6630685367,0.00594927863957109
586,836.876384985427,0.00279592240717049
587,1411.78762951764,0.00512676709037512
588,1078.73618839581,0.00377648704601087
589,1258.8614616152,0.00450676330932491
590,1155.93909366623,0.00408948837097877
591,1106.26727334832,0.00388810546293126
592,876.590871820034,0.00295693560940827
593,765.683513623437,0.00250728737476442
594,890.880149982093,0.003014868183084
595,1265.90130879863,0.0045353047416488
596,1394.44116562875,0.00505643986419482
597,481.904974442553,0.00135677291614475
598,611.41116505932,0.00188182581554801
599,1491.63531569153,0.00545049106786671
600,684.459178674522,0.00217798209318734
