400,690.819381357684,0.0023722356491833
401,817.669358870531,0.0028806772353733
402,1007.5042087012,0.00364157553472279
403,529.592053936974,0.00172600236086712
404,593.595633802752,0.00198254226971732
405,654.420770060727,0.0022263423031552
406,782.55877334011,0.00273994656951773
407,304.578423182373,8.2410005407599E-4
408,398.980541097911,0.00120248374411496
409,808.618518871816,0.00284439955101319
410,776.555006457036,0.00271588219980323
411,301.764811291971,8.12822501485695E-4
412,486.834171121773,0.00155461970722428
413,611.237098509316,0.00205325299804371
414,235.454197858933,5.47035513295563E-4
415,389.242294517206,0.00116345078853007
416,664.85356453394,0.00226815915385049
417,418.24492959165,0.00127969949483707
418,479.899765529072,0.00152682514038267
419,660.891139314447,0.00225227691403255
420,662.377019446727,0.00225823263642335
421,842.644806393964,0.00298078412071613
422,872.105481989126,0.00309886875047743
423,1052.088327859,0.00382027813056028
424,990.261575391481,0.00357246340713728
425,2141.3988884013,0.00818646565471301
426,2647.08761064239,0.0102133731961717
427,2705.28948404293,0.0104466586362736
428,2124.94983851834,0.00812053437764233
429,1581.75887765026,0.0059433099179859
430,1632.15791391229,0.00614531993361177
431,1425.74857628451,0.00531798757545458
432,1905.34615320578,0.00724031627841418
433,2252.77207363893,0.00863287297832106
434,1839.94308142795,0.00697816690946339
435,2224.46980092814,0.00851943147275675
436,3293.67620658602,0.0128050372845681
437,4060.15536814688,0.0158772481617527
438,4657.61234503024,0.0182719823112017
439,6726.26718708659,0.0265635892140743
440,8123.81042797039,0.0321652386277851
441,10774.2944718597,0.0427889402465722
442,13401.3853375823,0.0533188770508419
443,16861.4677233829,0.0671876203575273
444,22432.0236535462,0.0895155887862604
445,29487.7886983653,0.117796590024975
446,35936.8494711237,0.143645791995901
447,46510.9306448642,0.186028949721995
448,60762.6809715204,0.243152984618533
449,77244.9051251343,0.309217231194799
450,95842.3453711601,0.383759712030521
451,119849.951606932,0.47998728443119
452,144938.665752869,0.580548166395367
453,171886.071312999,0.688559077357569
454,196136.952804863,0.785761748528562
455,213230.222130882,0.854275193620925
456,236177.753558599,0.946253761587732
457,244042.00616035,0.977775352252799
458,249586.784840019,1
459,248297.767594002,0.994833345767642
460,234497.325364585,0.939518249345671
461,226716.668684097,0.908331728844895
462,204573.407699189,0.81957684721754
463,188779.278946628,0.756270632798795
464,175483.908827589,0.702979972407289
465,159850.649721265,0.640318557614894
466,146405.158581197,0.586426180364236
467,138958.349769062,0.556577792853782
468,125225.519211074,0.501533698336108
469,121768.377798492,0.487676743073202
470,118545.712542367,0.474759617924973
471,110144.158801205,0.441084410452552
472,109362.432736442,0.437951086756898
473,106436.263489039,0.42622238043167
474,103396.885496008,0.414039909467879
475,97331.3774610433,0.389728068135206
476,97678.0002300606,0.39111740563407
477,93226.432723885,0.373274579894172
478,91497.4058885268,0.366344274000775
479,89418.872943156,0.358013073566896
480,86655.4706539736,0.346936771696439
481,82774.5680234617,0.331381291687729
482,82499.0917717233,0.330277124504275
483,80303.71344692,0.321477583033036
484,77256.7565968313,0.309264734404389
485,74841.7428703924,0.299584847708179
486,76316.2074462045,0.305494814129978
487,75880.5691069756,0.303748683365545
488,77764.0674111052,0.311298143634396
489,70684.9318987722,0.282923468610271
490,71917.3027565099,0.287863072116461
491,69478.5954333626,0.278088216464566
492,64961.7691163611,0.259983819584177
493,66561.3033829949,0.26639509182591
494,61809.9605058966,0.247350702884495
495,60674.4486234475,0.242799330673242
496,56220.73947914,0.224947920793951
497,50862.1063938894,0.203469384028747
498,52492.9552206465,0.210006171662221
499,45573.9647999801,0.182273392096212
500,44165.5377880513,0.176628118222156
501,41406.7551462039,0.165570332877005
502,38042.5964156416,0.152086071904323
503,31958.9425769512,0.127701498345677
504,33929.6064149571,0.135600336542487
505,30980.326029589,0.123778995879626
506,27288.6910245418,0.108982140614826
507,26306.7811694142,0.105046437873483
508,24337.3812200197,0.097152665610013
509,22733.5937643929,0.0907243456856525
510,19406.2687501811,0.0773877220522412
511,17466.5499664254,0.0696129181893443
512,17389.364205797,0.0693035413070251
513,15635.004474764,0.0622716958003599
514,13148.1514280966,0.0523038618877293
515,12685.2200082434,0.0504483346734377
516,13438.0298801093,0.0534657561413466
517,11153.0928596811,0.0443072444428079
518,11463.8019169852,0.045552632175914
519,8686.83125045662,0.0344219453742558
520,8946.56621900479,0.0354630181595014
521,8365.83229364029,0.0331353135437338
522,7418.49896491215,0.0293382008460953
523,6541.68056543298,0.025823726925226
524,6554.41433254245,0.0258747665617656
525,5558.8881328005,0.021884486626247
526,5175.24170690872,0.0203467504662482
527,5129.06834797289,0.0201616778606604
528,3861.85909327153,0.0150824346780611
529,4121.29817913328,0.0161223215028094
530,3638.15619233475,0.0141857860540904
531,3498.10575435325,0.0136244342254966
532,3457.14932391586,0.0134602721746665
533,3694.14892203716,0.0144102167781882
534,2863.77589730693,0.0110819057599189
535,2530.10096822602,0.0097444659468409
536,2383.93494743439,0.009158601566606
537,2331.02280251035,0.00894651847899827
538,2379.23804142881,0.00913977537217942
539,1992.10257511963,0.00758805439894779
540,2247.84903960673,0.00861314041485296
541,2385.03513902251,0.00916301136759409
542,1782.50107900851,0.00674792719325127
543,1837.92861305519,0.00697009249341021
544,1146.68647815553,0.0041994475599166
545,1440.48081832131,0.00537703752292947
546,1749.27417530017,0.00661474672324337
547,1629.69772121957,0.00613545896004642
548,1172.03937736483,0.0043010673515889
549,1991.9634890713,0.00758749691259727
550,971.027209165862,0.00349536799202676
551,1023.06932860265,0.00370396383314505
552,1550.31106844044,0.00581726043567342
553,1169.98687893743,0.00429284050301912
554,1442.0749831953,0.00538342727350785
555,783.605289772343,0.00274414122910862
556,1281.95719603514,0.0047416412576396
557,1381.53100649914,0.00514075418716432
558,1664.07027574835,0.00627323144127721
559,1121.65954549988,0.00409913431125546
560,1087.38852220283,0.00396176878871336
561,1325.01592175563,0.00491422975338789
562,867.841726945053,0.00308177871687837
563,1207.15121011861,0.00444180301657996
564,928.711448545825,0.0033257574578167
565,1367.70279727795,0.00508532779475621
566,893.771368905112,0.00318571021569299
567,660.890471468751,0.00225227423716551
568,1352.2784925823,0.00502350391351397
569,1114.62718394727,0.00407094711617211
570,1372.6083346562,0.00510499022792818
571,1683.99478058903,0.00635309307817992
572,1194.45196073102,0.00439090173438307
573,1099.55505864316,0.00401053484454914
574,545.254324890642,0.00178878006129056
575,962.572007093694,0.00346147775067694
576,814.236508144431,0.0028669176423284
577,715.341035718143,0.00247052363538158
578,826.901387856104,0.00291768116358213
579,1155.66714190907,0.0042354439630175
580,945.333779758726,0.00339238328317175
581,1664.48226962957,0.00627488280004431
582,853.993869766498,0.00302627357129422
583,1081.47649258863,0.0039380721214093
584,1146.3098055753,0.00419793777640762
585,706.82939103441,0.00243640716008583
586,769.978655448043,0.00268952279159588
587,1229.32747685994,0.00453069019227213
588,1356.31625113027,0.00503968810527367
589,1019.11649128857,0.00368812002368348
590,2073.20042195024,0.0079131117516381
591,1269.56346170476,0.00469196454452299
592,1399.32228440469,0.0052120653985339
593,1353.53109406526,0.00502852460565243
594,1239.77075296125,0.00457254905555363
595,523.680655557165,0.00170230822368427
596,282.052176077422,7.33810082934376E-4
597,98.9755060189233,0
598,348.714059393877,0.0010010050352425
599,980.107799426383,0.00353176492173953
600,861.974590656916,0.00305826199153696
