400,457.147542523816,0.00115429352916824
401,425.833636857865,0.00104129746979795
402,424.489256875443,0.00103644628189662
403,680.044169801215,0.00195861480413014
404,137.265248533879,0
405,645.303518869483,0.00183325335298695
406,455.048705056271,0.00114671988550905
407,390.368454183802,9.1332154977804E-4
408,294.494449048017,5.67360720363828E-4
409,388.693935335739,9.07279057564167E-4
410,609.563396524158,0.00170428531464912
411,670.15203044281,0.00192291907271402
412,509.173204502847,0.00134202784926467
413,446.880604610412,0.00111724533919187
414,567.418485492198,0.00155220563094804
415,256.541623228385,4.30408153496752E-4
416,379.141576172288,8.72809421145311E-4
417,778.948107724166,0.0023155091296326
418,717.302834913228,0.00209306249583513
419,1112.52618722464,0.00351922382680142
420,1175.03393768531,0.003744782706537
421,1417.1664486154,0.00461851656370587
422,1626.4598672656,0.00537375073385044
423,2324.18008573411,0.00789147037160377
424,2441.44949407716,0.00831463639786726
425,4349.84936708505,0.0152010870263218
426,6055.04133502397,0.0213542630275026
427,5695.78174935047,0.0200578767540954
428,5338.210306255,0.0187675821340579
429,5598.24255616929,0.0197059071026183
430,5937.21699552249,0.0209290945351529
431,5467.38696202269,0.0192337153983046
432,6330.3919975859,0.0223478644053189
433,5828.84105197938,0.0205380205285583
434,6502.72691859418,0.0229697340364521
435,7286.84824221846,0.0257992315952348
436,7252.6575653569,0.0256758547225517
437,9742.72339662265,0.034661243817965
438,9899.15807769452,0.0352257375192151
439,13306.7354680251,0.0475219621171364
440,17487.0609842474,0.0626066441512852
441,20667.447211893,0.0740830506664345
442,26310.421306328,0.0944456921906798
443,34046.4710172314,0.12236118576564
444,43760.6112319989,0.15741460823388
445,56560.6995751681,0.203603657846507
446,72908.6401025166,0.262595112892591
447,89422.7407908746,0.322186155981721
448,108160.78600164,0.389802290861412
449,134706.45980649,0.485592211329198
450,161487.44594254,0.582231255072455
451,186968.093550734,0.674178034265176
452,215671.084337222,0.777752621402722
453,239247.999244292,0.862829791431511
454,254847.250723444,0.919119606093213
455,270107.796258911,0.974187202187546
456,275929.579018717,0.995195073814473
457,277261.138775261,1
458,270170.383517538,0.974413047972071
459,263577.161870768,0.950621443290512
460,240177.347599517,0.866183339948994
461,225209.89919492,0.812173383267462
462,206741.834725579,0.745531472434185
463,185457.450279857,0.668726886185973
464,170407.923261132,0.614420749268926
465,159979.412148277,0.576789523275508
466,150880.24362068,0.543955222817019
467,133432.800248654,0.480996217697804
468,124734.522330486,0.449608528836962
469,115007.871330847,0.414509961269123
470,108292.329451714,0.390276964690121
471,98660.0649700481,0.355518990362309
472,94043.1754588333,0.338858969511491
473,87029.9923409476,0.31355193613095
474,81592.893919461,0.293932195859955
475,77532.6119423335,0.279280690287895
476,73210.2881687704,0.263683608309513
477,68975.217980628,0.24840138042259
478,63766.5064604726,0.229605773050809
479,60575.2990128702,0.218090318221925
480,61444.2647678075,0.221225976452588
481,59038.8315195441,0.212545983575571
482,56909.3636501828,0.204861810276961
483,55460.2870889466,0.199632825336779
484,54108.7116676437,0.194755672733135
485,50844.5623239507,0.182977007466397
486,53930.3229151987,0.194111957883978
487,51413.8852451796,0.185031406150941
488,51556.4858177488,0.185545979546421
489,53045.5845672117,0.190919384336533
490,54202.7757491265,0.195095102462828
491,54077.9728135603,0.194644751744292
492,59207.0473799669,0.213152989598841
493,60911.2828373853,0.219302714036978
494,63468.5461607775,0.228530584919584
495,66911.0787970932,0.240952945333739
496,71069.4721434213,0.255958485251349
497,74673.6355043779,0.268964089261893
498,78539.9850765475,0.282915790798703
499,79261.3179858315,0.285518716703657
500,86152.2258244065,0.310384520399601
501,93271.0552152106,0.336072777785038
502,97930.1669643727,0.352885157353314
503,102740.679575978,0.37024386611552
504,104767.981928219,0.37755937569772
505,114894.955928163,0.414102506648752
506,119629.482919507,0.431187021710883
507,120101.863630031,0.432891604951992
508,116192.860996781,0.418785990074776
509,120015.848300632,0.432581219100694
510,117976.825783244,0.425223417365899
511,115207.28396043,0.415229540665317
512,108594.163598804,0.391366131578736
513,103780.214314323,0.373995021601031
514,93143.5995541269,0.335612854720809
515,87529.3739067822,0.315353951812528
516,79565.517909583,0.28661642048457
517,73113.1450423331,0.263333067862741
518,63382.2598523073,0.228219221241774
519,57663.9636945123,0.207584780458947
520,54216.5022755951,0.19514463455941
521,46941.4858328856,0.168892777041231
522,44354.2549335616,0.159556768322825
523,39764.7593094785,0.14299559816568
524,36084.2650014023,0.12971455434496
525,32316.6186831576,0.11611902296653
526,29918.6503948691,0.10746596735724
527,25702.4481488375,0.0922518243374582
528,24046.2969027231,0.0862756115159577
529,20595.5526881951,0.0738236196662001
530,19367.0842844787,0.069390698070227
531,17902.9270985403,0.0641072947773047
532,16318.5580889045,0.0583901077682147
533,15812.2007614413,0.0565629200884985
534,12385.8857410232,0.0441990808536676
535,12224.0740673741,0.0436151843037604
536,11048.1460622911,0.0393718544523194
537,11839.5599060933,0.0422276670307539
538,9442.74825435861,0.0335787851382183
539,7771.38344766587,0.027547674265587
540,8441.39908059116,0.0299654220561276
541,6469.83352153424,0.0228510383909224
542,5589.94245041854,0.0196759562158718
543,5738.74230114996,0.0202128996730982
544,6145.55546179856,0.0216808827648161
545,5653.40156863721,0.0199049481010208
546,4798.64371816925,0.0168205590168536
547,4701.79857981638,0.0164710938584737
548,3410.26869199407,0.0118106152378984
549,4502.63297232787,0.0157524058401738
550,4665.48716936718,0.0163400643301003
551,3603.6234083408,0.0125083346869162
552,4162.09006386909,0.014523558595348
553,3001.79280146402,0.010336632194389
554,3951.03884834765,0.013761981424693
555,3128.24625018907,0.0107929387807389
556,3156.5029187959,0.0108949028167031
557,3673.96649285074,0.0127621673272251
558,2961.87718424142,0.0101925969053515
559,2986.09830316106,0.0102799986820783
560,2959.68202447548,0.0101846756831991
561,2284.39458313225,0.00774790460047209
562,2487.67374656301,0.00848143636315926
563,2841.01419153545,0.00975646344933474
564,2576.20341862395,0.00880089520636282
565,2305.70014852167,0.00782478561804116
566,2909.79951927949,0.0100046749327723
567,2734.49504292663,0.00937208967722612
568,1878.5263311804,0.00628333120668
569,2332.00851077011,0.00791971920104012
570,2059.13305010005,0.00693504957587432
571,1874.08362983234,0.00626729974287457
572,2437.46764300375,0.00830026790978739
573,1600.29529217796,0.00527933600604417
574,2328.17315543353,0.00790587934203495
575,2604.74987802744,0.00890390495085076
576,2834.5899536786,0.00973328162174589
577,2699.38018178158,0.00924537789055044
578,1450.21273238263,0.00473776390009259
579,2366.39497544243,0.0080438025729803
580,2928.57152985547,0.0100724136314888
581,1591.7055396349,0.00524833993041292
582,2481.51470257223,0.00845921148620297
583,2114.43603665494,0.00713461010399155
584,2412.14201115895,0.00820888050413914
585,1926.98754512116,0.00645820323529318
586,2106.35767053522,0.0071054593635053
587,3272.64643612102,0.0113140060713129
588,2547.37577723769,0.00869687081820966
589,3315.21039853955,0.0114675978996778
590,2290.64773653065,0.0077704690707172
591,2313.51045702917,0.00785296907408233
592,2745.79820677901,0.00941287708290333
593,2885.83209756272,0.0099181886210311
594,1830.6418156224,0.00611054019106442
595,2022.92677617647,0.0068043994320855
596,2412.33238214078,0.0082095674567983
597,1996.23589742609,0.00670808554035648
598,1889.01276523911,0.00632117144731051
599,2537.98326609718,0.00866297799251774
600,1410.20245879062,0.00459338704405768
