400,491.960912622791,6.52837688199017E-4
401,619.509010667127,7.54209689980146E-4
402,620.75647882196,7.55201146112794E-4
403,41.7799347895293,2.9504523510512E-4
404,361.897177673635,5.4946632184322E-4
405,554.559396390712,7.02589379563414E-4
406,456.993292130982,6.25046307997132E-4
407,201.306748117171,4.21833110837821E-4
408,200.194408131409,4.20949051155656E-4
409,327.883301561783,5.2243295354795E-4
410,-85.8414480467282,1.93614988425235E-4
411,-22.0861251223622,2.44286106286974E-4
412,544.930331261134,6.94936442181887E-4
413,322.805402178483,5.18397167572143E-4
414,165.500050475795,3.93374853343333E-4
415,133.392174154586,3.67856325466183E-4
416,443.754714011796,6.1452462100019E-4
417,319.700041387656,5.15929105370938E-4
418,287.012838656248,4.89950143518001E-4
419,720.065748471061,8.34129641434237E-4
420,593.396519654407,7.33456142682789E-4
421,470.325843628832,6.35642682658221E-4
422,315.719778090703,5.1276569279E-4
423,1019.35411489719,0.00107199646406514
424,1141.6661771293,0.00116920699703708
425,1836.50386473248,0.00172144641405152
426,2899.25265822677,0.00256609227109556
427,3351.22125927515,0.00292530548189989
428,3645.48670083343,0.00315918021090919
429,2120.43719879824,0.00194710944539387
430,2845.21187335142,0.00252314202232954
431,2750.20400143459,0.00244763216911459
432,3194.88575511803,0.00280105397796637
433,4491.63472252634,0.00383167725380776
434,5807.07986762636,0.00487715977872713
435,7677.00481678537,0.0063633288254097
436,9351.63282315112,0.00769428080232611
437,12499.4773903352,0.0101961080342805
438,16091.1495414851,0.0130506782026026
439,20234.9182712299,0.0163440407653769
440,28320.9351069431,0.0227706023969524
441,34565.6884560087,0.0277337743872094
442,47867.2897768721,0.038305550630566
443,59948.4190783042,0.0479073265867791
444,76871.6289069367,0.0613574656574083
445,105064.404813488,0.0837643707640645
446,137323.055612799,0.109402730382315
447,184193.380703807,0.146654079100633
448,243589.460254471,0.193860580603376
449,313437.201491841,0.249373798422283
450,414346.287026352,0.329573786939406
451,522549.914602831,0.415571292943726
452,659613.410407799,0.524505892156952
453,809321.979640209,0.643490475851825
454,946561.006236475,0.752564582497626
455,1083147.5607289,0.861120120820678
456,1180460.54886231,0.938462022092762
457,1239333.04721867,0.985252394507147
458,1257888.75291918,1
459,1245457.96186883,0.99012032173103
460,1181647.14732058,0.939405100530382
461,1100488.23714397,0.874902051773684
462,1007929.46481413,0.801338680956368
463,904124.48321332,0.718837107502329
464,830646.912621897,0.660438993135483
465,746485.503415621,0.59354963410329
466,664222.834093095,0.52816934549887
467,588798.571253108,0.468224049377733
468,529243.309556294,0.420891033932011
469,478186.948677707,0.380312729862569
470,425561.007179986,0.338486962822231
471,380141.976086303,0.302389065860055
472,349697.947191076,0.278192921827245
473,319768.86230705,0.25440604226816
474,290931.72739581,0.231487016924726
475,268265.018185642,0.213472089837167
476,247041.605076415,0.196604257980024
477,230134.372405878,0.183166817150481
478,213096.862416493,0.169625835203501
479,197991.22436316,0.157620256201333
480,186169.929510948,0.148224990092409
481,176106.770641408,0.140227045987494
482,162591.496929089,0.129485448332612
483,152772.931155678,0.121681900633106
484,147176.471641062,0.117233976182782
485,135362.840275227,0.10784480081897
486,129779.253696593,0.103407107452522
487,124015.538233629,0.0988262522054732
488,111120.922433472,0.0885779377585879
489,105876.434631146,0.0844097515214732
490,102411.175483521,0.0816556512105222
491,90264.079244738,0.0720014464012478
492,88030.0894882484,0.0702259278553329
493,84577.5767479325,0.0674819580664693
494,74764.8823285162,0.0596830767705916
495,70287.7772182691,0.0561247868849008
496,66254.3174948365,0.0529190951298908
497,59282.4408172532,0.0473780239119404
498,56995.6732098007,0.0455605588651851
499,49688.8368066818,0.0397532701307508
500,49256.0314820697,0.0394092874072907
501,42618.9137848798,0.0341342741586633
502,40756.1594095356,0.0326538041026569
503,36160.1976539894,0.0290010499619618
504,31976.2080285726,0.025675720848763
505,30784.8498609701,0.024728859514569
506,29199.8924655527,0.0234691754708648
507,25210.7685803905,0.0202987207185623
508,21963.4700638748,0.0177178500035348
509,21088.9892458542,0.0170228347708409
510,20694.275150326,0.0167091259926747
511,19112.8008723372,0.0154522102425913
512,16087.5316055847,0.0130478027586708
513,15577.8279339843,0.0126427031742978
514,14349.4667036081,0.0116664327418663
515,13337.486465294,0.0108621364482032
516,12945.8233020107,0.0105508524738066
517,11863.8793854356,0.00969095081851104
518,11451.2583175991,0.00936301003174116
519,10320.1912881527,0.00846406656898758
520,10157.6347244124,0.00833487072426951
521,9094.68407804101,0.00749006443966497
522,8174.42972570643,0.00675866955981716
523,8482.54954335108,0.00700355539647008
524,7277.3375820967,0.0060456834175367
525,6501.82346176787,0.00542932441263849
526,6658.44058022884,0.00555379973649681
527,5883.22368460754,0.00493767695827736
528,4910.02200665828,0.00416420088342301
529,5304.16555424049,0.00447745620451479
530,5026.52935656625,0.00425679797787972
531,4588.90912944927,0.00390898849170973
532,4853.52814799843,0.00411930099366771
533,4458.73523324873,0.00380552957197805
534,4117.946712289,0.00353467947634032
535,3682.1123176316,0.00318828932463355
536,3183.72619105232,0.00279218463874695
537,3081.82099403529,0.00271119296602185
538,3183.62689049098,0.00279210571717278
539,3443.85062427579,0.0029989249579862
540,3022.20124015149,0.00266380869381735
541,3198.15057713136,0.00280364877591337
542,2236.21632006624,0.00203912776214931
543,2291.04920511838,0.00208270755209833
544,2802.85301623335,0.00248947627423092
545,3156.13813274062,0.00277025834788733
546,2249.09401846814,0.00204936263107601
547,2094.67013979521,0.00192663043871953
548,1761.35919408242,0.00166172333073018
549,1519.33241840011,0.00146936657189384
550,2091.09064571016,0.00192378554737007
551,2276.34305679354,0.00207101947742661
552,1284.11628445133,0.00128242273882063
553,1516.35036428756,0.00146699651072128
554,1527.28362970548,0.00147568599350003
555,1443.53440939312,0.00140912423177371
556,1233.50666069987,0.00124219949011886
557,1465.69249072946,0.00142673491429375
558,1201.48788980746,0.00121675178098245
559,1624.95959695732,0.00155331638139328
560,1400.73440254443,0.00137510786902881
561,1881.3056899691,0.00175705377141177
562,1373.3207704257,0.00135332020769496
563,1340.41892893973,0.00132717065638955
564,538.848395034518,6.9010267312182E-4
565,493.558491979568,6.54107403858316E-4
566,1129.63979624026,0.00115964873373408
567,2309.10518654644,0.00209705798938081
568,902.477513509957,9.79105897873547E-4
569,906.940396227177,9.82652884161039E-4
570,565.619743372334,7.11379863554255E-4
571,519.985297117064,6.7511076007094E-4
572,777.711202991029,8.79944790447599E-4
573,1246.64587976939,0.00125264220905658
574,532.379462303778,6.84961329030004E-4
575,849.83641591047,9.37268085146925E-4
576,644.212091875336,7.7384307401828E-4
577,1235.91992467148,0.00124411749127591
578,389.593617705937,5.71478751752677E-4
579,659.714305030446,7.86163840879303E-4
580,776.428507977995,8.78925336899176E-4
581,1052.61286796675,0.00109842967966851
582,402.016053603348,5.81351789557447E-4
583,627.863404069179,7.6084955051761E-4
584,408.326861552428,5.86367460072833E-4
585,468.898212225814,6.34508037333449E-4
586,641.843835012855,7.71960843373036E-4
587,1163.77089113081,0.00118677526454941
588,-329.451351102938,0
589,656.630900072719,7.83713228618837E-4
590,1131.08254649652,0.00116079539514095
591,727.964706696886,8.40407533614637E-4
592,615.390109853104,7.50936091807712E-4
593,917.87602503255,9.91344245300354E-4
594,807.499632195333,9.03619880430565E-4
595,323.650363697281,5.19068721612555E-4
596,80.0314613951779,3.25446580814335E-4
597,516.222719392066,6.72120358475868E-4
598,331.715310639301,5.25478537425622E-4
599,651.562987133953,7.79685379616521E-4
600,82.5822407576004,3.27473875725318E-4
