400,319.010228634378,0.00106771033204535
401,547.766272982317,0.00160281021766644
402,417.106481137281,0.00129717440432281
403,58.4350666889816,4.58180036353579E-4
404,220.992343708934,8.38429575062812E-4
405,317.687924451282,0.001064617234247
406,512.336933797277,0.00151993487594777
407,187.352151468777,7.59739356969163E-4
408,219.569730302898,8.35101836672236E-4
409,251.655644080418,9.10156329074127E-4
410,186.393693462724,7.5749735820199E-4
411,89.9136853653672,5.31813960656028E-4
412,249.06512599059,9.04096659973283E-4
413,437.779767023968,0.00134553278954017
414,-6.32725215238997,3.06689790474588E-4
415,119.544052976849,6.01124506591587E-4
416,182.532300085501,7.48464892369755E-4
417,213.034870412922,8.19815671055744E-4
418,557.5150777442,0.0016256143552703
419,-37.6001908369759,2.33536987186451E-4
420,149.596357904179,6.71422036762224E-4
421,305.587862876407,0.00103631310098058
422,304.519460429934,0.00103381392318384
423,241.873082803593,8.87273229153285E-4
424,581.773887104625,0.0016823598989829
425,1199.37501359854,0.00312703557121865
426,1908.82244801426,0.0047865556162174
427,2511.64229062361,0.00619665531325429
428,1592.80951200055,0.00404734679488229
429,208.248904362411,8.08620470100443E-4
430,116.146196508819,5.93176333626005E-4
431,421.004223041454,0.00130629189563565
432,390.288566062686,0.00123444267047981
433,696.439981315562,0.00195058369202753
434,358.046025628298,0.00115902180128375
435,451.086299591119,0.00137665906677141
436,237.087656032658,8.76079289666027E-4
437,418.330661815005,0.00130003797429971
438,327.639496021577,0.00108789567842623
439,357.051041623043,0.00115669436189772
440,54.4925724539852,4.48957861611828E-4
441,415.845062233237,0.00129422372770485
442,386.058501441647,0.0012245478189521
443,596.65784464892,0.00171717604559989
444,444.651061943452,0.00136160593478084
445,714.428251589505,0.00199266136212165
446,714.051468261035,0.00199178000085951
447,714.883896107293,0.00199372719332208
448,713.786978147948,0.00199116131281713
449,805.728490721059,0.00220622838569793
450,1105.80255672339,0.00290815343801032
451,1166.5427265906,0.00305023518295917
452,2168.3169989889,0.00539355817626617
453,2469.90195307916,0.00609901745669193
454,2750.58181652342,0.00675557612054399
455,3625.84478550343,0.00880296733123134
456,4183.13769606014,0.0101065716733433
457,5263.10628944348,0.0126328046847641
458,6595.64376814627,0.0157498399284543
459,7885.6957648326,0.0187674942940026
460,11474.7965078832,0.0271630206398237
461,16058.3447023086,0.037884731279501
462,18683.8303087224,0.0440261954392633
463,24317.7008298614,0.0572047913537833
464,31986.3583125674,0.0751431053054875
465,42584.9344738769,0.0999350049373812
466,55402.3076957204,0.129917053999828
467,68962.9884476558,0.161637827717474
468,84840.994034392,0.198779224341865
469,108317.38760998,0.253694562438836
470,133177.713605546,0.311847157421187
471,150485.515928611,0.35233309548601
472,175172.369127607,0.410079907644709
473,192164.655526822,0.449827799485465
474,218245.758998057,0.510836003767501
475,242141.421429152,0.566732084110063
476,254540.632272286,0.595735979167198
477,285885.836417259,0.669057823844809
478,302171.413799967,0.707152601272881
479,328460.262737287,0.768646758070215
480,346285.694854221,0.810343521598831
481,373612.748090068,0.874266217510735
482,385879.784258313,0.90296093318152
483,408990.44064096,0.957020748834623
484,414818.400372066,0.970653352923441
485,417551.392101503,0.977046292467371
486,427364.138243635,1
487,425420.883483301,0.995454391585798
488,424023.158034596,0.99218487042467
489,416730.543810985,0.975126186585052
490,403754.190240943,0.944772255038015
491,392162.349117292,0.917656937158288
492,383473.226821046,0.897331579810365
493,359868.66683854,0.842116438357911
494,342066.562531876,0.800474242605384
495,328462.058304248,0.768650958211365
496,302479.948311629,0.707874316768403
497,284803.85965805,0.666526893386785
498,264819.291381889,0.61977953757705
499,249728.357123207,0.584479236687716
500,227155.845162508,0.531678233755619
501,203833.420377471,0.477123055244583
502,191642.416446282,0.448606192104288
503,177600.045390443,0.415758661595327
504,162406.505356384,0.380218348081082
505,146968.060483757,0.344105159863221
506,129274.206740251,0.302716180868877
507,119390.326517866,0.279596078440255
508,109848.822132128,0.257276852209468
509,100213.059737877,0.234737140221822
510,83943.2525930908,0.1966792521032
511,78935.687768248,0.184965693352648
512,75224.3958660008,0.176284340787474
513,63497.3508567937,0.148852757674612
514,58104.3651478838,0.136237632927986
515,49458.5689969131,0.116013622914721
516,47074.7258722013,0.110437402242572
517,43009.9231306108,0.100929126785644
518,36451.3912738737,0.0855875883516069
519,35333.043104194,0.0829715788844648
520,30765.4587359245,0.0722872103905414
521,27729.7164542004,0.0651860850307457
522,26945.3166450786,0.0633512384397467
523,24741.2595390843,0.058195568307918
524,20818.8438834218,0.0490203608300735
525,21226.451404917,0.0499738252019202
526,18761.9185171878,0.0442088572418717
527,16024.0198145779,0.0378044394404328
528,15756.0001572044,0.0371774951845398
529,15088.9663295255,0.0356171878889936
530,11822.3896329599,0.027976100976133
531,12192.9281125569,0.0288428544584979
532,10040.5246412382,0.0238080110968892
533,9576.80524535858,0.0227232913623669
534,9024.59592202427,0.0214315784085196
535,9796.37943329012,0.0232369133004557
536,7384.61367057807,0.0175953767567953
537,6131.68425691494,0.0146645585226651
538,7885.49475686005,0.018767024101648
539,5719.28329813621,0.0136998814733589
540,5314.7972163368,0.0127537186879202
541,4672.20354847109,0.0112505811461083
542,5837.09972038443,0.0139754744276304
543,5113.44651429689,0.0122827246298686
544,3491.0136746386,0.00848757408246457
545,3096.18612413722,0.0075640042694108
546,4138.42109019145,0.0100019718112767
547,3438.82973698901,0.00836550684202442
548,3191.29082611135,0.00778647058846894
549,2651.0655356978,0.00652279035683219
550,2533.85053372747,0.00624860422843419
551,2769.85310993365,0.00680065500328555
552,2480.21542291576,0.00612314244340277
553,1155.05582359863,0.00302336533348845
554,2468.86503516304,0.00609659192664792
555,1491.05520858542,0.00380932590990811
556,1727.06676381125,0.00436139768823677
557,1556.05245233317,0.00396136568570617
558,1608.54751392396,0.0040841606987646
559,1205.01826671964,0.00314023611465452
560,1115.77128297111,0.00293147200994203
561,1831.49791782008,0.00460568018894486
562,1037.66456628908,0.00274876691341912
563,1813.9236389019,0.00456457091611319
564,1732.59500120822,0.00437432919003484
565,817.069846584995,0.00223275777530544
566,1218.93518299871,0.00317279018477913
567,783.435742492469,0.00215408179844031
568,936.461425036721,0.00251203529190941
569,997.9866048706,0.00265595331071311
570,902.44863351107,0.00243247349975258
571,757.446763200684,0.00209328908852052
572,1483.11245495327,0.00379074643773636
573,509.530160866508,0.00151336934943458
574,199.605081985847,7.88401077086313E-4
575,780.613024757329,0.0021474789742766
576,575.931227032768,0.00166869290825885
577,1008.34356934821,0.00268018003889924
578,422.077379430839,0.0013088021937257
579,98.0051534485043,5.50741301606232E-4
580,922.946251684182,0.00248042096785643
581,876.198295976795,0.00237106942777649
582,824.812613215334,0.00225086944334943
583,721.431875938322,0.00200904404874603
584,386.253364149213,0.00122500363647084
585,675.114384561532,0.00190069943906097
586,623.015041512842,0.00177883007999877
587,279.114356080765,9.74386997568901E-4
588,456.94996265477,0.00139037518711972
589,342.19222533841,0.00112193702502806
590,-71.5262932894582,1.54177975739826E-4
591,707.800910766253,0.00197715886763412
592,169.143814963255,7.17146913961906E-4
593,659.362952385922,0.00186385411949985
594,-12.27754396161,2.9277103053274E-4
595,359.711203499637,0.00116291693984077
596,-137.437620881835,0
597,680.333331968193,0.00191290745816851
598,495.329909000684,0.00148015250845076
599,306.862537867206,0.0010392947858743
600,309.554603374852,0.00104559199191899
