400,-83.8544040233487,8.24900075553856E-4
401,238.51429673606,0.0015340665962251
402,237.564372183479,0.00153197689369422
403,109.460576126715,0.00125016627398968
404,77.0211915704687,0.00117880411809714
405,-51.361709851988,8.96379505220746E-4
406,-19.200806100427,9.67129041889192E-4
407,12.7847032970894,0.00103749273525613
408,108.556637870499,0.00124817773494557
409,171.977252091625,0.00138769430780167
410,12.7485650487604,0.00103741323611192
411,171.102750253867,0.00138577052480369
412,-50.3848976651434,8.98528356825328E-4
413,-50.2348122785403,8.9885852390163E-4
414,262.54930756254,0.0015869402932123
415,167.891000554232,0.00137870512002217
416,384.914660443204,0.001856127132222
417,600.910612050455,0.00233128832845336
418,105.270514728913,0.00124094871888623
419,104.874316296038,0.00124007713717413
420,475.535124351606,0.00205547960949459
421,320.126300740127,0.00171360170862352
422,503.315153893438,0.0021165918292849
423,748.50611165674,0.00265597799800239
424,961.208589514257,0.00312389400785393
425,1813.8626788912,0.00499961498347939
426,3119.43397257037,0.00787169111756322
427,3450.45277634276,0.00859988666755001
428,2718.07359082563,0.00698875383244006
429,1460.63555233893,0.00422256419736502
430,1858.60909293397,0.00509805090075198
431,1340.5746652234,0.00395844686406358
432,2002.88429488204,0.0054154363750354
433,1727.64306758195,0.00480994377277634
434,2328.69249790799,0.00613216932461076
435,2298.71202661406,0.00606621643754226
436,2590.07214019511,0.006707168358507
437,3016.87580767946,0.00764607735049844
438,3455.70011604719,0.00861143008858378
439,4136.31426101709,0.0101086869996018
440,5242.78229166784,0.0125427635141086
441,8810.25406297593,0.0203907076156658
442,11861.1075997385,0.0271021631094737
443,13826.1525516127,0.0314249900098535
444,17626.3671783275,0.0397849361779605
445,23608.9566921786,0.0529458050220746
446,29990.6930142234,0.0669847415958938
447,40220.1830043664,0.0894882036486977
448,53439.0178020191,0.118567810504748
449,71215.9789602899,0.157674664436351
450,92320.6447159545,0.204102007874522
451,122287.599870876,0.270025161308042
452,159881.356434793,0.352726222169692
453,206796.726177109,0.455933541763021
454,256634.701144491,0.565570188316052
455,309953.797336376,0.682864819719969
456,363752.392931007,0.801214283439518
457,414787.992803696,0.913485539013724
458,435825.704400457,0.959765592569839
459,454115.22212446,1
460,442967.00222621,0.975475459316319
461,425119.336475165,0.936213065067262
462,391860.28147758,0.863047747659312
463,362098.025526111,0.797574904139733
464,325558.283313162,0.71719252895772
465,284623.760627865,0.627142245044657
466,251128.983266361,0.553458371063839
467,224348.175868321,0.494544301681501
468,195583.297244327,0.431265550229347
469,174825.856235415,0.385602053172555
470,152976.961896383,0.337537509864151
471,132434.879578484,0.29234777211849
472,120261.281976771,0.265567542415913
473,109912.447993664,0.242801540097711
474,98199.230080793,0.217034081986651
475,89465.7478203081,0.197821629867627
476,78906.4009551547,0.174592528347283
477,69035.8899328388,0.152878770335251
478,63942.5968058887,0.141674230449434
479,59641.5836492986,0.132212596834151
480,57498.1032752363,0.127497236703283
481,49351.6585708977,0.109576185952366
482,44769.8412554166,0.0994968220553228
483,40982.2974612823,0.0911647499650464
484,40245.0509746015,0.0895429097410889
485,35518.1594291186,0.0791444026186427
486,33512.6328948578,0.0747325218403129
487,30044.8746763159,0.0671039337528862
488,29738.8510288648,0.0664307240870755
489,26609.8473532976,0.0595473491051304
490,25189.7373384432,0.0564233036384572
491,23627.8768757662,0.0529874268071104
492,21326.9651745561,0.0479257395475379
493,20403.8808314532,0.0458950817623922
494,18171.5284818304,0.0409842155865975
495,17260.7426751952,0.0389806128793659
496,16031.2121333478,0.036275815874052
497,17334.2032896918,0.039142216063131
498,15379.9962335969,0.0348432310333271
499,13280.1819889641,0.0302239303431105
500,12511.7900141712,0.0285335743563416
501,12859.3402324569,0.0292981367300446
502,12157.7286847525,0.0277546884393882
503,10442.1360874747,0.0239806221909131
504,8957.84509095869,0.020715387448262
505,9457.57503116183,0.0218147241460688
506,9568.91817536166,0.0220596636516311
507,8285.1681918053,0.0192355913793981
508,7487.35565808084,0.0174805142352571
509,7301.67039722241,0.0170720323631873
510,7137.31616906817,0.0167104758105096
511,5939.27619812478,0.0140749537023845
512,6221.96945172201,0.0146968397310173
513,5357.463285909,0.0127950458277499
514,5206.28758135297,0.0124624802028693
515,4787.45904016415,0.0115411153848426
516,4357.34634626595,0.010594926992763
517,3722.5940270162,0.00919855975031695
518,4175.81183584344,0.0101955761971218
519,4011.99323332157,0.00983519794669622
520,3410.00094183843,0.0085108982308233
521,2915.43867864819,0.00742292970715551
522,2773.91039960694,0.00711158708304889
523,2906.53937287235,0.00740335246625534
524,2695.37499246253,0.00693882005789137
525,2217.25808886671,0.00588702904902973
526,1669.94950842078,0.00468302592833585
527,2131.00270791014,0.00569727915005365
528,1992.14100716853,0.00539180262910904
529,1500.22062526442,0.004309645878592
530,1821.81186708529,0.00501710209721122
531,1829.44648215011,0.00503389719360064
532,1295.1293638307,0.00385847349135834
533,1265.18009013012,0.003792589234677
534,1468.13526460366,0.00423906252626694
535,1360.49746233156,0.00400227426006682
536,293.359913429906,0.00165471936143841
537,1617.12908813927,0.00456682831491002
538,579.674423916931,0.0022845716539887
539,946.284134105427,0.00309106227173854
540,546.858478131386,0.00221238111551381
541,630.475729109286,0.00239632749369632
542,594.904881645317,0.00231807655285148
543,348.019895500483,0.00177496375617533
544,1353.81208478177,0.00398756735482077
545,1152.68917167688,0.00354512478462749
546,565.032412343134,0.00225236125521563
547,612.999492280184,0.00235788219166381
548,915.537223514477,0.0030234233243041
549,706.569527787994,0.00256372331818708
550,-458.832576090656,0
551,235.829421215325,0.00152816024170932
552,413.565024301662,0.00191915396704066
553,1078.93438174536,0.0033828744556242
554,643.245772984726,0.00242441982264336
555,242.19535289613,0.00154216441026003
556,153.809470764427,0.00134772770359421
557,472.5550942844,0.00204892395583071
558,247.521831032581,0.0015538819248902
559,710.639736230131,0.00257267721337764
560,435.401074023502,0.00196719025396914
561,440.067821787585,0.00197745645309737
562,159.826606290439,0.00136096456888336
563,-123.396170738096,7.37913661996234E-4
564,782.987779982884,0.00273183289550387
565,-28.907086944856,9.4577656753642E-4
566,554.422079500097,0.00222901999160122
567,263.686365366452,0.00158944166299387
568,-375.299231534324,1.83761795669045E-4
569,-178.962520006554,6.15675384879731E-4
570,20.0736242444817,0.00105352735243681
571,626.155060664795,0.00238682262116826
572,937.976674753879,0.00307278701105077
573,-133.811957462689,7.15000372914098E-4
574,175.743211092454,0.00139597889633436
575,-135.994539716923,7.10198994059178E-4
576,-136.756543062814,7.08522692171705E-4
577,127.227174793085,0.00128925033187344
578,74.7903533755391,0.00117389658285209
579,-140.056591582885,7.01263042207201E-4
580,293.421348784619,0.00165485451071514
581,-196.696870041122,5.76662269522211E-4
582,464.115900602839,0.00203035889785105
583,244.822501628169,0.00154794377383099
584,639.47840588162,0.00241613213648057
585,-33.9104322681227,9.34769900368488E-4
586,535.262885665722,0.00218687241710536
587,-379.384252165504,1.74775315712834E-4
588,-150.24541755535,6.78849035364737E-4
589,257.092882519995,0.00157493691337546
590,317.973719927581,0.00170886632878763
591,82.9181433866751,0.00119177659586007
592,203.604290453622,0.00145726941450861
593,505.981294952915,0.00212245697057906
594,328.330407101128,0.00173164960703779
595,514.207262438947,0.00214055296044247
596,-37.0766490718133,9.27804661655565E-4
597,398.835298698837,0.00188675060954475
598,463.94013338595,0.0020299722343029
599,531.807816608333,0.00217927174341609
600,-357.288358120565,2.23383224185513E-4
