400,753.77116661792,0.001150291601791
401,542.096726116222,9.17358994746205E-4
402,572.113380120744,9.50390179122851E-4
403,481.705999374533,8.50903312199314E-4
404,210.014963148245,5.51926727076914E-4
405,270.314457390837,6.18282014773055E-4
406,29.9591271977859,3.53788136597282E-4
407,359.234342391614,7.16131998844176E-4
408,179.01673322162,5.1781538848795E-4
409,148.904160550026,4.84678652467315E-4
410,267.870771725194,6.15592913190704E-4
411,118.276870165955,4.50975506357795E-4
412,0,3.20820256363716E-4
413,294.070192176215,6.44423504613339E-4
414,379.8047154331,7.38768225537777E-4
415,349.769153902213,7.05716234778468E-4
416,174.037353058124,5.12335936173342E-4
417,290.257460867695,6.40227866058442E-4
418,491.48255436674,8.61661712868068E-4
419,404.50608603616,7.65950320071785E-4
420,519.944734376043,8.92982309611028E-4
421,373.842464701657,7.32207194345545E-4
422,517.558315311484,8.90356225834017E-4
423,889.140567368848,0.0012992559611925
424,1258.85193956346,0.00170609692685321
425,2199.48668331305,0.00274119829581963
426,3510.21285973565,0.00418355885986481
427,2986.37886785872,0.00360711695645231
428,2153.2757909382,0.00269034650847475
429,1699.74704688946,0.0021912705101131
430,1920.79687964477,0.00243452006687807
431,2880.39259318428,0.00349048662918005
432,2702.08343342066,0.00329427013112168
433,3268.37355708477,0.00391743197596306
434,4028.25859722822,0.00475363120264076
435,5389.77451454593,0.00625188224987223
436,6777.63101767195,0.00777911923092205
437,9369.94161622158,0.0106317719392928
438,10251.5203980919,0.0116018864391338
439,13234.0727650244,0.0148839723481864
440,18594.4867567959,0.0207827251828857
441,24573.7440338165,0.0273624708641636
442,30682.0085534307,0.0340841798040845
443,40633.0313146883,0.0450345697947138
444,54327.8167994658,0.0601047033371852
445,72069.0111177816,0.0796276208649655
446,92750.5493444746,0.102386176907076
447,116263.498279572,0.12826049825538
448,166202.637087932,0.183214954582903
449,210179.933574796,0.231608829144179
450,269985.202336194,0.297420256988702
451,342724.820907166,0.377465013214453
452,437575.025435649,0.481840890468159
453,536895.182117712,0.591135630887541
454,639168.884447712,0.70368053739296
455,744307.216734085,0.819377764614925
456,828270.568433992,0.911773437712366
457,882322.230187114,0.971253431883686
458,908445.295564536,1
459,899643.440080993,0.990314186541588
460,873595.590042384,0.961650387534846
461,822495.862906182,0.905418786624967
462,776622.850456125,0.854938812010817
463,712361.016379284,0.784223252260093
464,660224.77485903,0.726851041283431
465,606987.201541798,0.668266893305386
466,560814.91359483,0.617457587376812
467,512291.414882664,0.564060941890608
468,478394.181338935,0.526759456825934
469,455411.012227946,0.501468120344848
470,412148.28536953,0.45386057863545
471,388802.24269817,0.428169925712357
472,365978.80344927,0.403054360538903
473,341659.945035997,0.376293193356267
474,313444.491070616,0.345244101007037
475,295003.153507663,0.324950725832639
476,270938.252629357,0.298469020783259
477,251012.03136625,0.27654163712576
478,233486.863695307,0.257256441497915
479,220390.398608469,0.242844716829987
480,200823.264631478,0.221312483090037
481,188836.400149813,0.208121794656473
482,174401.35194262,0.192237054846842
483,164347.196311108,0.181173174496756
484,155262.148428575,0.171175728024761
485,138221.586534613,0.152423806450946
486,136654.014062235,0.15069880487845
487,130674.327968767,0.144118587315292
488,114553.170508575,0.126378404670273
489,110506.838144328,0.121925704833959
490,100745.006366513,0.111183506011324
491,98158.2890069128,0.108337008263029
492,87156.05633963,0.0962298368330276
493,82132.2373397646,0.0907014827521746
494,73096.4456670113,0.080758239221876
495,72187.9222608153,0.0797584740869599
496,65971.1324727899,0.0729173408384578
497,59835.9649157981,0.0661660270269289
498,54547.0170084234,0.0603459175150341
499,49000.7945742797,0.0542426957572562
500,45320.870963913,0.050193202590973
501,41075.9826302978,0.045522006088365
502,37680.1867769103,0.0417851752303422
503,34420.8305783266,0.0381984864698839
504,30627.2166247359,0.034023885199003
505,29443.8417977683,0.0327216657014414
506,26976.096292287,0.0300060879833548
507,23293.4345695196,0.0259535817198912
508,22311.7224416711,0.0248732776228766
509,19252.3609470318,0.0215066687533797
510,19404.5497891817,0.0216741417070395
511,17275.9586281211,0.0193317791274895
512,15172.3013132872,0.0170168544652973
513,14132.5032191251,0.0158726309100143
514,12300.4492400902,0.0138565863248865
515,11998.0187496544,0.0135237831653739
516,11624.6107191159,0.0131128742911676
517,10468.7812483381,0.0118409664912018
518,9112.7738157102,0.0103487771380352
519,9658.42885023482,0.0109492315407382
520,8656.01768874164,0.0098461496352233
521,8575.33520520122,0.00975736432326321
522,6031.25072305172,0.00695778101237903
523,6426.70188953929,0.00739294678369528
524,5785.46948302574,0.00668731630787213
525,6382.12263616651,0.00734389049856411
526,5836.40256311547,0.00674336452560689
527,5413.98727864125,0.00627852666783368
528,5047.85167899429,0.0058756205845317
529,4065.25244055476,0.00479434028565632
530,3737.23976538251,0.00443338575855083
531,4367.65375555126,0.00512711133968137
532,3851.3432356725,0.00455894847998527
533,2921.87867385218,0.00353613909861916
534,2866.14714743843,0.00347481053334046
535,3586.8266991053,0.00426786691943869
536,2707.24414755283,0.00329994912852057
537,2773.59715666419,0.0033729658770753
538,2825.55650103178,0.00343014342536689
539,2687.95146474488,0.00327871890869482
540,2134.88804690764,0.00267011210915586
541,2456.28526103762,0.0030237867937649
542,2701.66688815388,0.00329381175279923
543,2403.72286973526,0.00296594563538248
544,2856.70751616722,0.00346442289316844
545,2160.17390795871,0.00269793739369206
546,1979.11640951189,0.00249869654515943
547,1951.24951669955,0.00246803101946993
548,2161.54126608916,0.00269944207367767
549,1980.90372207325,0.00250066335500919
550,1456.52662367445,0.00192362380165018
551,1022.47750887246,0.00144598374432118
552,1276.22760150036,0.00172521760209628
553,1657.74904824786,0.00214505471149771
554,1001.11352512961,0.00142247420571892
555,882.555029757996,0.00129200904729562
556,84.611314188015,4.1392896591121E-4
557,1529.81622713367,0.00200427377697347
558,1243.85871828562,0.00168959795743598
559,906.416627065736,0.00131826703128259
560,953.77512290293,0.00137038167429254
561,1094.65105055369,0.00152540557335079
562,748.925108585151,0.00114495886096132
563,978.991594473946,0.00139813060066073
564,535.805216910677,9.10435638114103E-4
565,992.651705114969,0.00141316257701362
566,-90.8925594892494,2.20799484877914E-4
567,685.89739461923,0.00107560136226966
568,601.446420158782,9.82669095143205E-4
569,651.768209973319,0.00103804463157962
570,469.862947222756,8.37870878965795E-4
571,614.430009686334,9.96956608318079E-4
572,668.631641884499,0.00105660163425545
573,241.026591202201,5.86052809348305E-4
574,290.92323214215,6.40960499806225E-4
575,293.470160143208,6.43763212206624E-4
576,492.47553623391,8.62754418508484E-4
577,794.758392834318,0.00119539511752721
578,699.620742696242,0.00109070292690535
579,403.999402744646,7.65392751289467E-4
580,152.496325105996,4.88631573060717E-4
581,0,3.20820256363716E-4
582,1086.15773430226,0.00151605928528591
583,0,3.20820256363716E-4
584,367.510978599521,7.25239845993316E-4
585,582.082515060593,9.61360500272711E-4
586,213.500976932913,5.55762836326251E-4
587,-107.639256976042,2.02370940100644E-4
588,648.523942456872,0.00103447454683644
589,765.122476844557,0.001162782908149
590,550.894354826988,9.27040156942991E-4
591,332.488722557254,6.86700354001839E-4
592,167.692301750354,5.05353660280944E-4
593,338.348803126086,6.93148954225632E-4
594,56.8860963773869,3.8341934344471E-4
595,171.69686697456,5.09760398362048E-4
596,57.8874132950562,3.84521221213032E-4
597,-291.541184933117,0
598,235.075760848033,5.79504345465786E-4
599,829.895973477384,0.00123406151600705
600,358.186402370155,7.14978815679282E-4
