400,434.518314617023,4.47221646426839E-4
401,550.144952415904,5.96911063872544E-4
402,489.932542071722,5.18960508542035E-4
403,89.0648002029422,0
404,203.613261282138,1.48293617583791E-4
405,403.515923577974,4.07086172954616E-4
406,231.322309018164,1.84165552395175E-4
407,431.342171103128,4.43109833773894E-4
408,316.52097901156,2.94463140574149E-4
409,229.792375046936,1.82184910829848E-4
410,315.679493294322,2.93373759189374E-4
411,228.963742555557,1.81112169139245E-4
412,340.763809455758,3.2584773529651E-4
413,170.734376300563,1.05728848488655E-4
414,225.710404739017,1.76900421294782E-4
415,419.914166376524,4.28315220675591E-4
416,362.389801630625,3.53844589931096E-4
417,557.694684063554,6.06684892409995E-4
418,500.819027595415,5.3305407475735E-4
419,195.718573636306,1.38073211480867E-4
420,195.481721656634,1.37766584603765E-4
421,140.240552737146,6.62517628292105E-5
422,304.715549068576,2.79179915492961E-4
423,549.504329399231,5.96081717901809E-4
424,686.628385361285,7.73601538987109E-4
425,1285.73139689969,0.00154919600834406
426,2776.68840251064,0.00347937827304584
427,2147.70822544757,0.00266510503911134
428,1383.53189083827,0.00167580782757756
429,651.860737432299,7.28591590903177E-4
430,648.836317779854,7.24676198874972E-4
431,379.609213353406,3.76136717062079E-4
432,325.941971266575,3.06659489696284E-4
433,298.097088451886,2.70611703764597E-4
434,594.435669178038,6.54249508685827E-4
435,593.189939103623,6.52636795450507E-4
436,753.246959799642,8.59845468487907E-4
437,884.289060116467,0.0010294916333397
438,886.587653680369,0.00103246737611035
439,751.521810591741,8.5761210267486E-4
440,907.720828126965,0.00105982623244233
441,1283.09541847429,0.00154578348954727
442,1332.47755740387,0.00160971325304563
443,1651.72167361364,0.00202300440020784
444,2519.84931839802,0.00314687623363707
445,2734.57190964391,0.00342485456292082
446,3341.26036706276,0.00421026909620529
447,4129.82218283584,0.00523113557706167
448,4936.51115219753,0.00627546934116942
449,7874.3065197611,0.0100787181903679
450,8880.70976600631,0.0113816006274404
451,12390.1248428963,0.0159248642597237
452,15687.3200401529,0.0201933895552581
453,22167.2277602999,0.0285822316957507
454,28297.0278608003,0.0365178270185043
455,37002.1268724255,0.0477873858733064
456,49104.2188562872,0.0634546675086123
457,62144.3971978525,0.0803363890262116
458,76372.5031302552,0.0987559930977377
459,100357.321660293,0.129806567443306
460,126531.986880202,0.163692101635001
461,151820.881480387,0.196430923524225
462,182282.619654455,0.23586647166834
463,221076.885126386,0.286089249994111
464,253273.65512907,0.327770957921293
465,290178.312870303,0.375547463607873
466,331419.576022362,0.428938107610638
467,372540.076603763,0.482172413254049
468,407469.883899929,0.527392291693726
469,444210.569905107,0.574956520744792
470,483294.482121598,0.625554273672295
471,520814.402018245,0.674127293340198
472,541315.104310291,0.70066735574919
473,575209.550259019,0.74454686280132
474,611329.376240712,0.791307330911136
475,628086.716382991,0.813001263482283
476,656464.4311472,0.849738849840916
477,673443.21437047,0.871719461039254
478,695708.057573298,0.900543367640675
479,713946.659085359,0.924154930575796
480,722788.154393293,0.935601067099247
481,750381.980224356,0.971323836457416
482,758062.867910353,0.981267458663077
483,759981.963282706,0.983751905792032
484,764954.243892948,0.990188984670158
485,767910.214727823,0.994015763349207
486,761446.67471192,0.98564811072144
487,772532.700241704,1
488,753750.517044704,0.975684720107422
489,737670.702442085,0.95486790724906
490,724007.922741817,0.937180170470105
491,700054.594916754,0.906170363765734
492,677494.964847643,0.8769648281978
493,648604.051656061,0.839562858829421
494,624684.553773574,0.808596848126498
495,589231.93207266,0.762700137901614
496,550461.444621809,0.71250814243169
497,514598.099707175,0.666079712874969
498,483528.378178906,0.625857073833466
499,449893.927592009,0.582314154915282
500,408557.201451692,0.528799925211401
501,371321.197261507,0.480594460784341
502,340827.374141849,0.441117375699383
503,312906.407095896,0.404971091666641
504,284290.78485654,0.367925511994021
505,253498.76479484,0.328062383282888
506,231806.228998458,0.299979381752319
507,212752.7007605,0.275312820512459
508,191605.858263051,0.247936269619704
509,174357.762374124,0.225607008172596
510,154146.532811849,0.199441695087037
511,140579.620921581,0.181878068088526
512,129333.574048339,0.167319016324427
513,114309.065796475,0.147868395512105
514,107192.099973397,0.138654822512684
515,95391.40162251,0.123377722916748
516,87218.3890491426,0.112796999355351
517,78060.4726746015,0.100941226384541
518,73063.3540984082,0.094471992453528
519,66334.941064965,0.0857614371136585
520,59266.444359982,0.0766106118875009
521,54610.7399788452,0.0705833703289944
522,50121.6017460406,0.06477176411356
523,43029.628298771,0.0555905460649239
524,41518.375376226,0.0536340888514714
525,35939.6692901256,0.046411935894108
526,36018.8908853514,0.0465144956040867
527,31239.6432056228,0.0403273157757528
528,28966.0167741548,0.0373838952759923
529,27990.4934704187,0.0361209897914018
530,23557.481809133,0.030382044633608
531,21627.3602951773,0.0278833231406765
532,20868.1172738432,0.026900412561188
533,19932.9657015972,0.0256897720311363
534,17212.6413298859,0.0221680595761472
535,16692.7271808001,0.0214949824411552
536,13722.4876209942,0.0176497315729695
537,13092.2391650917,0.0168338164343299
538,12997.3767003614,0.0167110081666743
539,11898.0432618036,0.0152878189679834
540,10255.6087742201,0.013161535039649
541,10894.5855565061,0.0139887498071327
542,9682.42923102001,0.0124195009067993
543,8554.52505274542,0.0109593242330282
544,8366.09240379403,0.0107153806748116
545,7946.61656927617,0.0101723302627539
546,7633.26384160438,0.00976666606501256
547,6312.30295977389,0.00805655956504058
548,6271.65248135905,0.0080039337467288
549,6164.10021970884,0.00786469735883529
550,6115.72538155276,0.00780207163970637
551,5821.51668614362,0.00742119116906726
552,6191.86967821908,0.00790064750100244
553,4838.55741180259,0.00614865913017072
554,4591.66101831195,0.00582902882685477
555,5087.1350856254,0.00647046600696728
556,4005.34822053169,0.00506999247665539
557,3902.05943943186,0.00493627556015728
558,4255.56615877756,0.00539392282803029
559,3744.59550258593,0.00473242387490657
560,2901.96453990745,0.00364155986358377
561,2839.73013702102,0.00356099165118488
562,2863.63422099055,0.00359193770714644
563,2797.13574276381,0.00350584925334136
564,3670.33755935359,0.00463629007326046
565,2671.03299457461,0.00334259753838985
566,2423.77435335118,0.0030224982717526
567,1930.50382520064,0.00238391377766378
568,2384.14000103912,0.00297118792301836
569,2219.83884392459,0.00275848482136017
570,1886.15051251993,0.00232649429662248
571,2121.55976743195,0.00263125343257868
572,2050.95803360985,0.0025398529334578
573,1606.98527844332,0.00196508898331823
574,1760.13941376947,0.00216336123037819
575,1449.73534061587,0.00176151433966468
576,1269.71895631219,0.0015284664174033
577,1662.17600750324,0.00203653850601173
578,1386.74168804999,0.00167996320806675
579,1687.18750763827,0.00206891821501242
580,1117.49434515699,0.00133139752567996
581,1079.85861722336,0.00128267458175653
582,745.001791863375,8.49171333110309E-4
583,1344.5404670231,0.00162532980947222
584,1057.91425727134,0.00125426557047705
585,913.55109723558,0.00106737405708753
586,1582.22051515125,0.00193302869806789
587,1539.90214785293,0.00187824364274908
588,1246.63345416283,0.00149858009160535
589,891.452211108945,0.00103876499732875
590,998.392246518262,0.00117720880151415
591,1596.51204839697,0.00195153041468511
592,858.070819842077,9.95549687194456E-4
593,704.633388118381,7.96910686646543E-4
594,1199.42994623329,0.00143747076820137
595,880.264406985971,0.00102428134621215
596,1221.67006514945,0.00146626266691828
597,894.018839437342,0.00104208773598648
598,342.114453608861,3.27596269546949E-4
599,683.706112496615,7.69818385459021E-4
600,233.44860376093,1.86918238345589E-4
