400,221.276105940442,2.53798676899852E-4
401,646.539894076292,6.60676152317476E-4
402,512.046276787209,5.31997376957263E-4
403,7.98171549122239,4.97260858919464E-5
404,60.9253267115333,1.00380675992928E-4
405,219.826290357804,2.52411544205881E-4
406,166.87006445883,2.01744884822842E-4
407,219.043051197577,2.51662168451227E-4
408,297.452700036303,3.26681770067746E-4
409,60.7287181291321,1.00192567797769E-4
410,34.1410494455486,7.47544190227765E-5
411,60.0622337103179,9.95548988842672E-5
412,7.84533955524018,4.95956061800871E-5
413,-43.9914335111217,0
414,265.808664708681,2.96405867051014E-4
415,238.886993796304,2.70648156659381E-4
416,417.535416592252,4.41572701100809E-4
417,495.812629123185,5.16465592303529E-4
418,7.66523690459167,4.94232902814467E-5
419,135.222401049246,1.71465510584552E-4
420,364.087283630041,3.90435402294396E-4
421,388.195573068969,4.13501367977829E-4
422,210.869050777358,2.43841571570359E-4
423,311.971028389951,3.40572397373942E-4
424,615.235724177926,6.30725420621923E-4
425,1014.96022789571,0.00101316780455539
426,2754.07472888032,0.00267709155579837
427,2291.22257016668,0.0022342508459074
428,1783.14203072437,0.00174813720782103
429,257.914824503412,2.8885331763657E-4
430,531.347660308432,5.50464263671525E-4
431,356.201820178545,3.82890867464127E-4
432,679.75402265873,6.92454265485912E-4
433,405.577460618647,4.30131748277096E-4
434,505.113165861112,5.25364019617419E-4
435,899.828517784573,9.03013822821198E-4
436,751.842557025712,7.61426046502979E-4
437,751.231498658281,7.60841407291249E-4
438,847.781997935519,8.53217538276764E-4
439,1242.40353924464,0.00123077758677536
440,1711.44689773055,0.00167954181943837
441,1412.63537374973,0.0013936494347706
442,1850.19716528824,0.00181229320846414
443,2716.82549211662,0.00264145279266247
444,3346.3403821945,0.00324375055785773
445,3929.96719501965,0.00380214422036368
446,4763.68488557182,0.00459981606218651
447,5722.98470771185,0.00551764048244077
448,7153.66915087257,0.00688646917322632
449,9793.39587260759,0.00941206710631176
450,11883.4814957701,0.0114117877161639
451,13834.3191847617,0.0132782807870314
452,18906.5831728776,0.0181312450499492
453,24059.3517727401,0.0230612333015084
454,33283.0713567502,0.0318861646570632
455,44348.1116665216,0.0424728070946174
456,59451.0437940655,0.0569227627854034
457,79397.6175074206,0.0760069448440199
458,102788.308560398,0.0983863375631311
459,136062.939438817,0.130222337206109
460,175723.964992594,0.168168615257509
461,225819.835828991,0.216098587249973
462,287049.275035391,0.274680766924248
463,359599.653279118,0.344094423962387
464,447783.851404428,0.42846597147231
465,529248.250032249,0.50640825053491
466,620377.782502744,0.59359779063217
467,719769.61555379,0.688692410106379
468,804725.489974304,0.769975210736169
469,890210.987165755,0.851764735855498
470,949196.909362857,0.908200397151612
471,1002367.30590296,0.959071967491572
472,1023014.69920407,0.978826669148949
473,1045144.82787715,1
474,1036180.63350856,0.991423373267139
475,1018364.92515813,0.974377928442932
476,1003518.28057509,0.960173179684881
477,956282.360418302,0.914979508183549
478,908964.622619014,0.86970755643181
479,876610.851300222,0.838752602914292
480,828432.262705707,0.792657019317933
481,773028.269640228,0.739648422170845
482,717371.420288182,0.686397900998265
483,675551.644829626,0.646386206760914
484,622389.597021341,0.595522624194706
485,576643.863145709,0.551754710655598
486,536901.789209958,0.513730888355277
487,492889.075133922,0.471621067370908
488,452824.354287294,0.433288547823815
489,424608.421786291,0.406292533343281
490,385465.31561139,0.368841782386419
491,357129.653648051,0.341731214956098
492,327099.02195059,0.312998959938993
493,305897.865622972,0.292714437242317
494,282997.180849288,0.270803865343177
495,259351.829083101,0.248180822186456
496,244027.089626878,0.233518649023975
497,223746.556174997,0.214114946001916
498,210850.758472143,0.201776699108537
499,194494.389695007,0.186127499198492
500,183555.883823319,0.17566192047282
501,171800.807853665,0.164415076120422
502,161118.813937987,0.154194919036534
503,154221.477761428,0.14759578972217
504,140041.939755352,0.134029305136707
505,132631.785114317,0.126939529103777
506,124000.832102346,0.118681736011747
507,119700.484817532,0.114567314573857
508,109816.6337569,0.105110792577046
509,106200.704691943,0.101651198484429
510,100982.990795098,0.0966590728508171
511,93220.8374740117,0.089232516827949
512,87028.913501951,0.0833083011669506
513,81979.6666632931,0.0784773589052566
514,73874.0973959543,0.07072223455109
515,72847.120427638,0.0697396590113003
516,66000.7008285605,0.0631892448922582
517,61264.6809082182,0.0586579871588796
518,55465.4476903743,0.0531094842370164
519,50495.698675809,0.0483546027048518
520,50991.6812481356,0.0488291414323649
521,46039.6118348994,0.0440911751226006
522,41932.0068865174,0.0401611627913444
523,39039.1976735589,0.0373934244080861
524,35223.839229948,0.0337430232814004
525,32345.1717523206,0.0309888152144542
526,30234.0722279877,0.0289689892410715
527,28027.0984607167,0.0268574341550474
528,24268.1262230683,0.0232609813723554
529,22359.5504851299,0.0214349230538238
530,20880.6458040058,0.0200199589307868
531,18332.5243249115,0.0175820056806028
532,16590.6557409298,0.0159154469193538
533,16655.9794654536,0.0159779463676036
534,15473.1229560041,0.0148462307506784
535,13637.6903672329,0.0130901532316119
536,13195.9415432378,0.0126675034521333
537,13006.1863480001,0.0124859523374143
538,11668.5204773679,0.0112061205539912
539,10791.3376126501,0.0103668627581641
540,10550.8913492237,0.0101368122075039
541,9218.05765495794,0.00886160368092887
542,8514.70409404033,0.00818865966552934
543,8000.21109974683,0.00769641081557243
544,6834.01996669317,0.0065806400462077
545,7720.15856829265,0.00742846637694086
546,6635.86956480483,0.00639105669224585
547,5429.99023,0.00523731364359733
548,5674.24056999545,0.00547100380128247
549,5056.80211605536,0.00488026034657607
550,4706.12617640143,0.0045447459082517
551,5418.83668685645,0.00522664232475286
552,5246.81437648631,0.00506205741225485
553,4358.84661139549,0.00421248100205514
554,4508.30318987387,0.00435547581382222
555,3389.42901427709,0.003284976249605
556,3664.50546552048,0.00354815974923792
557,3285.42624294108,0.00318547004611862
558,2467.7996189777,0.00240319357237809
559,2678.46760514511,0.00260475331189611
560,2495.31851794474,0.00242952268962332
561,2289.24442848774,0.00223235822933669
562,2426.47156844191,0.00236365234329849
563,2476.71573813245,0.00241172420243269
564,2303.56907674698,0.00224606355032232
565,2240.28385363221,0.0021855144687157
566,2216.8934630634,0.00216313536348931
567,2196.44546412013,0.00214357143535931
568,2661.88105911092,0.0025888838864605
569,1246.69050653781,0.00123487920670658
570,1914.86671172115,0.00187416676206334
571,1727.4776687839,0.00169487949886736
572,686.193152469697,6.98614999022282E-4
573,1200.3635688562,0.00119055521775291
574,1722.00241078804,0.00168964096407374
575,1436.00983264358,0.00141601329712923
576,970.070822221968,9.70219195802246E-4
577,1761.34515248881,0.00172728271929909
578,1338.6542188588,0.00132286686082408
579,1304.52382335224,0.00129021209560274
580,909.588549903888,9.1235187919818E-4
581,691.733212252987,7.03915533893047E-4
582,424.644542685168,4.48374463578142E-4
583,888.268635840972,8.91953733266063E-4
584,1168.55495010301,0.00116012184708774
585,856.654369970159,8.61706312621376E-4
586,767.780532900672,7.76674942760281E-4
587,772.44230687835,7.81135164580059E-4
588,780.895603346607,7.89222982122762E-4
589,303.652219105783,3.32613252451541E-4
590,890.588377940391,8.94173181136687E-4
591,650.418277815074,6.64386853835829E-4
592,1003.97389548432,0.00100265646707416
593,913.021089337065,9.15636012523909E-4
594,215.589518320276,2.48357949334553E-4
595,927.340986736943,9.29336788053944E-4
596,627.981568631628,6.42920197506456E-4
597,1148.62633281316,0.00114105484510527
598,845.405331079614,8.50943626795897E-4
599,434.055053241409,4.5737810998382E-4
600,967.464272349866,9.67725340315138E-4
