400,307.512479259581,5.02884172402334E-4
401,306.596480418838,5.01842022854471E-4
402,513.744930664037,7.37518809943719E-4
403,217.897655038212,4.00927658496195E-4
404,188.485650618571,3.67465053802455E-4
405,334.830438303284,5.33964341284288E-4
406,481.889850073822,7.01276670371426E-4
407,481.130624625529,7.0041288493582E-4
408,157.689234096227,3.32427376758495E-4
409,-134.498285791005,0
410,40.7596192860805,1.99394298782679E-4
411,534.08904254234,7.60664698401912E-4
412,40.3830650565156,1.98965885773151E-4
413,97.7541070972837,2.64238026810778E-4
414,154.793771306611,3.29133152898333E-4
415,96.6379119297742,2.62968110040791E-4
416,125.178288357385,2.95439046757021E-4
417,96.643309982012,2.62974251508933E-4
418,294.680253502302,4.88284701664806E-4
419,464.155293186955,6.81099722957138E-4
420,293.950613459415,4.8745457611554E-4
421,377.898138672553,5.82963294635554E-4
422,292.26854911663,4.85540859070996E-4
423,658.548684533826,9.02264833532593E-4
424,571.185618250628,8.02870188062074E-4
425,1493.02547749578,0.00185166517533105
426,2634.31374765249,0.00315013085216715
427,2939.9867029653,0.00349790086890117
428,1319.60932459916,0.00165436627352573
429,786.56138277593,0.00104790734928694
430,649.162312823995,8.91585777404586E-4
431,481.308051289531,7.0061474667346E-4
432,508.208079987933,7.31219428140996E-4
433,729.731986151144,9.8325144868572E-4
434,921.65437777648,0.00120160525522013
435,756.565778489667,0.00101378077176913
436,1165.90746567365,0.00147949670419836
437,1168.0880304802,0.00148197757483505
438,1522.94610222989,0.00188570644716627
439,1627.73784239687,0.00200493003105893
440,1654.63859088362,0.00203553553144355
441,2338.23478122582,0.00281327610162692
442,2662.11475580964,0.00318176059534197
443,3334.73152797028,0.00394700966970156
444,4570.86055402861,0.00535337750370829
445,4825.53512744517,0.00564312567775976
446,6728.8092669876,0.00780851737451859
447,9277.16001328271,0.0107078251682888
448,10236.6746228003,0.0117994834455707
449,14345.2442204471,0.0164738823182624
450,19037.474706184,0.0218123234403258
451,23612.1312082949,0.0270169983735839
452,32237.2062108493,0.0368299125546927
453,44316.2509938477,0.0505724747712796
454,61084.1496518167,0.069649636474737
455,78159.6277750614,0.0890767372680838
456,105486.647710181,0.120167214900958
457,139952.852456885,0.159380080786503
458,179716.581258171,0.204620041961605
459,228423.946750945,0.260035351095373
460,281443.695518893,0.320356941853683
461,350631.881122612,0.399073675038594
462,422385.608966781,0.480709275111746
463,506681.345440521,0.576614160298853
464,579423.769125346,0.659374618698767
465,647537.192348899,0.73686857399496
466,730516.086891151,0.831275262718854
467,794648.349798496,0.904239775139175
468,833273.071593572,0.948183866075432
469,859960.561561652,0.978546738130273
470,878816.936870839,1
471,878573.789091798,0.999723366082225
472,862443.540347076,0.98137167098334
473,833929.234397438,0.948930395152717
474,808891.904965716,0.920444942566522
475,760859.880515856,0.865797981962493
476,715682.812048115,0.814399159842484
477,666371.236229211,0.758296428967352
478,605642.177891,0.689203808022499
479,569124.017952137,0.647656393139042
480,524493.972270108,0.596879929392696
481,469194.218452906,0.533964332915688
482,434569.684990929,0.494571333397112
483,390222.366359366,0.444116533669002
484,348204.488448905,0.396311983576911
485,320804.293233057,0.36513825301583
486,289241.682315472,0.329228861830911
487,264554.047927425,0.301141264040428
488,237675.323352822,0.270560820685428
489,215287.509811362,0.245089773428453
490,199094.971929568,0.22666721077696
491,176125.783302231,0.200534721871877
492,158411.257036615,0.180380563681716
493,147419.956424224,0.16787554898721
494,132422.631625393,0.150812803312122
495,120344.442077629,0.137071214113156
496,110377.348010472,0.125731458958901
497,96954.0621478325,0.110459527739803
498,89751.4819112101,0.102265013289367
499,81471.5962956314,0.0928448277314436
500,77306.9536974465,0.0881066335245671
501,73006.7072216762,0.0832141601707874
502,62205.0221554114,0.0709248747401992
503,57402.6674421522,0.0654611431605319
504,53280.7394357253,0.0607715461685294
505,47174.0335375782,0.053823829088963
506,44162.0571916103,0.0503970455085583
507,38424.7382845486,0.0438695871330688
508,38823.3072357619,0.0443230467160118
509,35614.3041714553,0.0406721020381243
510,31992.0157695673,0.0365509546606899
511,29676.3235778101,0.0339163469916728
512,27644.4392494931,0.0316046330026571
513,25171.4452372621,0.0287910600186272
514,20924.6560834112,0.0239594060910196
515,21691.6329836653,0.0248320105030226
516,19909.1714856085,0.0228040696785798
517,17207.1636314634,0.019729943229644
518,17377.5778872243,0.0199238268151808
519,15454.4188876612,0.0177358117296598
520,12249.8715714119,0.0140899364422745
521,13069.0577339482,0.0150219403389293
522,11970.9554914939,0.0137726082387336
523,10881.6404578272,0.0125332735154533
524,10043.796768037,0.0115800425901964
525,9652.17756747734,0.0111344898726109
526,9477.95545255384,0.0109362740122631
527,9169.81758247843,0.0105856996144632
528,7254.89874364491,0.0084070595187311
529,7247.07414105322,0.00839815731745044
530,7370.50367160446,0.00853858547492793
531,5736.45498279418,0.0066794967659834
532,5783.32837206886,0.00673282552500219
533,5154.4277134481,0.00601731311616393
534,4367.09672732597,0.0051215514681022
535,4473.92201501955,0.00524308865823665
536,3501.69920957243,0.00413697202134434
537,3830.21430763768,0.00451072998444125
538,4102.35531001097,0.00482035005158956
539,3388.78691467416,0.00400850952571379
540,3893.42986878773,0.00458265154759199
541,2833.24299833785,0.00337645649739453
542,3040.5328822183,0.00361229419625842
543,2444.40877968854,0.00293407230744209
544,2737.58290535137,0.00326762216462002
545,2363.09568122768,0.00284156082704798
546,2145.80333663809,0.00259434313571915
547,1887.83134052634,0.00230084342027039
548,1663.63690702218,0.00204577308926375
549,1437.96112388916,0.00178901739821376
550,1719.43314958893,0.00210925355056683
551,2299.59041394,0.00276930965963693
552,1949.76518550873,0.00237130675021689
553,1880.80132636999,0.00229284523757774
554,1978.65634917237,0.00240417678433714
555,1620.51973460904,0.00199671785061401
556,1507.61721900014,0.0018682664810696
557,1223.28870661396,0.00154478044872071
558,1444.04530997366,0.001795939494067
559,1410.10599286433,0.00175732607840851
560,1331.64394267334,0.00166805829061884
561,959.657243891363,0.00124484184895538
562,1440.48434029791,0.00179188811018694
563,1672.38370867716,0.00205572449420505
564,934.898200224749,0.00121667300745141
565,812.862848284745,0.00107783103386927
566,863.065766973783,0.00113494786271897
567,1539.62856672151,0.00190468640877091
568,1240.45566046751,0.0015643116232167
569,337.231988289058,5.36696631021486E-4
570,937.639970449403,0.00121979237231617
571,666.163498685701,9.10928354459115E-4
572,719.411617764512,9.71509766524643E-4
573,1479.22209912872,0.00183596080553888
574,492.574413550673,7.13432704310828E-4
575,402.138354634526,6.10541855853392E-4
576,789.834488789402,0.00105163122512644
577,1040.80286082217,0.00133716278238255
578,704.336090863192,9.5435804880928E-4
579,562.665586210161,7.93176783284882E-4
580,318.330297873156,5.15191813280863E-4
581,871.077198516632,0.00114406262290071
582,323.737532107263,5.21343727957632E-4
583,835.435784588435,0.00110351269886327
584,1098.91514705639,0.00140327825123534
585,72.4193770452138,2.35414215802886E-4
586,647.090054601442,8.89228129257412E-4
587,757.954456318624,0.00101536069731838
588,338.443091630057,5.38074526650933E-4
589,181.763128973291,3.59816711270217E-4
590,560.007134613103,7.90152211629698E-4
591,346.787297150472,5.47567890205119E-4
592,131.198595268124,3.02288466042247E-4
593,519.129232533405,7.43644634026831E-4
594,467.728371952145,6.85164883581803E-4
595,469.940488999541,6.87681651811439E-4
596,646.43653781043,8.88484610599984E-4
597,193.906232796303,3.73632154692126E-4
598,827.358757252793,0.00109432330908293
599,603.787032394203,8.39961445712465E-4
600,548.484803570734,7.77043033373091E-4
