400,534.258186612408,0.00365205115129073
401,228.583778184618,0.00280547589635512
402,394.878445064721,0.00326603440608627
403,255.418260339392,0.00287979487087474
404,255.258341075353,0.00287935196925134
405,-216.668200054524,0.00157233600437941
406,88.8136770450529,0.00241837803751505
407,-22.088678325461,0.00211123034316389
408,5.52790973932683,0.00218771538553839
409,-132.205336080067,0.00180625866401436
410,60.5743493419918,0.00234016829737884
411,169.625123682937,0.00264218797761131
412,250.899882090613,0.00286728107478192
413,-130.45445242618,0.00181110779346316
414,32.3718742388948,0.00226206062172152
415,247.582461714314,0.00285809337073029
416,-101.956680043225,0.001890033304579
417,-128.737031564951,0.00181586424661507
418,-48.1528377441689,0.00203904480261417
419,-74.8134311730653,0.00196520741859864
420,-101.575965874691,0.00189108770489973
421,-101.035759284614,0.00189258382468962
422,404.482143535257,0.00329263216257769
423,58.3700837668984,0.00233406351189555
424,402.264411388933,0.00328649008098568
425,1245.63533075029,0.0056222333796671
426,1800.47795641759,0.00715888814801809
427,2216.05343774608,0.00830983801281111
428,1183.85190095857,0.00545112215352373
429,450.889576377343,0.00342115906311629
430,344.809990081258,0.00312736818518846
431,-177.661694090993,0.00168036579627488
432,-20.8718910877392,0.00211460027514895
433,57.2907123988737,0.00233107415764848
434,-20.8513703297931,0.00211465710805812
435,394.536659024416,0.00326508781848775
436,394.894122921795,0.00326607782642335
437,368.719926171757,0.00319358753389161
438,341.640764765401,0.00311859091219554
439,31.0234529177217,0.00225832612484426
440,315.620188465697,0.00304652607651697
441,599.109776462335,0.00383165974689598
442,802.474608485321,0.00439488528939495
443,907.850302456612,0.00468672671454598
444,931.589323094215,0.00475247270732164
445,1057.48450488695,0.00510114352399071
446,1853.07067563612,0.00730454540113649
447,1726.37212102111,0.00695364961720463
448,2778.02574883229,0.00986623867772628
449,3287.70867930563,0.0112778221956959
450,4243.21600244159,0.0139241309260774
451,4431.80540202022,0.0144464354259785
452,6988.37974592249,0.0215269515479625
453,10717.9064208501,0.031855997449631
454,12235.4977949989,0.0360590163123028
455,16131.2353430473,0.0468483886541499
456,25112.8079719351,0.0717231473136389
457,30980.2377008429,0.087973185529515
458,40203.2757881464,0.113516690660348
459,52962.7944711619,0.148854594273176
460,67964.5520304024,0.190402451666663
461,89272.4878551561,0.249415475674048
462,109535.292042261,0.30553397348562
463,131913.237827902,0.367510425017347
464,161549.245517843,0.44958831598123
465,185296.518517803,0.515357163943899
466,218429.387486114,0.607119726396759
467,244778.541412519,0.680094568541103
468,274621.812802997,0.762746483091138
469,289954.705015717,0.805211428719552
470,314877.154566421,0.874234966511043
471,330300.376782564,0.916950084033365
472,349634.775118279,0.970497331525467
473,355054.75543926,0.985508143996097
474,360287.355240858,1
475,356333.191527556,0.989048814485768
476,351375.250699641,0.975317635477569
477,351983.606098898,0.97700249561966
478,338214.683871278,0.93886901593129
479,327381.768794719,0.90886690391346
480,324323.081380819,0.900395769249263
481,311433.837376628,0.864698587123686
482,288571.600538151,0.801380875708195
483,282827.289132751,0.785471817709298
484,266617.474328816,0.740578206331484
485,251098.807808264,0.697598752691681
486,240729.891137346,0.668881699408621
487,223458.753323411,0.621048719300592
488,213185.211850174,0.592595810741673
489,203739.38267954,0.566435278431045
490,191676.775624234,0.533027494326521
491,179251.606218368,0.498615581953836
492,167175.414541064,0.465170174795128
493,161325.171453127,0.448967735542594
494,151247.403678758,0.42105702863504
495,142924.39538346,0.398006185400686
496,133288.831083137,0.371320175453205
497,131538.973198445,0.366473886905683
498,122360.342798055,0.341053370313744
499,114464.799162565,0.319186404412183
500,111232.959203656,0.310235718120853
501,102344.06076928,0.285617623669037
502,101733.761899174,0.283927381020973
503,93419.1015371227,0.260899657660318
504,86374.3364040002,0.241388950600445
505,83879.6818986955,0.234479923493246
506,77811.5345094807,0.217673991163373
507,74748.9127882425,0.209191960306541
508,69195.4625505882,0.193811498543662
509,65135.7094259718,0.182567879707119
510,60359.149873405,0.169339042063406
511,53784.4539104933,0.151130206918998
512,52217.9065315238,0.146791602802477
513,47348.6306563076,0.133305984275839
514,45607.9261443979,0.128485046293111
515,42476.8432755657,0.119813410052643
516,39617.6769945066,0.111894855680556
517,34840.2720007227,0.0986636765597868
518,30186.63841118,0.0857752863844125
519,29644.1301514878,0.0842727920453678
520,26530.525525437,0.0756495623689773
521,22691.2468971276,0.0650165548488282
522,23473.9719129471,0.0671843373374575
523,19865.4316809322,0.0571903673398512
524,18842.2404804753,0.0543566059012344
525,16742.2356852077,0.0485405740519746
526,14885.2637726648,0.0433976297068622
527,13746.4974717095,0.0402437792536896
528,11967.9500936839,0.0353180342176187
529,10761.6931095073,0.0319772661135777
530,10695.0527571649,0.0317927034818432
531,10384.1957168265,0.0309317747586096
532,8543.44054073496,0.0258337431946035
533,7549.94581612491,0.0230822271154855
534,8024.29167026368,0.0243959434467303
535,6702.16196391548,0.0207342620551915
536,5703.05960384898,0.017967215446578
537,5785.23842699539,0.0181948123805618
538,5775.6538935896,0.018168267702343
539,4807.40919030572,0.0154866823817445
540,4363.84095734459,0.0142582056772934
541,3235.56886306274,0.0111334192721566
542,3539.59323207027,0.0119754246890412
543,3589.33949615346,0.0121131985917206
544,3872.91922041651,0.0128985818974326
545,3424.32997299266,0.0116561993294822
546,3265.68678068937,0.0112168318284253
547,2358.96823761288,0.00870564521745608
548,3083.41377918657,0.0107120207992366
549,2169.75580638543,0.00818161521106056
550,1992.54582125197,0.00769082637102282
551,1668.29451476574,0.0067928017903467
552,2099.27784653647,0.00798642420003232
553,1463.83890007378,0.00622655528963009
554,1392.49010677821,0.00602895247693726
555,1604.19107493203,0.00661526522063976
556,1416.61294307049,0.00609576145970081
557,1500.78081122706,0.00632886711878599
558,1156.85297165324,0.00537634773725117
559,963.81734847753,0.00484172927592116
560,891.563826683863,0.00464162078811192
561,896.071183096429,0.00465410405886946
562,741.784348888891,0.00422680163380135
563,869.713086796086,0.00458110445052851
564,875.071316869563,0.00459594424367242
565,674.275845518131,0.00403983462944736
566,343.806570162933,0.00312458918096127
567,475.023951974286,0.00348800000436087
568,732.975876488451,0.00420240628187657
569,51.6980960521788,0.00231558522406777
570,530.563289461321,0.00364181801298605
571,488.788970314448,0.00352612267210546
572,362.198703766207,0.00317552679551032
573,1076.10585142722,0.00515271595125296
574,680.469025969252,0.00405698684492472
575,324.644848009818,0.00307152016579506
576,419.119136284526,0.00333316979191976
577,651.852192591931,0.00397773159049744
578,239.990158775803,0.00283706623984034
579,-37.3149056686956,0.00206906080937431
580,525.516585028099,0.00362784100027467
581,151.71266969233,0.00259257885141191
582,247.720296354193,0.00285847510826597
583,202.093600959834,0.00273211048558126
584,495.497290697971,0.00354470158444582
585,-136.628112787482,0.00179400963951191
586,-187.512188214225,0.00165308453116502
587,-39.7589048422102,0.00206229207386248
588,210.349863882126,0.00275497647532573
589,-90.6421667476387,0.00192136921858944
590,-142.643627691042,0.0017773494745696
591,-143.672294643537,0.00177450054785692
592,165.14578098593,0.00262978229175371
593,218.99599924094,0.00277892222951314
594,220.699383739762,0.00278363980850106
595,-784.394312040813,0
596,-42.6992327519268,0.00205414873970976
597,334.512137081221,0.00309884794506225
598,826.32130660003,0.00446092949845932
599,-153.083868578424,0.00174843488654019
600,66.3809409491188,0.00235624984242997
