400,552.395831234452,0.00110199320206903
401,678.680877450112,0.00137510008460464
402,740.906181621629,0.00150966992756206
403,551.545461313494,0.00110015417294346
404,138.970566336771,2.07910421556396E-4
405,75.9735140568577,7.16715787743412E-5
406,328.506918885805,6.17806002411144E-4
407,232.90895293627,4.11063690161151E-4
408,326.747187583298,6.14000367899935E-4
409,75.3464966488352,7.03155768189857E-5
410,169.209982089914,2.7330686249316E-4
411,292.767677643036,5.40515515116773E-4
412,167.809388707325,2.70277907728671E-4
413,383.425954785447,7.36575145202592E-4
414,135.300289672782,1.99972998656512E-4
415,318.953390598609,5.97145327169546E-4
416,42.8324648316083,0
417,134.602192722551,1.98463278483787E-4
418,225.25187671241,3.9450432482454E-4
419,134.203745643019,1.97601587863976E-4
420,407.679279324994,7.89025930585436E-4
421,527.855056927166,0.00104892077135045
422,617.671650266492,0.00124316015710466
423,314.43945455039,5.87383387501813E-4
424,856.516223216504,0.00175969080490227
425,1635.08330654623,0.00344343749815609
426,3379.72301461463,0.00721643458765084
427,2620.93759944008,0.00557546817506452
428,1563.70992903584,0.0032890838259516
429,1296.57266840771,0.00271136677515636
430,1379.40385787337,0.00289049936931208
431,1410.25790590665,0.00295722502784794
432,1822.61597795711,0.00384899987309585
433,2148.25588553053,0.00455323606456608
434,2831.07846211633,0.00602992353315058
435,3320.51999342641,0.00708840080187865
436,4396.72766724154,0.00941583173344451
437,5860.1245289006,0.0125806067149382
438,7328.77187041083,0.0157567365023012
439,8436.46862136437,0.0181522664206347
440,11550.3419156349,0.024886398873315
441,15205.4874786735,0.032791098913814
442,17879.9372622877,0.0385749241947071
443,22307.3022954605,0.0481496434373331
444,29366.0308761139,0.0634150086970894
445,39940.3777332654,0.0862833291479134
446,49679.2353352132,0.107344801735761
447,66810.9024902544,0.144394130611651
448,85607.8341711019,0.185044798021823
449,112903.301564131,0.244074589992062
450,142362.787615993,0.307784337407331
451,180799.816179486,0.390909120265479
452,222289.546466068,0.480635744560022
453,265828.946697141,0.574795031196953
454,309648.34702896,0.669559852352152
455,360058.081905563,0.778577079285615
456,395577.053240041,0.855391205919938
457,426591.641994542,0.922464053431912
458,451410.549512594,0.976137981290475
459,462444.383986313,1
460,448920.623675533,0.970753211648445
461,435477.785040317,0.941681426333314
462,414300.30036278,0.895882521446739
463,390946.084685564,0.845376169120775
464,366535.520414112,0.792585333555601
465,346427.388727473,0.749099035509075
466,327919.162605746,0.709072729237335
467,300766.010731978,0.650350712011347
468,285210.958198659,0.616711005392421
469,271158.215329682,0.586320227457662
470,257659.061804504,0.557126654294335
471,240536.481827566,0.520096977554285
472,225304.266385206,0.487155445692552
473,207315.319766587,0.448252144958745
474,200400.858914208,0.43329877633438
475,189934.432115507,0.410663846230313
476,182150.104083622,0.393829283270324
477,165550.867186767,0.357931400051211
478,156286.938301559,0.337897018992743
479,151169.966377726,0.326830940371258
480,140349.179727848,0.303429663679444
481,131286.244575918,0.283829956191204
482,127591.486435165,0.275839589098801
483,112574.523631374,0.243363567436721
484,107889.965104443,0.233232635757281
485,99986.3802971631,0.21614016541138
486,97333.3879842041,0.210402744539348
487,86342.7351050018,0.186634111317771
488,82580.0478309909,0.178496839153285
489,78054.3722406609,0.168709511287626
490,70265.5811599389,0.151865296437798
491,66398.971219065,0.143503278775549
492,60304.9344783852,0.130324177795831
493,57252.5217200358,0.123722961281081
494,50327.6342325915,0.10874704378111
495,47558.3806007279,0.102758193564774
496,44669.1059540742,0.0965097832012129
497,39118.2772081391,0.0845054360538673
498,38915.7113035704,0.0840673624706317
499,31788.1173591737,0.0686530674256775
500,31094.3337270262,0.0671526753316962
501,28629.6865615566,0.0618225739136538
502,25991.8741072886,0.0561179813455956
503,22170.1172360508,0.0478529639409984
504,21375.8670522047,0.0461353006216764
505,20326.7420860787,0.0438664393631578
506,16915.8941723486,0.0364900629160911
507,16846.3618596853,0.0363396907721516
508,14463.6887331467,0.0311868682552316
509,15385.6623850399,0.0331807492205085
510,13015.6226243155,0.0280552479047667
511,12679.8654382025,0.0273291318590738
512,11672.0449698643,0.0251495966368799
513,10441.5504121203,0.0224885014184595
514,8968.43827694809,0.019302715967859
515,9269.4723547732,0.0199537390382501
516,8475.51420330922,0.0182367072747287
517,7848.74838988001,0.0168812494235019
518,6692.86213458784,0.0143815037987547
519,5887.29007970991,0.0126393555463812
520,6712.21016426846,0.0144233462830996
521,5184.23600752683,0.0111189149901812
522,4701.90994130588,0.0100758257863627
523,4840.22630475853,0.0103749518662765
524,4370.55530182045,0.00935923078707014
525,4001.2009379301,0.00856045672873267
526,3867.6389153541,0.00827161249337808
527,3251.6605395415,0.00693948379747343
528,3308.23478976386,0.00706183254400381
529,3139.68659480556,0.0066973264250176
530,3228.16166833782,0.00688866460985098
531,2595.51495319187,0.00552048858824314
532,3036.51323403827,0.00647420139347777
533,3052.15317859467,0.00650802468949602
534,2564.12183056402,0.00545259711485912
535,2076.67661141909,0.00439843711573921
536,2830.08151047633,0.00602776750310112
537,2498.62259072937,0.0053109469849685
538,2190.03806899986,0.00464359515469425
539,2092.58461629444,0.00443284012503495
540,1900.84338174203,0.00401817621674677
541,1507.37349824268,0.00316724939307007
542,1561.29880596051,0.00328386947693527
543,1649.78195032104,0.00347522511592347
544,1664.34396016368,0.00350671724607469
545,1832.21075278107,0.00386974974902596
546,1599.52092813582,0.00336652949840264
547,1022.69596837768,0.00211907486106382
548,900.432655571212,0.00185466546969353
549,1035.69000569629,0.00214717605855299
550,1423.26666234576,0.00298535805723833
551,748.336635174433,0.00152573919361092
552,968.733903520797,0.00200237528538261
553,934.032281087183,0.00192732877587279
554,985.19275082356,0.00203796955890658
555,591.861480695158,0.00118734250362489
556,775.500712900245,0.00158448483933039
557,510.395903672933,0.00101116321366756
558,1101.09638662163,0.0022886253696769
559,878.905619263874,0.00180811061658695
560,657.643643715812,0.00132960448956375
561,801.748242854004,0.00164124833821441
562,990.617513779225,0.00204970127333923
563,672.960816410023,0.00136272975188999
564,1054.31842761412,0.00218746230295795
565,1394.1524069473,0.00292239491340226
566,305.472350512375,5.67990926536858E-4
567,453.548131861495,8.8822294319401E-4
568,359.842459395702,6.855729474112E-4
569,557.573997157023,0.00111319162020913
570,662.616912917342,0.00134035979344447
571,318.496923263643,5.96158160639799E-4
572,723.550306752072,0.00147213572203778
573,879.818860474866,0.00181008561257904
574,683.391562936819,0.00138528751903518
575,278.193090290808,5.08996184560307E-4
576,538.302344986326,0.00107151431158574
577,753.47423291428,0.00153684987808623
578,968.131436281137,0.00200107237617377
579,1135.76584030549,0.00236360231032467
580,769.836099842679,0.0015722344196704
581,237.343029715631,4.20652924377108E-4
582,946.993308258316,0.00195535858487426
583,787.776263103779,0.00161103222041755
584,188.025229985312,3.13997140961061E-4
585,858.477967875924,0.00176393331804473
586,639.830506775106,0.00129108139879536
587,1096.58128901233,0.00227886091799104
588,250.992446247963,4.50171459700833E-4
589,483.252888660249,9.52463118645441E-4
590,196.455324693011,3.32228253464815E-4
591,1016.84696708328,0.00210642567925386
592,670.168103745705,0.00135669016864221
593,142.426022913033,2.15383269700812E-4
594,682.379690496806,0.00138309922092787
595,84.417946410066,8.99336981928916E-5
596,1059.74249035304,0.00219919250308613
597,330.018238079494,6.21074415306204E-4
598,210.542498852047,3.62693493282209E-4
599,274.036744073594,5.00007576707375E-4
600,213.489617012101,3.69066997329409E-4
