400,3735.18702051974,0.00167164206053515
401,3232.33745744557,0.00137762376117057
402,3667.65438864198,0.00163215544061064
403,2509.70734589599,9.55098831112919E-4
404,2228.92839575412,7.90926172965642E-4
405,2342.65243325032,8.57421106156175E-4
406,2692.3215419243,0.00106187413589359
407,1472.91805991471,3.48883682391265E-4
408,2180.17565489327,7.62420235981954E-4
409,1991.79262765532,6.5227187081477E-4
410,1990.50046560331,6.51516338112874E-4
411,2287.66614938935,8.25270389806055E-4
412,1938.07257915342,6.20861527717818E-4
413,2299.89301919262,8.3241949309677E-4
414,2107.6394653593,7.20008014404625E-4
415,2272.59592607484,8.16458765504567E-4
416,2973.53606092131,0.00122630147302132
417,1999.53310511506,6.56797761232309E-4
418,1938.19284428851,6.20931847258866E-4
419,1421.90020436599,3.19053323120479E-4
420,1752.00473447624,5.12066859738072E-4
421,1629.80168727495,4.40614213154006E-4
422,2009.07299956857,6.62375778494953E-4
423,1742.20883117798,5.06339153004301E-4
424,2479.1544796671,9.37234438998476E-4
425,2654.98128014523,0.00104004112444779
426,5097.52396151896,0.00246820632143527
427,5125.28114367572,0.00248443606506473
428,2990.63195476652,0.00123629751558275
429,2885.71736065341,0.00117495350177655
430,3567.16430099614,0.00157339845473997
431,4493.57657913021,0.00211507569288298
432,5838.0418375292,0.00290119030420444
433,6361.54288806213,0.00320728361698825
434,6792.61551796083,0.00345933363522946
435,8933.08375282644,0.00471087460587607
436,11531.0845556344,0.00622993683418854
437,13467.4894754617,0.00736216110804121
438,19313.6858492495,0.0107804572383272
439,23369.5031312648,0.0131519110236329
440,31042.7969381255,0.0176385188707698
441,41879.2501863003,0.023974639629618
442,54276.5118069313,0.0312233717478121
443,72994.5031140898,0.0421678616624625
444,97475.4686775233,0.0564819873778341
445,126167.890803618,0.0732585698344056
446,166517.544372529,0.0968511855856316
447,216984.853420744,0.126359637952873
448,291653.839920872,0.170018915077085
449,373880.999743972,0.218097488607039
450,484432.002972863,0.282737135032686
451,616888.171336741,0.360184825599637
452,771181.257884191,0.450400656022265
453,960833.80355132,0.561291314067813
454,1142374.9050718,0.667439175880612
455,1342086.08996314,0.784211163484336
456,1500510.11233476,0.876842369826517
457,1626215.97632612,0.950343128433005
458,1678879.41762078,0.981135668757552
459,1711142.44595423,1
460,1663194.46725962,0.971964610911517
461,1588161.10742147,0.928092283131513
462,1490024.75761187,0.870711537883435
463,1385886.55583442,0.809821484010654
464,1263550.99357572,0.738291355303344
465,1145993.25079929,0.669554838168959
466,1048866.06972084,0.612764158212562
467,945071.582038735,0.552075075447647
468,859434.022015354,0.502002426272267
469,782735.583932374,0.45715652009068
470,712646.003959058,0.416174841632122
471,650964.625861838,0.380109474925355
472,590352.274010908,0.344669172456466
473,533573.524214778,0.311470393575072
474,491133.205789106,0.286655357102292
475,450817.557621128,0.263082624455051
476,408356.910183662,0.238255701521759
477,372522.562174911,0.21730320432566
478,331838.596946121,0.19351511511097
479,315630.444463193,0.184038138737085
480,289940.678996658,0.169017222526343
481,265478.047156358,0.154713816617634
482,242478.959195668,0.141266151101534
483,228696.821832007,0.133207676188085
484,205228.674592698,0.119485749697077
485,184748.390362965,0.107510839541212
486,176179.623186731,0.102500644568773
487,159757.509996501,0.0928985644503265
488,139614.680322184,0.0811209654224454
489,132616.895964025,0.0770293308514071
490,121003.240656176,0.0702387767100354
491,111559.190269949,0.0647167998852049
492,103793.537396002,0.0601761892948427
493,90761.7826127521,0.0525564662991959
494,83595.3387710864,0.0483662158037262
495,79861.2463700222,0.0461828759381825
496,72927.6988387032,0.0421288009157068
497,67396.9677010602,0.0388949586639782
498,61250.5293846794,0.0353011097802616
499,56230.3620694982,0.0323657963884958
500,50952.183206832,0.0292796225367065
501,48721.9449341727,0.0279755926393825
502,44731.714004999,0.0256424874762891
503,39876.9899199947,0.0228039094518181
504,37254.1214517387,0.0212703069927068
505,36570.1154694237,0.0208703657569107
506,33404.6365107218,0.0190194966134197
507,29938.1849124442,0.0169926474748338
508,27868.9867246711,0.0157827784068407
509,23845.8405380667,0.0134304275513503
510,22368.0543773731,0.0125663596358184
511,22249.9183395347,0.0124972849870774
512,20379.8591135473,0.0114038533253803
513,18568.9140306763,0.0103449859570699
514,16928.6284481472,0.0093859039316247
515,16325.528724562,0.00903326893281571
516,16894.8060220348,0.00936612781380299
517,15580.1969205109,0.00859747022564429
518,13541.5959022712,0.00740549145409806
519,13642.2426356869,0.00746434003142319
520,13145.3901759671,0.00717382826414864
521,12380.287670641,0.0067264695430228
522,10465.7689273047,0.00560704221056964
523,9195.80446232716,0.00486448853315687
524,9663.58230788707,0.00513800024865111
525,9537.40693278442,0.00506422496488121
526,8430.3093211682,0.0044169002361731
527,7580.43640047285,0.00391997588907569
528,8019.85892905686,0.00417690812894261
529,7670.69800236372,0.00397275223539214
530,6979.05699269202,0.00356834676630659
531,7996.75928892772,0.00416340167014173
532,6711.18645699991,0.0034117217135322
533,5542.01039810542,0.00272809945006168
534,6189.82090654854,0.00310687703681848
535,5040.9289251828,0.002435114960603
536,5439.05612509816,0.00266790164442603
537,4292.40080094018,0.0019974473512868
538,4391.59114502532,0.00205544437151489
539,4416.79911698499,0.00207018358099278
540,3852.79580199692,0.00174040842021708
541,4350.7915275238,0.00203158865991959
542,3946.39742216249,0.00179513768956476
543,3552.3035629056,0.00156470931734871
544,4162.2368051773,0.00192133990388498
545,3646.20920740227,0.00161961635102863
546,3627.66089009395,0.00160877107022988
547,3034.92705689842,0.00126219705205521
548,3210.95996199027,0.00136512424775743
549,3366.19180882956,0.00145588897535485
550,3166.82436644331,0.00133931797547029
551,2478.47140871591,9.36835044479398E-4
552,2196.65141842329,7.72053685684511E-4
553,2850.08546430226,0.00115411937893422
554,2874.73589047697,0.00116853258899687
555,1936.40862278972,6.1988860528495E-4
556,3219.03250697098,0.00136984429948078
557,3414.48889027741,0.00148412848632262
558,2507.40204490382,9.5375091172109E-4
559,3504.90389620923,0.0015369945286407
560,2807.80158597677,0.00112939581365996
561,2239.54533731547,7.97133944298361E-4
562,1388.23385587563,2.99368464554754E-4
563,1765.36477249726,5.19878531352879E-4
564,1919.49223853643,6.09997522752949E-4
565,1698.80754137957,4.80962232442326E-4
566,1904.98613981032,6.01515744521319E-4
567,1820.92781325122,5.52366479935614E-4
568,2030.06593962894,6.74650440716946E-4
569,1081.28155917508,1.19892138255085E-4
570,1914.49243256449,6.07074114726031E-4
571,1539.91503302678,3.88057100334718E-4
572,1404.87864650222,3.09100745126683E-4
573,1415.15100329824,3.15107036267054E-4
574,2782.31834809315,0.00111449565501402
575,1643.5694451272,4.48664280305371E-4
576,1757.7374144404,5.15418782336075E-4
577,1768.59371174079,5.21766505997486E-4
578,1529.16072738077,3.81769011631695E-4
579,1852.24613623575,5.70678437902859E-4
580,1969.11666786136,6.39013139725654E-4
581,2360.94810043636,8.68118661343245E-4
582,2112.63876459768,7.22931126142249E-4
583,1537.03862483655,3.86375252111166E-4
584,1544.31937380517,3.90632337305329E-4
585,1451.60495846848,3.36421820431806E-4
586,1459.06655349589,3.40784647093316E-4
587,1417.16012345855,3.16281777454343E-4
588,1820.74160127464,5.52257600993093E-4
589,1946.29924449589,6.25671694278666E-4
590,1223.9981040801,2.03339115055925E-4
591,2033.19204427515,6.764782875308E-4
592,2058.7531774875,6.91423991910021E-4
593,1546.66297414338,3.92002650489289E-4
594,1203.42724174771,1.91311243494386E-4
595,2047.2653886949,6.84707032460738E-4
596,1464.08543573464,3.43719209095369E-4
597,1659.79165246417,4.5814947461278E-4
598,876.234086048775,0
599,1992.09468159228,6.52448483049092E-4
600,1015.35056475999,8.13420026343448E-5
