400,742.259390057087,1.72625615593135E-4
401,513.078294728043,1.10699339115224E-4
402,309.4618976768,5.56808164001292E-5
403,783.988239138189,1.83901031838053E-4
404,851.576185352166,2.02163750400471E-4
405,399.051426011543,7.98885107268253E-5
406,555.619349220329,1.2219421873594E-4
407,419.299614345833,8.53597076733525E-5
408,781.990285039432,1.83361171175758E-4
409,103.394437832853,0
410,327.209640842486,6.04763762108513E-5
411,349.575873094784,6.65198828981561E-5
412,368.331174553702,7.15876917499464E-5
413,455.77377424443,9.52152714882351E-5
414,389.168490544276,7.72180749595094E-5
415,560.589764726051,1.23537258502704E-4
416,430.118503172676,8.8283044346096E-5
417,495.037392438324,1.05824565733501E-4
418,514.985688197826,1.11214729685255E-4
419,427.955985237641,8.76987174261938E-5
420,513.660976774202,1.10856783730965E-4
421,533.79110524267,1.16296080106106E-4
422,816.585164123488,1.92708940649516E-4
423,791.588260790516,1.85954608907333E-4
424,530.486914636255,1.15403265536323E-4
425,704.644734378689,1.62461882132407E-4
426,679.063779321639,1.55549735678279E-4
427,1213.9945305487,3.00091629718288E-4
428,1968.72532920674,5.04024977872458E-4
429,1785.5071366883,4.54518187491733E-4
430,737.813927290121,1.71424421594196E-4
431,717.75986776114,1.66005679559156E-4
432,481.61699722205,1.02198284502003E-4
433,566.987993516884,1.25266103041566E-4
434,246.584080236259,3.86908063752618E-5
435,777.156690389395,1.82055101326277E-4
436,394.854316908392,7.87544235615794E-5
437,394.911844880341,7.87699680072983E-5
438,287.167349709945,4.96566792898526E-5
439,499.431328399183,1.07011836842175E-4
440,687.916211853382,1.57941722607549E-4
441,411.939656156878,8.33709973697357E-5
442,350.318400612011,6.67205188374263E-5
443,411.97252672378,8.33798792184372E-5
444,620.925929187067,1.39840496763543E-4
445,558.787333856184,1.23050229534545E-4
446,326.78053711745,6.03604294924881E-5
447,535.520644104721,1.16763413162513E-4
448,516.230769529844,1.11551159052142E-4
449,410.37212243589,8.29474391942459E-5
450,661.057784802263,1.50684394611357E-4
451,770.437401781889,1.80239504261232E-4
452,705.798172672217,1.62773548932685E-4
453,791.886177862473,1.86035108107928E-4
454,1007.80009706038,2.44376504183734E-4
455,919.95395297922,2.20639884031544E-4
456,904.204834789729,2.16384366158722E-4
457,1056.1595343723,2.57443550054139E-4
458,1137.66919287419,2.79468009099336E-4
459,1507.14538300614,3.79302965683632E-4
460,1744.66071318306,4.43481208584341E-4
461,1468.6080616791,3.68889921746521E-4
462,1239.86513940395,3.07082042580753E-4
463,2233.70735368338,5.75624906679227E-4
464,2257.74038616237,5.82118794020849E-4
465,2943.06928340471,7.67299280692309E-4
466,2572.17096819718,6.67080056328466E-4
467,4164.23275987006,0.00109726588181945
468,3514.25707468506,9.21638071301761E-4
469,4861.78265675394,0.00128574856495503
470,5800.32876322768,0.00153935004806738
471,6716.01615322062,0.00178677495193489
472,8112.44042226685,0.00216409820035233
473,9491.24801184035,0.00253666130325216
474,11358.0803660288,0.00304109198649593
475,14055.527095583,0.0037699602717224
476,16746.6935503459,0.00449713158437564
477,19793.7557558486,0.00532046832736677
478,23643.1023005801,0.00636058770565183
479,27662.9418553778,0.00744677544426019
480,35647.4777759016,0.00960425086016332
481,41341.1958141879,0.0111427318457785
482,50417.5727674222,0.0135952300669635
483,60633.9466706896,0.0163557631468282
484,73724.6762907976,0.0198929665125268
485,87597.6761254381,0.0236415445621452
486,110385.787455625,0.0297990458194652
487,136159.763051116,0.0367633477239035
488,160184.534859263,0.0432550029765935
489,207034.144368008,0.0559140831993983
490,246471.399704698,0.0665702953708407
491,303172.100480951,0.0818912068435793
492,363176.275224776,0.0981047392454556
493,446683.248850368,0.120668886297582
494,532759.925486171,0.143927384421066
495,639284.506963276,0.17271104423722
496,751534.692631128,0.203041800892275
497,875875.695645411,0.236639577877974
498,1016300.36286035,0.274583269323316
499,1177791.44546666,0.318219248180286
500,1341764.9910347,0.362526005259577
501,1504966.19777563,0.406624071182762
502,1705724.89807639,0.460870424977
503,1875460.14288624,0.506734032021243
504,2079028.23168115,0.561739501519915
505,2252467.8455293,0.608604054043157
506,2457027.85249197,0.66387754651559
507,2649894.77941167,0.715991489957247
508,2840235.28498899,0.767422777325879
509,3011813.93937112,0.813784486059843
510,3191922.35862283,0.862450994746204
511,3371598.80467288,0.91100078136228
512,3502083.32002875,0.946258576785645
513,3608752.31938791,0.975081259286805
514,3674783.11744475,0.992923225923076
515,3700973.33792287,1
516,3647847.9291283,0.985645156515676
517,3583531.11888733,0.96826632093833
518,3435737.61180345,0.928331519299581
519,3247560.44191898,0.877484779814522
520,3044882.04270113,0.822719710435457
521,2822429.19974534,0.762611453092508
522,2566612.93841667,0.693488175259142
523,2348160.89875423,0.634460961928666
524,2134011.15622924,0.576596258279194
525,1915725.8099386,0.517614086621176
526,1729207.33249773,0.467215537012801
527,1559940.61281939,0.421478528616622
528,1402870.55379401,0.37903714012582
529,1266134.87376534,0.342090237879397
530,1134443.77571035,0.306506415679209
531,1014829.37235186,0.274185797774477
532,906031.562187489,0.244787896247054
533,812591.77879482,0.219539837055685
534,723634.360917494,0.195502943234565
535,665858.46990605,0.179891508114249
536,594869.31203558,0.160709759240463
537,535820.751815926,0.14475444032319
538,483036.655487472,0.130491821767417
539,438636.620660162,0.118494633131952
540,392477.952465537,0.106022249908683
541,356271.732378024,0.0962390852364821
542,323798.742375065,0.0874646644924826
543,286184.293051504,0.0773009867902233
544,256845.233957186,0.069373375298237
545,235932.134470479,0.0637225148772915
546,213829.431928118,0.057750215693617
547,192981.006273009,0.0521168305778254
548,168447.582160393,0.045487734044508
549,155715.350790084,0.042047399321932
550,140860.2691587,0.0380334561522902
551,124318.49565064,0.0335637574704493
552,111785.171146708,0.0301771687236615
553,104407.966355622,0.0281837982719186
554,91171.5088003238,0.0246072182360275
555,79437.9875286614,0.0214367417127122
556,76914.2299137959,0.0207548053968175
557,66282.8477439087,0.0178821342864473
558,58522.0524020301,0.0157851150827488
559,50862.2460577456,0.0137153837867953
560,50103.5397099757,0.0135103762184787
561,43615.5381775489,0.0117572744798326
562,40189.3815525339,0.0108315038698585
563,36712.689694355,0.00989207829931141
564,33192.1412823716,0.00894080239236392
565,29220.8152839673,0.00786772334364043
566,25447.7960587005,0.00684822812146738
567,23140.0483565167,0.00622465913973478
568,22418.5711536002,0.00602971113725589
569,20695.6686415052,0.0055641712673321
570,17512.9862265631,0.00470418902976525
571,16791.6226139187,0.00450927172014343
572,15495.2081734698,0.00415897180140916
573,12235.5730069672,0.00327819641176306
574,11864.7952232327,0.00317800975581552
575,11564.0008181228,0.00309673308041128
576,9338.34781689609,0.00249534664013804
577,9596.63094190651,0.00256513648116315
578,8392.73783459549,0.00223983645017169
579,7278.58813383737,0.00193878569243851
580,7188.76431144134,0.00191451469027748
581,6189.6288031663,0.0016445415424683
582,6557.5702135482,0.00174396179122079
583,5084.25539082316,0.00134586219701088
584,4679.24974874101,0.00123642694306603
585,5083.90530928696,0.00134576760262049
586,3926.02014364848,0.00103289922753025
587,2992.06488033602,7.80538221179144E-4
588,3575.52242958235,9.38192383080574E-4
589,3286.23403009402,8.60024707937709E-4
590,3101.38787288734,8.1007803052688E-4
591,2905.16189827888,7.57056449762095E-4
592,3195.9861103866,8.3563911182502E-4
593,3138.73710522572,8.20170044812368E-4
594,2681.75910860429,6.96691510413749E-4
595,2061.8266170615,5.29181573288262E-4
596,2727.1512931177,7.08956784580793E-4
597,2396.15020196079,6.19518059034762E-4
598,1227.2118203466,3.0366303049695E-4
599,1858.39814389709,4.74213828873862E-4
600,2049.90520938063,5.25960328590955E-4
