400,17.4340863740539,6.45256698811666E-4
401,365.326540649278,0.00243146115380532
402,266.383831344349,0.00192345384873802
403,488.819088128758,0.003065516120378
404,215.659900776182,0.00166301902285366
405,166.397486146332,0.00141008814322622
406,141.047698703208,0.00127993325568092
407,189.838566091561,0.00153044304288986
408,165.835984347069,0.00140720519189167
409,189.452400362934,0.00152846032973709
410,-7.36512510419014,5.17928665454192E-4
411,238.196034982342,0.00177872760699425
412,-7.29618009257171,5.18282653835914E-4
413,-7.27882106296609,5.18371781310899E-4
414,330.716474318314,0.00225376067795917
415,40.7984058514057,7.65217482742106E-4
416,424.501537390968,0.00273528678010253
417,136.510845001904,0.00125663942394258
418,375.304907145551,0.00248269366106488
419,112.227403897372,0.00113195954040255
420,135.985034277183,0.0012539397233672
421,159.085394822061,0.00137254524760365
422,230.612626022659,0.00173979166946135
423,111.481841176092,0.00112813155437451
424,582.090038716476,0.00354440258489865
425,466.906257869294,0.00295300780193079
426,863.921254680019,0.0049914249831255
427,1943.06805054466,0.0105321511204064
428,2791.37955636312,0.0148876862068805
429,2491.75212667161,0.0133492916738106
430,2094.96733140397,0.0113120564297828
431,1766.68293069829,0.00962652674427405
432,1785.03180368572,0.00972073642968538
433,2857.81671524425,0.0152287983744836
434,3532.3757895226,0.0186922262494647
435,4244.41450307617,0.022348088015501
436,5902.72383164872,0.0308624420178746
437,8007.53572750869,0.0416693001118257
438,9528.35300606521,0.0494777206878004
439,13865.7879960149,0.0717476653419155
440,18159.615276391,0.0937937123973468
441,23636.062667126,0.121911754644766
442,30472.7149053703,0.157013575725178
443,37752.5703712311,0.194390960905667
444,46361.5813854544,0.238592706697283
445,60229.9456788194,0.309797855816977
446,71880.9036098134,0.369618046526894
447,87375.286320969,0.44917175654829
448,102644.61291436,0.527569947859133
449,115850.607853215,0.595374255490781
450,133609.106631089,0.686552748272761
451,148604.382391985,0.763543864460585
452,163395.980882565,0.839489228597311
453,177885.835683226,0.913885332563036
454,187112.824064381,0.961259995479859
455,193282.068568274,0.992935106225666
456,194658.071873761,1
457,188686.149416882,0.969338011312784
458,186666.838382403,0.958970145262578
459,174830.628069637,0.898198802478064
460,165742.636148454,0.851537797167152
461,151983.286948855,0.780892370581687
462,138204.359546401,0.710146422490996
463,125937.526599939,0.647164108881231
464,117216.957046898,0.602389581597574
465,104824.234103729,0.538760903658279
466,96882.8024841606,0.497986749566741
467,89780.3840186139,0.461520389493429
468,78978.8767498021,0.406061582706736
469,71172.9942324101,0.36598338625154
470,64803.9061003942,0.333282206746641
471,60333.5291815359,0.31032969061748
472,52578.1366853868,0.27051072801392
473,47063.9302893258,0.242198817510088
474,43665.7672956281,0.224751431677064
475,39047.0537336334,0.201037302096525
476,35963.7323927114,0.185206426066731
477,32414.9760221389,0.166985839903085
478,30805.1127138362,0.15872022511931
479,26911.2737384428,0.138727861274094
480,25713.5695869732,0.132578419212822
481,24097.0610947206,0.124278685674731
482,22079.6481991259,0.113920565349355
483,20637.850048857,0.106517857278043
484,17998.5923131232,0.0929669628349154
485,17121.835256479,0.0884653781029682
486,16056.3896960305,0.0829949990152953
487,15478.254265603,0.0800266446611583
488,14269.4704989703,0.0738203158875679
489,12492.7615712674,0.0646980559394426
490,11869.7566045345,0.0614993253162683
491,10510.1379996865,0.0545185564630566
492,10532.390194445,0.0546328072003822
493,9884.39173345066,0.0513057510264609
494,8997.30504255675,0.0467511302528044
495,8629.71353298245,0.044863783792855
496,7474.640718912,0.0389332262858431
497,7180.57651279034,0.0374233953350024
498,7584.21246114757,0.0394958068526748
499,6058.50556353054,0.0316622812212676
500,5583.87057028015,0.0292253351794054
501,5486.73076010746,0.0287265846041762
502,5800.36793503013,0.0303369101867348
503,5078.62975702816,0.026631247896439
504,5840.53647531875,0.0305431498586
505,4367.7195539866,0.0229811803075379
506,4646.41076187569,0.0244120807797431
507,3520.95850503187,0.0186336058218853
508,4248.26585843752,0.0223678622532566
509,4399.66748260542,0.0231452124149477
510,3902.59928439209,0.0205930862645429
511,2968.43718258134,0.0157967634715785
512,2876.72183985972,0.0153258640549702
513,3406.92944428268,0.0180481397854537
514,3278.98533833169,0.0173912289234003
515,2450.09351133857,0.0131354014230095
516,2567.89482273488,0.013740235545263
517,3684.50380761182,0.0194733059776998
518,2678.72900248983,0.0143092979184505
519,2349.3665970707,0.0126182333706645
520,1936.09046828965,0.0104963257141471
521,1981.60484503843,0.010730012824965
522,1756.96769726971,0.00957664525642288
523,2335.15515633935,0.0125452667442423
524,1545.68376808071,0.00849183789441155
525,1811.04364217075,0.00985429052438784
526,1674.53638091685,0.00915341335618743
527,1159.47963859677,0.00650892757789339
528,1896.86038751467,0.0102949044295262
529,1406.1396751976,0.00777536854501118
530,1118.40066589641,0.00629801341996257
531,1419.46823767265,0.00784380215827021
532,1131.1153451076,0.00636329513668779
533,1439.17004842299,0.00794495831069957
534,1232.02210096729,0.00688138656017397
535,1180.23988520448,0.00661551811908439
536,1495.7196692549,0.00823530431681977
537,1038.84211489485,0.00588953132589735
538,799.911013125889,0.00466277347825913
539,991.932091159655,0.00564867846361202
540,681.917134625753,0.00405695064752827
541,1192.94215144517,0.00668073610317348
542,660.37383270678,0.0039463396199246
543,1175.22634203968,0.00658977679291818
544,764.768794166194,0.0044823407402311
545,834.647360047114,0.00484112232388201
546,871.664898720241,0.00503118362494872
547,1009.72973550686,0.00574005794376662
548,749.855352488441,0.00440576978953432
549,389.139107783389,0.00255372340174167
550,593.040569950154,0.00360062653409264
551,529.279728281957,0.00327325553756111
552,566.480997372402,0.00346426017639183
553,573.425226936117,0.00349991433798912
554,815.300429400007,0.00474178825299993
555,371.472245192858,0.00246301540196424
556,164.653999156288,0.00140113645660419
557,375.847074764045,0.00248547734379099
558,554.574711373165,0.00340312903993596
559,631.867530499006,0.00379997805509848
560,418.239100182631,0.00270313318463592
561,493.813981742106,0.00309116169306789
562,753.488457419801,0.00442442345141777
563,391.080873696691,0.00256369312336763
564,690.362238775305,0.0041003108367748
565,472.883569454816,0.00298369746033454
566,624.979075071338,0.00376461025789069
567,480.778185181858,0.00302423124486712
568,599.331096858481,0.00363292435213908
569,525.211920809276,0.00325236995714547
570,570.838044430503,0.00348663081642773
571,66.4355994937488,8.968480166463E-4
572,459.579486650184,0.00291538953447065
573,386.480283821886,0.00254007204728797
574,548.566306145482,0.00337227973563744
575,350.000716351359,0.00235277288304525
576,355.129978084111,0.00237910834978298
577,560.903572327533,0.00343562367870379
578,606.041231737157,0.00366737658778435
579,488.071649558722,0.00306167850307062
580,574.272123025771,0.00350426260582208
581,156.354406982731,0.0013585233779563
582,286.075000010811,0.00202455536089741
583,-55.8498999121925,2.68990467177249E-4
584,549.601693343555,0.00337759578432753
585,-100.732489469824,3.85471780679396E-5
586,118.957254398101,0.00116651300311242
587,474.527036862701,0.00299213561060059
588,255.380226150477,0.0018669573988244
589,301.820287751675,0.00210539730720084
590,485.673506227583,0.00304936557633377
591,353.809276645879,0.00237232739560103
592,400.967713532166,0.00261445569997116
593,358.296082630082,0.0023953642644356
594,-108.240181182242,0
595,80.3840038693797,9.68464120214027E-4
596,319.128288762707,0.00219426278310588
597,178.488322844173,0.001472166829064
598,179.268032068569,0.00147617013546832
599,-14.6550998414986,4.80499324309959E-4
600,331.043618366895,0.00225544035266846
