420,-101.669872204943,0.00295656327444508
421,-169.816186158075,0.00283236117755433
422,-80.6698722049426,0.00299483745074902
423,-258.205886105045,0.00267126389378183
424,364.36493137279,0.00380594890472627
425,-614.484620491425,0.00202191746077002
426,97.4914491997158,0.0033195506805578
427,627.171870798234,0.00428493553012949
428,8.84529852774834,0.00315798599486807
429,-167.120355987123,0.00283727454323283
430,535.901221278861,0.00411858748579238
431,-79.0973698457593,0.00299770346182205
432,708.430091600718,0.00443303512389799
433,794.468193514994,0.00458984643254195
434,709.67396880288,0.00443530218939018
435,1142.58620387976,0.00522431929460276
436,1316.80902044807,0.00554185428496011
437,1669.33132611877,0.00618435432678442
438,3746.13630194259,0.00996949717409755
439,4866.64847845892,0.0120117200595592
440,5229.91853868184,0.0126738087419837
441,7275.37911333382,0.0164018239161257
442,9255.30904385139,0.0200104042604149
443,10683.5549575338,0.0226134964463987
444,15926.6297611912,0.0321694187992519
445,21657.3283545231,0.0426140744328667
446,26020.8130062409,0.0505668735214081
447,31541.220817744,0.0606282574188893
448,40339.6917140955,0.0766641729566044
449,44024.0351877246,0.0833791830363161
450,54878.6469758865,0.10316257947874
451,66540.6673487827,0.124417542517423
452,80264.4835733641,0.149430293076588
453,91019.5687599331,0.169032294342998
454,110754.462328643,0.205000713190057
455,129912.463602416,0.239917699779746
456,150271.384659755,0.277023458537199
457,181099.672718456,0.333210474361356
458,208486.186220731,0.383124581320225
459,236990.236440035,0.435075488152126
460,282922.212420475,0.518790180850392
461,317582.07792557,0.581960552422429
462,367762.778778598,0.673418885351187
463,419746.407883872,0.768163198936605
464,449723.152537628,0.822798208931651
465,483915.417310132,0.885116340842781
466,512395.02089677,0.93702269173522
467,529855.491065785,0.968845792382768
468,538660.074196143,0.984892847954864
469,546948.957813874,1
470,536240.436465677,0.980482865045935
471,528261.907211071,0.96594135860132
472,513768.296116448,0.939525595443401
473,495959.489679949,0.907067624142769
474,488149.616209267,0.892833506327135
475,448790.894226015,0.821099093742152
476,436117.969046947,0.798001675999758
477,401873.838016835,0.735589013693966
478,372075.063572808,0.681278368612443
479,330001.232008805,0.604595452085644
480,309942.15767691,0.568036187920274
481,284951.04865032,0.522487896829101
482,264067.356582273,0.484425701015312
483,235274.181925399,0.431947841816871
484,211666.589533933,0.38892112023104
485,195763.019286798,0.359935593969093
486,180866.939397232,0.332786299305721
487,164073.755670048,0.302179381463881
488,140666.157933765,0.259517166101492
489,138312.386204574,0.255227229237574
490,122973.318378655,0.227270553699133
491,111230.965541928,0.20586917833266
492,99881.3637123468,0.185183623027666
493,86762.8587127717,0.161274100494436
494,83247.5678779541,0.154867202343416
495,79080.3107194488,0.147272043524917
496,70789.4108438733,0.132161216688914
497,68444.6294276108,0.12788766538795
498,59100.664883234,0.110857544133226
499,54400.3833891659,0.102290905915031
500,48081.5850182367,0.09077439149227
501,44311.7104481517,0.0839034941618336
502,44070.0324998642,0.0834630168093797
503,38228.018012583,0.0728154790733627
504,34849.1789057605,0.066657275088736
505,33700.1964604251,0.0645631628657408
506,28647.1673657004,0.0553536139876257
507,24899.7717474203,0.0485236863412135
508,24729.2889060809,0.0482129677542507
509,26833.5520218582,0.0520481552534475
510,23242.0355432717,0.0455023297820229
511,23731.0052849419,0.0463935161677359
512,18089.6952298113,0.0361117782803434
513,16558.1584737549,0.0333204302890452
514,14092.4983547518,0.0288265679033161
515,16590.072933429,0.0333785969393409
516,14296.0288732955,0.0291975185199815
517,13535.7533418855,0.0278118556757549
518,11277.2280628636,0.0236955130702224
519,10928.7625372678,0.023060406833913
520,12032.1032046045,0.0250713332731963
521,8796.33859342594,0.0191738939776586
522,10226.4937752861,0.0217804659573018
523,7717.00478615675,0.0172067219571719
524,7947.14391324738,0.0176261688869196
525,6930.07974070831,0.0157724882463397
526,7840.57353931527,0.0174319358735551
527,7516.0569407827,0.0168404784685175
528,8032.89437972654,0.0177824559570228
529,4868.74454194463,0.0120155403025781
530,4993.58706051424,0.0122430757581
531,4473.05104010778,0.0112943573096435
532,4826.16594352985,0.0119379374081732
533,4959.33402555463,0.012180646867672
534,5339.48854308708,0.0128735088213279
535,4564.07844536943,0.0114602620219042
536,3211.65797581424,0.00899536776053231
537,3239.27555034942,0.00904570299466787
538,3372.71286482608,0.00928890315180137
539,3736.02925277396,0.00995107627020266
540,4362.74143294647,0.0110933092452383
541,3552.60511237443,0.00961677113267647
542,2622.65714422374,0.00792186672855801
543,2291.98147507684,0.00731918392568414
544,1334.76246060978,0.00557457586277017
545,2066.63025798297,0.00690846334409569
546,2825.70567835486,0.00829193889015755
547,2338.26392688548,0.00740353738855568
548,2231.2517627704,0.00720849917731728
549,-112.146740354973,0.00293746834593616
550,2007.08208793756,0.00679993205081497
551,2147.09523449481,0.00705511718682456
552,1537.98367434887,0.00594496274673923
553,1032.11044744334,0.00502296840988093
554,1297.76837474315,0.00550715118826244
555,2086.08088702619,0.00694391366815391
556,1052.93951491342,0.00506093104800458
557,2895.66741327307,0.0084194497366713
558,1334.92667994185,0.00557487516561151
559,1470.81015151329,0.0058225336393123
560,682.163706726826,0.0043851625407775
561,282.681973219605,0.00365707519323188
562,1230.3081385252,0.00538419952280952
563,561.068976411981,0.0041644577285133
564,701.38204221154,0.00442018949128274
565,1259.95996161023,0.00543824233730902
566,2534.72506858804,0.0077616035016222
567,1562.0746366982,0.00598887044865779
568,1713.80163286904,0.00626540501063444
569,875.82548297046,0.00473812658683857
570,879.110446795056,0.00474411369562784
571,1031.37093362011,0.00502162058690714
572,895.238214102048,0.00477350783892768
573,752.841517984582,0.00451397849358015
574,-431.668913641979,0.00235511367958358
575,616.619420147216,0.00426570284647922
576,-287.471007814676,0.00261792587340704
577,929.400012164815,0.00483577044282834
578,477.271470293887,0.0040117300845612
579,480.073244411701,0.00401683654153972
580,1579.67240323715,0.00602094378289909
581,487.577885242236,0.0040305143485038
582,-460.43870631298,0.00230267843592083
583,1296.97650411757,0.00550570794083704
584,821.763713846899,0.00463959469718438
585,16.2732203123901,0.00317152397524698
586,344.601002207429,0.00376992756618658
587,1007.4516216934,0.00497802573158564
588,682.9498435335,0.00438659533786024
589,-487.209625212628,0.00225388629926448
590,1366.67855168988,0.0056327454864336
591,-835.977974824503,0.00161822814201313
592,-154.687863860691,0.00285993375254447
593,1576.04265131248,0.00601432827027506
594,-506.794230196253,0.00221819179336037
595,1075.42910729078,0.00510192012532146
596,1437.67562678832,0.00576214332307082
597,-340.457694159963,0.00252135340793366
598,18.0668697199695,0.00317479304446856
599,18.1852993013804,0.00317500889183421
600,753.429331135813,0.00451504982996987
601,388.450433834671,0.00384984665556412
602,1137.15150616503,0.00521441412419837
603,-1113.77808613404,0.00111191526403625
604,-171.063446413793,0.00283008794617699
605,-747.319962248595,0.00177981444696966
606,-1723.85576251133,0
607,-955.548738338208,0.00140030088089313
608,1202.60896347089,0.00533371556521417
609,219.420014219029,0.00354177522313091
610,421.910355056102,0.00391083003289484
611,-384.486141015886,0.00244110804901214
612,1868.06754552848,0.006546566950578
613,-393.075446513016,0.00242545335411092
614,-396.860769267274,0.00241855430123169
615,-402.653097279019,0.00240799732106351
616,660.091942826853,0.00434493498921338
617,453.703918047902,0.00396877633933667
618,-196.941444888586,0.0027829232282714
619,-1517.98977893697,3.75207188109938E-4
620,-869.266481672361,0.00155755718106124
