400,197.805772098896,0.00155958513647453
401,455.149238132427,0.00249096413732058
402,454.340544894258,0.00248803730994949
403,625.326346886982,0.00310687014014886
404,482.451963313517,0.00258977832246964
405,196.83869285127,0.00155608507751723
406,394.308763717318,0.00227076993093509
407,424.160723243189,0.00237881032016681
408,308.899008681431,0.00196165443818943
409,195.300555511401,0.00155051824172049
410,506.650820134756,0.00267735896881426
411,363.258295725522,0.00215839189274456
412,474.217817826552,0.00255997725421376
413,554.73980761684,0.00285140291795003
414,302.480352278844,0.00193842399881144
415,773.277617411031,0.0036423362572355
416,960.963943296618,0.00432161172270625
417,1072.8652654812,0.00472660565263198
418,1871.78525986784,0.00761806164176831
419,2051.61954937199,0.0082689189705276
420,3074.86212504775,0.0119722445783045
421,3718.961090674,0.01430337138054
422,4885.26295917151,0.0185244580306457
423,6942.26096618614,0.02596915743586
424,10885.9750756577,0.040242270965867
425,14594.0184057496,0.0536624434112977
426,20850.3587887049,0.0763054276869134
427,24846.4570766108,0.0907681303466634
428,31161.4932541957,0.113623546790846
429,33279.2144672359,0.121288015983994
430,35421.9824351291,0.129043134541079
431,34818.7369070728,0.126859864742759
432,34772.9681704141,0.126694218259185
433,31537.68078134,0.114985046923578
434,26790.6710396227,0.0978046410699044
435,23995.552929185,0.0876885330020706
436,20912.2501130792,0.0765294251357131
437,19417.2782057658,0.0711188139288794
438,18057.0503641028,0.066195869244805
439,15959.600511644,0.0586047662802821
440,16230.4473000279,0.0595850165855861
441,19703.7037234829,0.0721554468639214
442,17113.2705500882,0.0627801357360277
443,19526.8087848983,0.0715152276514692
444,25422.452831729,0.0928527776049064
445,29057.1800401602,0.106007603907337
446,34546.3234888052,0.125873944481275
447,41635.1329131901,0.15152980565636
448,53719.8555560936,0.195266905626804
449,66998.7222201464,0.243325858731609
450,82229.400533932,0.298448820152565
451,101113.240569779,0.366793326177177
452,127918.943760577,0.463808686386743
453,150354.171313022,0.545006395206082
454,176614.79102748,0.640048986060374
455,209587.235930523,0.759383054504321
456,233934.933634686,0.847502386656512
457,254602.283466856,0.922301781929731
458,270583.032074383,0.980139402213086
459,276070.588769712,1
460,273573.704940557,0.990963263214444
461,261142.791694388,0.945973228156348
462,241455.226865289,0.874719876586005
463,222189.03244831,0.804991551314074
464,202487.900200441,0.733689096461129
465,183614.033421432,0.665380685706905
466,163921.220799731,0.594108341294402
467,155460.040367643,0.563485586816583
468,149440.153298255,0.541698375777922
469,143585.796052217,0.520510251259151
470,141927.725788838,0.514509353513269
471,146809.178799028,0.532176337242769
472,152476.052963535,0.552685921879246
473,157521.883705764,0.570947822472917
474,158226.077762003,0.573496445784055
475,163525.686379454,0.592676820771127
476,152861.035193199,0.554079251851575
477,146753.108506548,0.531973407307178
478,140304.291993801,0.508633812279341
479,128933.197094048,0.467479478075738
480,121705.823665653,0.441322125234294
481,109931.059514963,0.398706828879971
482,102803.814990465,0.372911863162256
483,95756.5582340956,0.347406389650069
484,93712.5598819968,0.340008738673142
485,84081.1702154369,0.305150755983071
486,79702.5608226653,0.289303666860539
487,73801.650312436,0.267947056491488
488,73234.1881696398,0.265893294133649
489,67849.8764034992,0.246406361007714
490,64266.6992872131,0.233438105104974
491,60585.5620869134,0.220115311484305
492,55735.8530800868,0.202563215840331
493,52204.1385896739,0.189781213778831
494,51109.7195242336,0.185820285796522
495,48538.535527339,0.176514641402554
496,45929.3964735321,0.167071629841163
497,42481.4798600468,0.154592909553585
498,42371.5022319202,0.15419487786862
499,39612.4764358437,0.144209395319304
500,37399.0941858728,0.136198709133086
501,38076.4857075966,0.138650328552102
502,36921.3318412483,0.134469588817592
503,32607.2704385706,0.118856112164212
504,31988.5646484199,0.116616888493489
505,30741.7426225393,0.112104382811506
506,27581.2231042871,0.100665811798086
507,26429.4506515972,0.0964973100959735
508,24589.6840032662,0.0898388157144252
509,23677.3717126935,0.0865369696534008
510,20850.2551628334,0.0763050526435439
511,19474.3578024337,0.0713253967441834
512,18259.8835307586,0.0669299642463611
513,15789.4828878518,0.0579890755657829
514,14320.0369777522,0.0526708481996852
515,13981.1924576352,0.0514445000997976
516,13234.3524083567,0.0487415321573431
517,10749.5901986642,0.0397486660089486
518,8953.19488980026,0.0332471414368181
519,9303.08140638454,0.0345134527959078
520,8448.38083628532,0.0314201154158251
521,7986.14532021121,0.0297471898904474
522,7517.85218407612,0.0280523405905638
523,6839.628881597,0.0255977107856974
524,5934.85703676058,0.0223231551506708
525,5186.96296263859,0.0196163724752418
526,4840.67675638199,0.0183630913806753
527,2992.88771452926,0.0116755623048415
528,3574.63921489636,0.0137810407904775
529,3939.16350329944,0.0151003292602797
530,2894.24377702789,0.0113185495803079
531,2952.01292898124,0.0115276280381967
532,2967.25115618067,0.0115827783205894
533,2942.09193804847,0.0114917219288838
534,3244.34011100323,0.0125856203117456
535,2380.27900746811,0.00945840523345172
536,1941.34914239466,0.00786982765860733
537,2055.997804747,0.00828476477838694
538,1390.80231441533,0.0058772853086277
539,1329.89063830515,0.0056568334086445
540,1116.27853740331,0.00488372722424012
541,1236.90501706692,0.00532029929593992
542,1794.70662417011,0.00733909818561679
543,1213.94521361845,0.0052372030389218
544,1034.78172531306,0.00458877347784552
545,1754.06689437007,0.00719201463413125
546,1011.35727724715,0.00450399557626804
547,676.341840569752,0.00329150571790911
548,949.795216265229,0.00428118979949386
549,1451.39168638208,0.00609657072354059
550,729.683012426326,0.00348455840393013
551,927.176324544273,0.00419932737222491
552,856.19887886533,0.00394244537922943
553,272.472355982244,0.00182981888037226
554,1104.76397626816,0.0048420536561852
555,1115.07425030576,0.00487936866122338
556,719.997176649601,0.00344950336955475
557,642.444896162752,0.00316882569536907
558,688.488311953059,0.0033354662992876
559,323.896130391346,0.00201593211016237
560,243.361114933139,0.0017244593038514
561,576.718191419009,0.00293094721515479
562,289.506221538078,0.00189146794777027
563,417.095401863965,0.00235323946706429
564,547.922718061934,0.00282673046694053
565,552.279096413828,0.00284249709734787
566,513.44815121853,0.00270195990984767
567,431.832147161111,0.00240657478317754
568,389.918457938127,0.00225488051018136
569,571.23780773286,0.00291111257796531
570,307.491665091108,0.00195656097190795
571,265.147165480001,0.00180330750739613
572,312.754701452317,0.001975608984368
573,452.34997467978,0.0024808330264056
574,364.500845083801,0.00216288893476257
575,505.007134699596,0.00267141013272411
576,464.190774986255,0.00252368732120718
577,561.861766261864,0.00287717875298135
578,185.233992961076,0.00151408527874465
579,282.987217802565,0.0018678743307289
580,960.357437907272,0.00431941665479859
581,238.778270027999,0.00170787304434938
582,44.1121662617373,0.00100333632531416
583,539.848589160694,0.00279750853166218
584,144.453037807231,0.00136649060361974
585,497.788943641654,0.00264528601277235
586,552.394768883292,0.00284291573983643
587,403.045750076233,0.00230239088386152
588,252.548636889527,0.00175771083788831
589,98.3697552407859,0.00119970571362821
590,47.1113414797813,0.00101419095807791
591,575.134250679393,0.00292521460742162
592,153.813725605292,0.00140036886049942
593,316.386906508316,0.00198875468248137
594,264.948382134393,0.00180258806953096
595,49.0426054726166,0.00102118060019217
596,214.008258576875,0.00161822527177571
597,105.382270199286,0.00122508544941919
598,106.000779727181,0.00122732396277639
599,219.479234638625,0.00163802586083509
600,-233.113374918756,0
