400,550.720086598473,3.22901947031761E-5
401,795.736066267749,9.95601528606454E-5
402,904.3642830653,1.29384393747119E-4
403,493.625924147699,1.66148011052418E-5
404,683.817228129852,6.88324608597754E-5
405,628.903067170013,5.37555939753903E-5
406,709.97548708407,7.60142985003149E-5
407,626.206643829713,5.30152819127988E-5
408,652.802423601296,6.03172423596831E-5
409,868.195000045901,1.19453995907007E-4
410,460.929712956412,7.63794677225286E-6
411,433.110177129073,0
412,779.813739375723,9.51886246638235E-5
413,507.98966031819,2.05584129973237E-5
414,587.393752381425,4.23590725209828E-5
415,715.448772360343,7.75170073114535E-5
416,451.097344756804,4.93843713916998E-6
417,554.874790302857,3.34308825257737E-5
418,661.417817825436,6.26826277102644E-5
419,502.048452261639,1.89272344190593E-5
420,552.665309092521,3.28242620564897E-5
421,682.816930720038,6.85578258543604E-5
422,759.155935108898,8.95169552872782E-5
423,811.133748395399,1.03787638079557E-4
424,781.165069430049,9.5559636857943E-5
425,1274.52287159397,2.31012674464003E-4
426,2050.76591011244,4.44132801533463E-4
427,1678.25702595359,3.41859239276521E-4
428,803.001856090757,1.01554999800973E-4
429,927.933487914068,1.35855397908242E-4
430,822.889844918206,1.0701531376933E-4
431,1233.89476445616,2.1985809152265E-4
432,873.683936032537,1.20961001673114E-4
433,1050.95636027968,1.69631739710997E-4
434,1125.7050585924,1.90154245282303E-4
435,1025.14949217512,1.62546377605584E-4
436,1786.88537488432,3.716835164406E-4
437,1505.37012167333,2.94392560439468E-4
438,1831.43265973165,3.83914122753519E-4
439,1805.93714609052,3.7691424405925E-4
440,2312.31084997301,5.15940841092625E-4
441,2101.82743052663,4.5815191304756E-4
442,2966.36811880094,6.95514455703529E-4
443,3210.87477178437,7.62644576512873E-4
444,4642.72917146807,0.00115576499945151
445,5113.86573903411,0.00128511712264528
446,6812.3206982524,0.00175143362246371
447,9310.68396785468,0.00243736762903405
448,13386.103675706,0.00355628776473842
449,16059.0733600794,0.0042901605475124
450,21834.3732355963,0.00587578847878962
451,27094.622752432,0.00732000760838691
452,32932.8927978491,0.00892292421079521
453,41169.8123532008,0.0111843980729607
454,49144.2681576676,0.0133738116329219
455,60292.0009190665,0.0164344590136445
456,77323.3479165074,0.0211104723962396
457,87932.7222973805,0.02402331167979
458,102164.74405229,0.0279307609377579
459,116620.189929202,0.0318995520370159
460,137636.115576109,0.0376695448383679
461,165096.037267135,0.0452087583445894
462,189856.422586972,0.0520068050951587
463,217159.697889561,0.0595030108105826
464,253579.139657748,0.0695020905733445
465,298517.069333207,0.0818399497327017
466,348407.474026126,0.0955375275016372
467,414243.479403806,0.11361302336517
468,476021.134833284,0.130574285652704
469,558176.302629661,0.153130262236525
470,646793.675941073,0.177460458996467
471,728425.373249316,0.199872715003855
472,800861.913469972,0.219760409823975
473,860896.44036143,0.236243090330949
474,896384.996255176,0.245986592257899
475,921476.461232464,0.252875538037722
476,934205.584646004,0.256370361520525
477,927934.753478658,0.254648683812772
478,935760.525998476,0.256797275878761
479,955557.46129921,0.262232590796278
480,969891.479323265,0.266168043471684
481,1019455.75185171,0.27977608056214
482,1064437.31715212,0.29212592002853
483,1114027.39839514,0.305741042988046
484,1185074.76956026,0.325247336789483
485,1252357.10491813,0.343719927395085
486,1301502.16093278,0.35721286718707
487,1368141.40576753,0.37550889513484
488,1433439.7781804,0.393436782066515
489,1494025.32952795,0.410070748184147
490,1551238.26463935,0.42577875121401
491,1625744.56942286,0.446234706829719
492,1713801.65746901,0.470411075392819
493,1805920.03638638,0.495702484972186
494,1916280.1630901,0.526002227526255
495,2040095.37624311,0.55999610914697
496,2156060.53730543,0.591834732664163
497,2276177.31126312,0.624813195411986
498,2406639.82331486,0.660632115217481
499,2580945.81291466,0.708488408683737
500,2708553.92271259,0.74352364278662
501,2861858.06272363,0.785613808080451
502,3022979.35066913,0.829850197531462
503,3170326.61425629,0.870304882444278
504,3307419.76524748,0.907944266386915
505,3419536.04794023,0.938726167451869
506,3521268.90611533,0.966657264525278
507,3592356.53916765,0.986174612362745
508,3614312.91030287,0.992202807623925
509,3642712.46310505,1
510,3577754.80016902,0.982165655996756
511,3488198.13503516,0.957577573519812
512,3370071.62882318,0.925145545450076
513,3202635.75983128,0.879175466615429
514,3036583.73180934,0.833585325955721
515,2843213.33554567,0.780494835763576
516,2626745.21641113,0.721062788367067
517,2441690.39977512,0.670255368423495
518,2215923.93806652,0.608270429918677
519,2036089.66649558,0.55889632811444
520,1871964.74867531,0.513835282017486
521,1709863.83773512,0.469329933791001
522,1554660.85016381,0.426718433537309
523,1421349.71713767,0.390117415298832
524,1293433.34866414,0.354997547743724
525,1162142.97493766,0.318951335741632
526,1072628.58135999,0.294374859062074
527,974646.287955131,0.267473492112806
528,894004.247934196,0.245332949829549
529,795022.499792179,0.218157179233466
530,734136.00343022,0.201440587653797
531,662731.755916763,0.18183631225519
532,603907.274330493,0.165685853741078
533,548605.593348298,0.150502591936148
534,509381.167743651,0.139733394462837
535,467132.677158631,0.12813392981687
536,420836.021365802,0.115423027849504
537,376757.221435631,0.103321045640276
538,355973.731488374,0.0976148688390518
539,321515.762753603,0.0881543180696354
540,289851.293515604,0.0794607319468289
541,267820.943109512,0.0734122254289578
542,248651.56658052,0.0681492088748919
543,224059.180147317,0.0613972867815374
544,208007.670303928,0.0569902909725844
545,183641.541202669,0.0503004885878027
546,172228.288968877,0.0471669419462971
547,157187.547330342,0.0430374559346203
548,139591.58997553,0.0382064268866514
549,132415.679987022,0.0362362567560326
550,119455.440383183,0.0326779795488161
551,110940.325192023,0.0303401261427299
552,97009.554586277,0.0265153863971233
553,87025.7998062817,0.0237743130711661
554,80460.6699123834,0.0219718346619741
555,76254.8767537416,0.0208171200585319
556,69506.9777220822,0.0189644617701898
557,61390.6230529334,0.0167360894014904
558,54667.4983956529,0.0148902330006419
559,51867.4567734106,0.0141214721915646
560,46575.0392219286,0.0126684212202744
561,46537.8046763115,0.0126581983510189
562,38933.1497818753,0.0105703148699446
563,35630.7238965597,0.00966362277817496
564,32589.8185356555,0.0088287320226211
565,31689.1431667476,0.00858144858232599
566,26695.8040621139,0.00721051060069653
567,24334.9197581847,0.00656232190478243
568,24238.6515833724,0.00653589115483597
569,22557.102812912,0.00607421630578613
570,19185.8486700826,0.00514862718530328
571,18081.5493263924,0.00484543810047857
572,14559.68634812,0.00387849881960179
573,15782.5316397843,0.0042142350916374
574,14407.4454836287,0.00383670058016446
575,13414.6065639955,0.00356411332821875
576,12432.7061533181,0.00329452928055693
577,9343.84501789582,0.00244647210643074
578,8907.10214495552,0.0023265628873344
579,8652.69756119692,0.00225671525646718
580,8199.92183825913,0.0021324041646851
581,8843.03406557731,0.00230897278147755
582,6003.0880477697,0.00152925608689599
583,5868.50591852768,0.00149230611238791
584,5473.61737536893,0.00138388813976829
585,6209.41344320445,0.00158590341551698
586,4701.25426565196,0.00117183326015119
587,4587.45677758737,0.00114058977851843
588,4817.53245929233,0.00120375782781152
589,4364.99186545291,0.00107951129151121
590,3950.52287063717,9.65717440283803E-4
591,3369.71644658534,8.06255090537088E-4
592,4728.89872252641,0.00117942313841031
593,3482.32113229315,8.37171084286247E-4
594,3202.19041059294,7.60260256050347E-4
595,3178.3156085564,7.53705349157401E-4
596,3779.39007476042,9.18732357786167E-4
597,3128.7645268517,7.40100933651799E-4
598,3195.25732809744,7.5835675502154E-4
599,3452.83844189921,8.29076512855244E-4
600,2551.11547673164,5.81505451497004E-4
