400,923.329365842536,4.51821322427984E-4
401,871.177112446004,3.96661983451908E-4
402,1221.4473474324,7.67128710516268E-4
403,704.385010454189,2.2025269155906E-4
404,514.4188519366,1.93331329738642E-5
405,595.455509428824,1.05042343391202E-4
406,730.279195697098,2.47639928894003E-4
407,618.175762442123,1.29072640376722E-4
408,782.51301104201,3.02885532659521E-4
409,537.556655786494,4.38050566703217E-5
410,643.621954067417,1.55986052896747E-4
411,615.309855345407,1.26041485810499E-4
412,664.373401825672,1.77934023820243E-4
413,609.843154889703,1.20259576806028E-4
414,685.16665507162,1.99926210725151E-4
415,551.530673207012,5.85848123578707E-5
416,551.020157094457,5.80448600169615E-5
417,679.88707937361,1.94342216043998E-4
418,496.139690718966,0
419,678.057605452756,1.92407255125224E-4
420,911.665134489502,4.3948453448125E-4
421,856.199168726873,3.80820415332379E-4
422,909.206799766091,4.36884452807036E-4
423,1267.84250149295,8.161989972825E-4
424,1238.9132098352,7.85601650073838E-4
425,1522.25816885922,0.00108528420689711
426,2988.31856806412,0.00263587727339959
427,2901.11016241083,0.00254364045340223
428,2019.64902813791,0.00161135449578666
429,1533.92266343171,0.00109762127324047
430,1426.74665400201,9.84265522544775E-4
431,1961.10287182881,0.00154943258309296
432,1602.09439189869,0.00116972376611847
433,2060.2073592202,0.00165425140985598
434,2973.99780337285,0.00262073077708243
435,3618.73838365288,0.00330264693416381
436,3936.67506602656,0.0036389157642494
437,4932.56010960064,0.00469222328448319
438,6741.53832033084,0.00660550671573444
439,7910.59707295298,0.00784197309674647
440,10487.1438890005,0.0105670829425952
441,13003.0458026362,0.0132280511164847
442,16965.1536041052,0.0174186130394621
443,21731.5627026984,0.0224598520664499
444,29630.215217871,0.0308139388635432
445,38772.3754217753,0.0404832336843549
446,49493.0866880278,0.0518220984176507
447,66203.7825096662,0.0694963286823229
448,85622.914830045,0.0900351632008761
449,115821.553078145,0.121975047199323
450,147470.185121655,0.155448531264215
451,196878.07999969,0.207705272712189
452,257977.186599678,0.272327338156982
453,338184.988441309,0.357159901319106
454,425171.646937319,0.44916218827487
455,527992.775928775,0.557911957241126
456,639584.736602814,0.675938281799395
457,757229.0183245,0.800365902687486
458,838309.386712652,0.886121344359821
459,909497.939470311,0.961414610844774
460,945979.794220238,1
461,944548.425611703,0.998486099043936
462,911271.563959282,0.963290502067721
463,844949.533507613,0.89314436031906
464,768897.64062169,0.812707334759091
465,691212.57039961,0.730542963275867
466,611904.402946003,0.64666190719027
467,535481.600514977,0.565832585535782
468,474279.158650691,0.501101226541807
469,418937.916545004,0.442569022584008
470,365303.149721288,0.385841688836071
471,319521.091183836,0.33741984852384
472,289912.877542161,0.306104432863473
473,249890.396224801,0.263774265519358
474,226432.915028741,0.238964231962794
475,205697.101399651,0.217032796628347
476,185209.058191106,0.195363418093465
477,164096.986805173,0.17303403007624
478,148701.875024481,0.156751240091517
479,136579.043516839,0.143929409222665
480,119661.938735042,0.126036868510033
481,109492.122778246,0.115280663568705
482,99613.1723874548,0.104832095427453
483,88047.4592381613,0.092599506218866
484,82214.5351187164,0.0864302571879587
485,75449.5040436197,0.079275156152962
486,67178.8669537359,0.0705276362458099
487,61513.8510492654,0.0645359769745669
488,56130.2647778722,0.0588419744969968
489,52810.4614711647,0.0553307521815148
490,46799.3290786052,0.0489730194340875
491,46153.7517417119,0.0482902182732208
492,39933.0627720948,0.0417108459701506
493,37138.6361463368,0.038755293420542
494,33597.690729334,0.0350101779972989
495,31971.2120345152,0.0332899169573254
496,29502.5609929243,0.0306789241286664
497,27674.5521542487,0.0287455127683344
498,25360.0816465067,0.0262975904836348
499,23493.7595480269,0.0243236567307467
500,22407.9615506232,0.0231752518987838
501,21219.6835982707,0.0219184581439052
502,19444.332509771,0.0200407407661434
503,19206.1801237875,0.0197888565745527
504,16508.9128121108,0.0169360655202018
505,16560.9959264312,0.0169911517335604
506,15708.8139620398,0.016089833175266
507,15166.9450477145,0.0155167202380625
508,14587.4012131434,0.0149037600543569
509,13663.019484594,0.0139260787119868
510,12709.2344266236,0.0129172986517488
511,11597.722521274,0.0117416972544906
512,11561.3896839411,0.0117032694750586
513,10081.4316450034,0.0101379774344742
514,10239.794465588,0.0103054714147518
515,9081.64730881097,0.00908054578940789
516,8858.86260811343,0.00884491537990239
517,8477.24633122959,0.00844129520618957
518,7545.64661030424,0.00745597968385099
519,8010.50376562219,0.00794764038373825
520,6581.61119716943,0.00643635823559387
521,6696.83199246216,0.00655822263244595
522,6468.81037302745,0.00631705334480959
523,5947.50622761157,0.00576569093582613
524,5781.36439389276,0.00558996940650843
525,4582.38862473058,0.0043218610014416
526,4882.46926868758,0.00463924421850666
527,4565.96128299375,0.00430448646338573
528,4105.2033239548,0.0038171613183855
529,4283.65864678499,0.0040059063294444
530,4368.61863283616,0.00409576508654099
531,3224.12455586881,0.0028852797740933
532,3869.48934814431,0.00356785613507402
533,2793.10267533698,0.0024294052822743
534,2822.61964676513,0.00246062419471846
535,3063.09986266767,0.00271497043830551
536,3012.91565044559,0.00266189261725417
537,2934.91957656393,0.00257939930971998
538,2478.18390763709,0.00209632837904999
539,3143.05334642248,0.00279953401946504
540,2470.89015090398,0.00208861406617089
541,2629.86031422647,0.00225675040841321
542,2572.84994548831,0.00219645283640861
543,2240.38668082795,0.0018448198250206
544,1585.3577643702,0.00115202210893137
545,2267.89961277773,0.00187391914558312
546,2177.54827147115,0.00177835816906731
547,2291.70934291394,0.00189910173866355
548,2206.12762410464,0.00180858539985716
549,2107.87810875412,0.00170467084260401
550,1680.96052833,0.00125313730378619
551,1619.24505674532,0.00118786333390948
552,2002.26602445019,0.00159296919255646
553,2055.42972679629,0.0016491983003696
554,1578.18479914188,0.00114443555236431
555,1784.32439857594,0.00136246110832871
556,1335.11538182269,8.8735081466977E-4
557,1420.70827936301,9.77878976769951E-4
558,2277.13748856142,0.00188368967491954
559,1284.25238203845,8.33555067339221E-4
560,1958.49585722922,0.00154667524869897
561,1966.7875114304,0.00155544499755868
562,1790.62381110088,0.00136912374336715
563,1320.38018617452,8.71765991412831E-4
564,1895.92982298341,0.00148050167293584
565,1338.88356034396,8.91336265399902E-4
566,1600.11678919142,0.00116763213534538
567,1488.25877676643,0.00104932441856031
568,1913.70041401084,0.00149929691169253
569,1808.54523506561,0.00138807851204969
570,1479.39884470938,0.00103995362508904
571,1237.78080082414,7.84403946649106E-4
572,1332.92413694831,8.85033223176906E-4
573,1302.26816293532,8.52609633550448E-4
574,1312.58917753222,8.63525755206764E-4
575,967.758896373209,4.9881264831482E-4
576,1289.99914424266,8.39633186380914E-4
577,1745.55572694821,0.00132145704501995
578,767.887664176313,2.87416892037727E-4
579,1724.16559690092,0.00129883356555015
580,1375.65777089712,9.30230867519132E-4
581,1433.6636650926,9.91581366724053E-4
582,1858.7664371831,0.00144119545582434
583,1317.06828411826,8.6826312593188E-4
584,1892.2397352231,0.00147659881565995
585,1193.50666367813,7.37576974089716E-4
586,1921.50558799454,0.00150755213000996
587,1454.48790891169,0.00101360633111062
588,1418.42979042911,9.75469110747437E-4
589,1328.89235623266,8.80768971017358E-4
590,1440.73362805271,9.99058981938489E-4
591,1350.0728869948,9.03170765760892E-4
592,1514.49157067116,0.00107706978864583
593,2031.4288496365,0.00162381353877715
594,1846.78602810198,0.00142852425942266
595,931.097675752666,4.60037551098796E-4
596,1300.56758158553,8.50810997115395E-4
597,1998.2469137191,0.00158871834092954
598,901.004518945296,4.28209230573948E-4
599,1709.05343588918,0.00128285004120328
600,1398.83878826064,9.54748496409343E-4
