400,587.637143821698,3.84648727283019E-4
401,475.976982617037,3.04913453248602E-4
402,222.364810292974,1.23811833471622E-4
403,361.838523935997,2.23408454665287E-4
404,474.463157362776,3.03832447541764E-4
405,333.94864959317,2.03492606886465E-4
406,529.498955438171,3.4313289627747E-4
407,471.803648981256,3.01933322309367E-4
408,444.451923520408,2.82401760636824E-4
409,415.179463285974,2.61498623714282E-4
410,386.545475096518,2.41051412548254E-4
411,580.015950534581,3.79206518274349E-4
412,492.457697504748,3.16682147684267E-4
413,518.87203447358,3.35544330703929E-4
414,406.790208913332,2.55507950862566E-4
415,459.801838095031,2.93362963198311E-4
416,404.790597259752,2.54080050513503E-4
417,592.18649455193,3.87897367829837E-4
418,539.063787705714,3.49963036174437E-4
419,1076.40302602272,7.33670984957721E-4
420,725.274621857999,4.82934113138009E-4
421,1126.64725502967,7.69549827736514E-4
422,911.292700339248,6.15767545429693E-4
423,1124.97557324803,7.68356098446508E-4
424,1439.27146210832,9.92791282453027E-4
425,2430.77714039457,0.00170081441363882
426,3434.25419359681,0.00241738616994924
427,3321.84883401147,0.00233711875807396
428,2757.78550337229,0.00193432743343272
429,1903.77083908195,0.00132448509976646
430,2799.43888177633,0.0019640716457433
431,2709.3534611457,0.00189974265299428
432,3560.3618837433,0.00250743826304311
433,4682.1603062169,0.00330850198767236
434,4911.09756431028,0.00347198352678016
435,6487.88370386881,0.00459794889862776
436,9079.84901605914,0.00644884237957476
437,10844.9609640627,0.00770928910790715
438,15251.0804260063,0.0108556498057259
439,17434.7235878501,0.0124149649994759
440,26148.0925103535,0.0186370844313595
441,31004.055953998,0.0221046736924068
442,42900.1384457178,0.0305995333377797
443,55344.2584894098,0.0394857404782324
444,72932.811133274,0.0520455294826274
445,96899.4681131525,0.0691598515592079
446,124002.901147358,0.0885141103829503
447,165080.817414384,0.117847391608568
448,218037.024754058,0.155662827825904
449,278800.474387481,0.199053328569648
450,363130.099082693,0.259272171725067
451,460656.124993859,0.328914417604162
452,590069.181511748,0.421326835907697
453,712217.098823316,0.508551299445052
454,864457.009615659,0.617264119443165
455,1024930.81515556,0.731856671719863
456,1167561.39018583,0.833707572372606
457,1274358.13202663,0.909969932956616
458,1355732.99951342,0.968078816989851
459,1396325.77065385,0.997065661498935
460,1400434.97720046,1
461,1384632.66202839,0.988715743224532
462,1330514.29594211,0.950070422425869
463,1272896.39209217,0.908926120794936
464,1218031.44275529,0.869747673235271
465,1149054.41127829,0.820491945430804
466,1076427.3426602,0.768629766869502
467,1016086.89986853,0.725541330587087
468,958003.839870531,0.684064866145937
469,894759.710017419,0.638902939362908
470,827922.382929234,0.591175150565108
471,752014.173772145,0.536969946190483
472,710123.711540258,0.507056434966316
473,657350.189710384,0.469371452431197
474,601384.557212246,0.42940701931911
475,554776.672376655,0.396124849300398
476,517421.118557528,0.369449665525442
477,468834.575040681,0.334754557441188
478,419389.986924073,0.299446729291357
479,380401.999090969,0.271605842618938
480,347327.5637655,0.247987757746428
481,323642.504782159,0.231074521654134
482,291388.625715489,0.208042386841611
483,264244.360260668,0.188658970042345
484,236010.38613623,0.16849740445257
485,216476.732901082,0.154548640839888
486,196447.992015789,0.140246340665647
487,181018.013008459,0.129227964986969
488,163441.536344258,0.11667679930478
489,153809.629084502,0.109798761905004
490,137933.83717972,0.0984620362153372
491,123475.317333122,0.0881373686735497
492,116856.724753705,0.0834111056326546
493,106829.673570442,0.0762509003702853
494,97365.0947297316,0.069492350325734
495,90706.2451477871,0.0647373402089463
496,81933.9985552021,0.0584731768904355
497,77962.0569375839,0.0556368577421136
498,69770.1561417337,0.0497871128754314
499,65665.3852344667,0.0468559418148815
500,61221.0987628465,0.0436823264817228
501,58959.4269879061,0.0420672919268269
502,51187.0244059694,0.0365171060495146
503,47123.8788311839,0.0336156591739952
504,44830.863011679,0.0319782421869433
505,38555.2714331094,0.0274969123299303
506,37280.0003597522,0.0265862554993717
507,34400.1966647847,0.0245298198440202
508,33575.5777257611,0.0239409686694594
509,29729.7135340805,0.0211946800028978
510,26972.5425539662,0.0192258149995937
511,25845.2807252523,0.0184208499175866
512,24642.3792905071,0.017561871437697
513,22630.4600632556,0.0161251823877324
514,20612.9819138566,0.0146845237735475
515,19953.2599649431,0.0142134236979644
516,18352.2857092549,0.0130701858625347
517,15490.9580972592,0.0110269437716824
518,15200.1338767909,0.0108192694439302
519,14379.7108180247,0.0102334145005992
520,13583.8755893973,0.00966511745216009
521,11402.2892632407,0.00810727102180255
522,11396.9457241015,0.00810345526018279
523,10868.4455891844,0.00772605921641746
524,10809.3688042714,0.00768387314411297
525,8908.86381754302,0.00632674375897074
526,7953.97642770499,0.00564486933859272
527,8570.02207982825,0.00608478065843872
528,8061.18753237649,0.0057214275910463
529,8049.69399349518,0.00571322018329729
530,6700.80927751436,0.00474999667269863
531,6440.88629251005,0.0045643885720693
532,6710.60297779786,0.00475699024468967
533,5773.95879585132,0.00408814309531683
534,5456.0401235018,0.00386112092208188
535,5311.49382115991,0.0037579020219518
536,4478.44038043501,0.00316302786392721
537,4218.36609567313,0.00297731172183079
538,4363.43235292618,0.00308090191595579
539,4230.41149274688,0.00298591320535157
540,4200.40819115935,0.00296448818278122
541,3472.89858684655,0.00244498169956713
542,4241.58570737483,0.00299389258721764
543,3048.47387362989,0.00214190475206675
544,3097.71255893523,0.0021770655473187
545,3047.00820266545,0.00214085813280046
546,3282.18746878099,0.00230879702012273
547,2678.64848618994,0.00187781657330835
548,2915.10439507333,0.00204666709697289
549,2178.82772300739,0.0015209001485917
550,2762.01572585349,0.0019373481880611
551,2741.69837844772,0.0019228397971939
552,2150.54933143487,0.00150070686499833
553,2237.97641064961,0.00156313756583207
554,2688.65080313127,0.0018849591161248
555,1923.22141527247,0.00133837453898943
556,1848.86012200749,0.00128527396997656
557,1831.35992520258,0.00127277727488995
558,2237.66571316924,0.00156291570023138
559,1645.78611438102,0.00114026108917223
560,1536.91999543885,0.00106252100951206
561,2162.44209954535,0.00150919935788108
562,1312.84253635904,9.02509798602946E-4
563,1198.0148815026,8.20512652728101E-4
564,1458.39977694372,0.00100645059844149
565,1005.49614359258,6.83037172141253E-4
566,1269.03360926091,8.71226333044259E-4
567,849.785663249748,5.71846057188357E-4
568,1246.04513423871,8.54810519778789E-4
569,1389.3706463367,9.57157667230147E-4
570,782.75443933907,5.23979808835161E-4
571,1190.73043072442,8.15310907784135E-4
572,1240.96883914166,8.51185594144827E-4
573,757.178974148707,5.05716654783524E-4
574,1534.83839770691,0.0010610345638201
575,1318.07129867412,9.06243599374462E-4
576,546.872908183493,3.55539441891085E-4
577,1058.00715266298,7.20534697246718E-4
578,977.437632240755,6.63000902557735E-4
579,794.128514761882,5.32101909062687E-4
580,705.811415475366,4.69035654835919E-4
581,1191.51911526358,8.15874098605088E-4
582,1007.83614169747,6.84708138653574E-4
583,725.712946441887,4.83247115827914E-4
584,1463.47147903957,0.00101007224426459
585,341.266473882549,2.08718183482042E-4
586,293.771264780755,1.74802385114957E-4
587,445.953532289237,2.83474042687856E-4
588,399.67596585962,2.50427749353673E-4
589,402.180945305063,2.52216527198682E-4
590,868.373869799507,5.85119687882269E-4
591,460.152903264815,2.93613654915166E-4
592,884.450061910231,5.96599517120819E-4
593,468.90148839279,2.99860921846062E-4
594,683.749875494323,4.53281755530817E-4
595,208.795998209061,1.14122496306425E-4
596,857.760137743027,5.77540540360709E-4
597,48.9804524676189,0
598,159.069765902437,7.86135491860599E-5
599,326.743199393575,1.98347275373349E-4
600,664.223477869741,4.39338173068605E-4
