400,415.07998705258,2.5466348440643E-4
401,613.391008806306,3.4104320331665E-4
402,528.408629010981,3.04026833706302E-4
403,271.765846889994,1.92239141908325E-4
404,584.197269849094,3.28327082231893E-4
405,498.041844971825,2.90799761169874E-4
406,186.236570939662,1.54984556914259E-4
407,129.642444748401,1.30333457499111E-4
408,298.41221448282,2.03845686629299E-4
409,129.462641082516,1.30255139158654E-4
410,548.342189735031,3.12709434184058E-4
411,72.746411692742,1.05550854399231E-4
412,-11.1213599424376,6.90199824617654E-5
413,293.337226729516,2.01635138714581E-4
414,429.329189020958,2.60870108979481E-4
415,291.154653645917,2.00684460089687E-4
416,153.488061743499,1.40720059691274E-4
417,371.29873666618,2.35593378930338E-4
418,262.638864180921,1.8826363820744E-4
419,397.896387775115,2.47178703871658E-4
420,125.451463877434,1.28507962645669E-4
421,450.187200545718,2.6995537895894E-4
422,315.225623214737,2.11169220678703E-4
423,394.99100857746,2.4591318753171E-4
424,528.948536296948,3.04262004899446E-4
425,1095.0999310021,5.50864528061227E-4
426,2490.41387807906,0.00115863118406532
427,1950.5174497183,9.23464720244917E-4
428,1593.5635786869,7.6798382578461E-4
429,604.348086596736,3.37104314435528E-4
430,282.572542339802,1.96946289837107E-4
431,228.7932271981,1.73521257360126E-4
432,175.346903153897,1.50241268144721E-4
433,335.344929794764,2.1993272777822E-4
434,228.568988051494,1.7342358394651E-4
435,-169.577805692664,0
436,573.766660767188,3.23783748873062E-4
437,95.1507469968222,1.15309667443622E-4
438,359.866226095939,2.30613640332038E-4
439,68.6077192948957,1.03748135201778E-4
440,-63.3032798405975,4.62907386046274E-5
441,147.587041307232,1.38149710942826E-4
442,331.037350761641,2.18056445447696E-4
443,304.691296929849,2.06580710492279E-4
444,487.622253827376,2.86261226971131E-4
445,251.98325524362,1.83622300087745E-4
446,433.411661021362,2.62648339865164E-4
447,173.353414346512,1.49372950280641E-4
448,487.834851005609,2.8635382941115E-4
449,199.123771087196,1.60597924827143E-4
450,172.979694020337,1.49210166304035E-4
451,646.65178939761,3.55530834174501E-4
452,252.339123435196,1.83777308085211E-4
453,410.64802056135,2.52733021760701E-4
454,385.761082536535,2.41892844083693E-4
455,438.501067277885,2.64865168148184E-4
456,440.159490497293,2.6558753915036E-4
457,731.183778841287,3.92351024108948E-4
458,228.833038288665,1.73538598155318E-4
459,869.602211362344,4.52642908984668E-4
460,442.337507757899,2.66536233363566E-4
461,712.649003587428,3.84277702402802E-4
462,956.011000400364,4.90280589646441E-4
463,1496.81642831983,7.25842992762982E-4
464,1498.37267323941,7.26520857248373E-4
465,1858.83137204711,8.83528374059112E-4
466,1968.86664118591,9.3145720592315E-4
467,2135.88119548279,0.00100420490358766
468,3178.5090411648,0.00145834960740459
469,3681.31539854345,0.00167736048956613
470,4728.07716407537,0.00213330583376842
471,5623.64638881341,0.00252339518540105
472,5364.74133543403,0.0024106221002867
473,6808.48270293697,0.0030394826265505
474,8631.64247437204,0.00383360908100724
475,9237.87049857803,0.00409766806201256
476,11439.3639916162,0.00505658798199295
477,14125.758064214,0.00622671943924118
478,18327.5998617874,0.00805694506245614
479,21103.9809135993,0.00926627277769022
480,24220.3669207917,0.0106236988296387
481,30188.1233743289,0.0132231162519409
482,35096.5862041267,0.0153611297409023
483,45734.6498496293,0.0199948255351214
484,52457.2247618718,0.0229230245133584
485,64815.4981138941,0.0283060040821341
486,74191.0974404092,0.0323897994621254
487,87848.358455614,0.038338588173637
488,103531.244768742,0.045169692665203
489,125376.852802188,0.0546851369640844
490,149859.679981897,0.0653492932535774
491,182364.488611789,0.0795076401162513
492,223082.425811776,0.0972434368401808
493,266087.325994592,0.115975382027609
494,320077.092638676,0.139492082337569
495,389343.626950991,0.169662991200179
496,481888.822371944,0.20997354931369
497,576782.93845209,0.25130724322918
498,694758.902739126,0.302694859223271
499,852097.044981448,0.371227734403682
500,999888.813944997,0.435602428999171
501,1172519.25002167,0.510796275573011
502,1343934.58498166,0.585460852053957
503,1552172.58459679,0.676164534149443
504,1714124.90319829,0.746707238402302
505,1889985.31183526,0.823307986717558
506,2023656.38034351,0.881532029042903
507,2135845.14880957,0.930398875672419
508,2224713.69660062,0.969107970660002
509,2286820.02956705,0.996160060537526
510,2295635.78317083,1
511,2270132.77636142,0.988891476933148
512,2227521.07249183,0.970330799014238
513,2160197.23990735,0.94100608633222
514,2033696.57871653,0.885905308478381
515,1917191.40459511,0.835158334844752
516,1767534.72052123,0.76997132612977
517,1627616.23532775,0.70902605281881
518,1454663.29894802,0.633691732532107
519,1331643.58984293,0.580107177327146
520,1214137.03512591,0.528924025342942
521,1088514.36808655,0.474205681543132
522,959530.786477401,0.41802340067491
523,869314.945864349,0.378727455928671
524,775882.036359219,0.338030229982048
525,686648.153280479,0.29916200334772
526,614780.634610831,0.267858165534972
527,557254.657702084,0.24280117338461
528,490903.862557453,0.213900293426559
529,433616.564506279,0.188947264295724
530,387701.668373849,0.168947791817404
531,358689.745187978,0.156310865499953
532,310623.449229565,0.135374292750611
533,280321.988503462,0.12217567354658
534,254618.444806752,0.110979801224992
535,227792.378393187,0.099294983831694
536,206018.191834086,0.0898106490839786
537,177450.573727292,0.0773672518376881
538,162562.801285524,0.0708824806568089
539,148070.141156835,0.0645698113099073
540,129724.474774056,0.0565788610775342
541,118726.594852015,0.0517884375908658
542,106749.584285453,0.0465715273204467
543,92782.3951127296,0.0404877410334495
544,84452.8841560293,0.0368595976819776
545,78870.2913945885,0.0344279487032218
546,70260.6807911704,0.0306778003893612
547,61788.8368868457,0.0269876600802885
548,56937.2982720566,0.0248744414698374
549,48356.4028967365,0.0211368008487395
550,45203.7117725823,0.0197635611230455
551,40087.3031891899,0.017534971247632
552,35904.0821081604,0.015712856380172
553,32754.1631815212,0.0143408241599409
554,27211.2043959474,0.0119264388292889
555,27200.7695485074,0.0119218936497988
556,24974.1985944248,0.0109520505646971
557,20908.4793091777,0.00918111677633893
558,19136.6068620005,0.00840932990045865
559,16603.4988581096,0.00730596632837716
560,16368.2312265877,0.00720348916044258
561,13590.7053931626,0.00599366280467362
562,12547.8528306464,0.00553942021937333
563,11064.9939418805,0.00489352100075004
564,10237.1881684206,0.00453294784958891
565,8299.37024252034,0.00368887894076993
566,8552.82298669147,0.00379927712542411
567,7869.26592061123,0.00350153539274104
568,7085.95709364948,0.00316034408781762
569,5992.50409788219,0.00268406111786141
570,4928.86435487492,0.00222076411495048
571,4348.1661353427,0.00196782532954524
572,4433.70004390567,0.0020050819323988
573,3970.40277654871,0.00180328030093999
574,4493.45178086296,0.00203110841442247
575,3899.07746996165,0.00177221263823677
576,3227.99608916273,0.0014799050270578
577,2596.25455787142,0.00120473294930701
578,2246.41657611568,0.0010523515725134
579,2356.81335805309,0.00110043787103588
580,1609.56345337309,7.74953003119131E-4
581,1715.66611626687,8.21168882172854E-4
582,1686.75501570329,8.08575871870239E-4
583,1599.89869051213,7.70743254755771E-4
584,1166.27902696514,5.81868504780214E-4
585,1476.54682422973,7.17014019525685E-4
586,1488.40602216063,7.22179613322303E-4
587,1500.11326937167,7.27279020880993E-4
588,743.95099438295,3.97912129487773E-4
589,1268.44685874176,6.26370461920502E-4
590,1066.67606191283,5.38483744580009E-4
591,866.5381398175,4.51308269909019E-4
592,1509.51024677999,7.31372128061611E-4
593,1040.38497859158,5.27031953514382E-4
594,676.22297297774,3.68411361453849E-4
595,301.965280890768,2.05393320617938E-4
596,250.623728684044,1.83030121594443E-4
597,582.019035523072,3.27378293469985E-4
598,309.543580129758,2.08694253426879E-4
599,982.819389268431,5.01957707107594E-4
600,427.118538480979,2.59907200460512E-4
