350,0.135737891996329,1
351,0.134691119118565,0.992191940775813
352,0.133413282279877,0.98266033566141
353,0.132198779255035,0.973601148375083
354,0.131238218421785,0.966436159642799
355,0.130045885040131,0.957542339544202
356,0.129066518682017,0.950237077162302
357,0.127680209628751,0.939896359112707
358,0.126348282120221,0.929961282373678
359,0.125057329626474,0.920331845328738
360,0.123098124938279,0.905717800044731
361,0.121498417881502,0.893785309524592
362,0.119268111822821,0.877149072415141
363,0.116894038534436,0.859440450772349
364,0.114651508269805,0.842713031204837
365,0.112316430188101,0.825295281526435
366,0.109957332965231,0.807698368936271
367,0.107648916916434,0.790479495954428
368,0.106248909199849,0.780036597215254
369,0.103863805267025,0.762245696095335
370,0.102247108630219,0.750186477370942
371,0.100616586497307,0.738024131889362
372,0.0991746563407859,0.72726852644867
373,0.0979381535577052,0.718045239175713
374,0.0964966168764941,0.707292568735142
375,0.0958012469437743,0.702105684614694
376,0.0946185666681874,0.693283868697206
377,0.0932275575594395,0.68290809212409
378,0.0923829819731124,0.67660825732953
379,0.0914621975398564,0.66973996761713
380,0.0904749023005015,0.662375562344134
381,0.0893080563598984,0.653671857459093
382,0.0885820562719234,0.648256497733899
383,0.0876541427599404,0.641335030995138
384,0.0866223165693896,0.633638461685766
385,0.0861465962131878,0.630089981595887
386,0.0851449659724672,0.622618649078195
387,0.0842530301897113,0.61596554641967
388,0.0834764669894043,0.610173027729017
389,0.082860729066798,0.605580132490316
390,0.0821421292344053,0.600219972546362
391,0.0811093772528185,0.592516497602166
392,0.0804058564073019,0.587268814418998
393,0.0799673271695457,0.583997749288566
394,0.0790447156185674,0.577115830790315
395,0.0784643993344835,0.572787151655485
396,0.0778358251892858,0.568098508821162
397,0.0773299852140436,0.564325361304113
398,0.0764350978182638,0.557650242055565
399,0.0757859300365588,0.552807987738841
400,0.0751896788324597,0.548360447290488
401,0.0742973645219767,0.541704521128437
402,0.0738834151163464,0.538616801200233
403,0.0731654917838686,0.533261687385685
404,0.072292947290756,0.526753227697172
405,0.0712573870160846,0.519028805211069
406,0.0703794726085802,0.512480290406027
407,0.0693854571492349,0.505065757854421
408,0.0682937641542952,0.49692263173778
409,0.0671267586160101,0.488217736386135
410,0.0661808558881526,0.48116208498714
411,0.0650253605250344,0.472543046014937
412,0.0638789562618224,0.463991819123071
413,0.0627877960390701,0.455852667045957
414,0.0618069115988394,0.448536081028025
415,0.0608968775372177,0.441747980189625
416,0.0599218878932217,0.434475364472313
417,0.0591037789925737,0.428372949245685
418,0.058509737880414,0.423941894253843
419,0.0578928651941283,0.41934053461737
420,0.0572278974352413,0.414380425548963
421,0.0566368283020287,0.409971539060074
422,0.0561054781383352,0.406008106652694
423,0.0554232568237209,0.400919300339823
424,0.0551255977928619,0.398699010350534
425,0.0546227151999834,0.394947922458008
426,0.0539747666639024,0.390114762704435
427,0.0534424888343467,0.386144410677578
428,0.0531223618744961,0.383756528535361
429,0.0527705570510239,0.381132355751203
430,0.0521578452902355,0.376562033174822
431,0.0515521959607894,0.372044390490478
432,0.051427657666835,0.371115437901497
433,0.0508026415762221,0.366453335209272
434,0.0502888061495422,0.362620548242563
435,0.0500265967264174,0.360664682984314
436,0.04969538060426,0.358194084870105
437,0.0492279681214938,0.35470757463939
438,0.0488160906022531,0.351635309268692
439,0.0486823206358326,0.350637496044434
440,0.0479242675328335,0.34498304735836
441,0.0476373294125225,0.342842726487753
442,0.0473780022534202,0.340908360533379
443,0.0469652125755454,0.337829291214291
444,0.0465126051741247,0.334453214635822
445,0.046340027456013,0.333165927706237
446,0.0461701202778212,0.331898560793972
447,0.0457898338374104,0.329061938722503
448,0.0452851587872735,0.325297480582498
449,0.0449088138998514,0.322490259233789
450,0.0448233501083364,0.321852770089918
451,0.0444275593763294,0.318900498836489
452,0.0440049260575033,0.315748004103768
453,0.0438245923258489,0.314402863733029
454,0.0434102431795512,0.311312162070323
455,0.0431456529159511,0.309338537712818
456,0.042858109074583,0.307193698664498
457,0.0424633272080565,0.304248952712486
458,0.042296735420361,0.303006315869079
459,0.0419776321871616,0.300626069880312
460,0.0417735160255381,0.299103532267403
461,0.0412899485861042,0.295496519431868
462,0.0410612127254547,0.293790339242656
463,0.0409598223652631,0.293034051079336
464,0.0406716546306518,0.290884558303836
465,0.0403811344373739,0.288717518133881
466,0.040190250250158,0.287293680097568
467,0.0401314979592645,0.286855436638459
468,0.0399339861864274,0.285382162299255
469,0.0396747460922394,0.283448445777075
470,0.0397335925870376,0.283887391919337
471,0.0395085788245714,0.282208975501686
472,0.0393038790300645,0.280682084470556
473,0.0391918664861724,0.279846563609117
474,0.0390592104626469,0.278857059476813
475,0.0388655657532598,0.277412630230066
476,0.0386503317712271,0.275807162879443
477,0.0384188077373384,0.274080185225718
478,0.0383067690304056,0.273244469209652
479,0.0382133517273999,0.27254765345341
480,0.0380806378668946,0.27155771790511
481,0.0379624075651225,0.270675817716503
482,0.0375805282569962,0.267827314170338
483,0.0374612175416255,0.266937354990575
484,0.0373629265006703,0.266204185183364
485,0.0371528310991784,0.264637047390225
486,0.0367956701303736,0.26197292219532
487,0.0366391969886435,0.260805762075322
488,0.0364736373123573,0.259570823928721
489,0.0364734149704571,0.259569165442183
490,0.0363338676137979,0.258528257668856
491,0.0362417638832467,0.257841240075844
492,0.0362185673266799,0.257668212964311
493,0.0361120680229724,0.256873816311182
494,0.0361925158316853,0.257473890375221
495,0.0362782070885046,0.258113076221982
496,0.0363937939664064,0.258975258656554
497,0.0366868157087497,0.261160958311934
498,0.0371869689770088,0.264891687701939
499,0.0373501310313012,0.266108741573047
500,0.0372965664052148,0.26570919379942
501,0.0374766678904828,0.267052601804354
502,0.0373478720539849,0.266091891472088
503,0.0369658240447825,0.263242129555535
504,0.0362079998679806,0.257589388469403
505,0.0351473908571065,0.249678123144785
506,0.0338765068781501,0.240198380608898
507,0.0323286026673582,0.228652296441109
508,0.0303796084764261,0.214114413015158
509,0.0283946750708155,0.199308452795624
510,0.0261275403730707,0.182397504522873
511,0.0239130642800001,0.165879345853954
512,0.0216574129116864,0.149054053713679
513,0.0191360137922853,0.130246503317327
514,0.016840513277843,0.113123969531214
515,0.0147733607292855,0.097704722560439
516,0.013011072445526,0.0845595106601597
517,0.0110649082747921,0.0700427368423978
518,0.00945805014366921,0.0580569052267911
519,0.00837431658784038,0.0499731499376607
520,0.0073284612597562,0.0421719348746098
521,0.00636410624083461,0.0349786446577679
522,0.00554816671244391,0.0288924111525275
523,0.00507282997547149,0.0253467925445662
524,0.00450691230824034,0.0211255151733093
525,0.0041682398870458,0.0185992992400763
526,0.00383763158648887,0.0161332349718961
527,0.00361990558801872,0.0145091792413634
528,0.00343542042080152,0.0131330725975883
529,0.00323349968183932,0.0116269110205183
530,0.00325459732624728,0.0117842819846762
531,0.00299193030649323,0.00982500343433826
532,0.00292207781109476,0.00930396163757991
533,0.00299399869904865,0.00984043193073382
534,0.00304798981869442,0.0102431609932928
535,0.00283805122650818,0.00867719286777857
536,0.00268968602405094,0.00757051126358171
537,0.00282380749970471,0.00857094645576594
538,0.002682619230109,0.00751779883016292
539,0.00266701833082252,0.00740142903479761
540,0.00255752286560717,0.00658468349682874
541,0.00256560171267087,0.00664494500883051
542,0.00247766256695241,0.00598899177152432
543,0.00252506178983044,0.00634255074049793
544,0.00257165331961715,0.00669008498756105
545,0.00251918533800442,0.0062987172739836
546,0.00240504091414231,0.00544729435258633
547,0.00253034398683649,0.00638195155793708
548,0.00252625311770361,0.00635143706033556
549,0.00233680319537449,0.00493829745289567
550,0.00230069863286266,0.00466898730133954
551,0.00244699309850283,0.00576022292288931
552,0.00226174753490459,0.00437844435151347
553,0.00205513012325423,0.00283724948376057
554,0.00230638077357275,0.00471137136776596
555,0.00234964805353226,0.00503410946269508
556,0.00219998784958726,0.00391776821930945
557,0.00210050817767693,0.00317573220903651
558,0.00220550350343782,0.00395891043156967
559,0.00216378932367587,0.00364775717856874
560,0.00206647879799624,0.00292190120371235
561,0.00223924726361518,0.00421061095181449
562,0.00212478965952555,0.00335685196514816
563,0.00211583029717332,0.00329002253792179
564,0.00204615498029311,0.00277030234625391
565,0.00229931581227134,0.0046586726043286
566,0.00213072484562265,0.0034011235407087
567,0.00198690516717277,0.00232834778314616
568,0.00204846982753157,0.00278756919058738
569,0.00210837827203103,0.00323443659861527
570,0.00202577814961126,0.00261830805585462
571,0.00191607459419978,0.00180001033726479
572,0.00212561465078976,0.00336300571711023
573,0.00201276230103605,0.00252122059907477
574,0.00184610657957889,0.00127810686272578
575,0.00208515066553154,0.00306117788028528
576,0.00201114534911246,0.00250915947612228
577,0.0019755578016739,0.00224370582906451
578,0.00192254931158851,0.00184830636967537
579,0.00195203013231986,0.00206820889021025
580,0.00194419368114574,0.00200975545090675
581,0.00188549930548358,0.0015719439914855
582,0.00193352160768747,0.00193015061648943
583,0.00192279451032068,0.00185013534925938
584,0.00189567008211104,0.00164780956648278
585,0.00184904281433828,0.0013000087436251
586,0.0019351448394664,0.00194225858196474
587,0.001941088481776,0.00198659323387112
588,0.00173082864876284,4.18228917688324E-4
589,0.00185971625690431,0.0013796237904531
590,0.00194332079109991,0.00200324441368103
591,0.00179377431687585,8.87751499876235E-4
592,0.00167475956998626,0
593,0.00184644209366197,0.00128060952007098
594,0.00182084439793634,0.00108967189790484
595,0.00169130977795392,1.23450852356798E-4
596,0.00175464825315185,5.95903450260513E-4
597,0.00177441380986671,7.43338142835086E-4
598,0.00179984345883417,9.33022275282332E-4
599,0.00175846315105658,6.24359430929342E-4
600,0.00179810793821876,9.20076728031613E-4
