400,1631.86177014191,0.00229173180770263
401,1805.54624446729,0.0025414774765516
402,2217.94072686872,0.00313447081252488
403,1536.2212599426,0.0021542076951902
404,1336.30304211645,0.00186673980711318
405,1653.51779851223,0.00232287160480289
406,1620.96018975027,0.00227605612628668
407,1676.07949225062,0.00235531368297335
408,1878.31853793554,0.00264611875307614
409,2283.7638855657,0.003229119737585
410,1812.01766102673,0.00255078290389804
411,1896.14831327308,0.00267175667600735
412,2627.29438699711,0.0037230916667586
413,1904.94603691419,0.00268440716410442
414,2010.38844770313,0.00283602569828725
415,2227.94609960506,0.00314885781237518
416,2258.47539388538,0.00319275672187266
417,2834.9734361174,0.00402171906699069
418,2192.04526803964,0.00309723502210355
419,2441.29808956763,0.00345564248982219
420,2346.66234403194,0.00331956315597478
421,2318.49464119143,0.00327906004357418
422,2511.95026003196,0.003557235183336
423,2674.78441739896,0.00379137888386558
424,2662.31671671336,0.00377345123512882
425,3251.1331322543,0.00462012650705346
426,4870.1316537851,0.00694812888144949
427,5082.38064208045,0.00725332752254987
428,3387.55279116842,0.00481628807585223
429,2661.31576825786,0.0037720119438941
430,2965.83988631637,0.00420989552468377
431,2787.79895858769,0.00395388559201246
432,2987.85682326559,0.00424155428212738
433,2983.30827431264,0.00423501379884608
434,2537.1431289673,0.00359346070048091
435,2754.90349741805,0.00390658430625381
436,2892.46149054395,0.00410438271703399
437,2367.90499119914,0.0033501085409063
438,2738.15570277519,0.00388250219303631
439,2967.62647966318,0.00421246451625365
440,3415.05335269427,0.00485583188746045
441,2948.25556660025,0.00418461054912211
442,3169.29413736569,0.00450244797190647
443,3999.51197427238,0.00569624096793544
444,4511.34307986789,0.00643221695140297
445,4656.6406341819,0.00664114428946941
446,5311.56643085539,0.0075828800535438
447,5797.97405974807,0.00828229892263321
448,7356.95211404885,0.0105239962211656
449,9445.82204590247,0.0135276395824713
450,12023.8887396817,0.0172347123837451
451,14270.1197765146,0.0204646295934562
452,16783.859967868,0.0240792055527673
453,21596.9266632357,0.0310000461501682
454,26798.8675937358,0.0384800596749624
455,37129.0879511381,0.0533341668283946
456,44135.242814737,0.0634085090473256
457,61198.4007643392,0.0879440918122866
458,75195.0057232458,0.108070193933127
459,96148.6310073096,0.13819998637258
460,122431.745756976,0.175993197873411
461,150750.594408159,0.216713646980295
462,182274.815538462,0.262043189080768
463,225200.93434272,0.323767832538397
464,265906.031374965,0.382298807879554
465,309369.264854263,0.444795783258546
466,371374.422263592,0.533954699560231
467,422559.238033028,0.607554749875042
468,468395.660599284,0.673464198925786
469,527559.935396667,0.75853813220986
470,573392.871836918,0.824442568464417
471,613247.798940584,0.881751061149752
472,653393.142919653,0.939477152224777
473,663371.136007536,0.953824782127697
474,688822.611372921,0.990422156550543
475,693515.131858444,0.997169660446885
476,695483.478455647,1
477,686148.259361361,0.986576632450252
478,678670.046278683,0.975823504772129
479,658193.946374234,0.946380359171936
480,629160.207646627,0.904631950018631
481,607168.53523548,0.873009521147183
482,570280.386181229,0.81996703998162
483,542459.664844827,0.779962861801571
484,509330.243502723,0.732325158294675
485,475857.0496983,0.684193134936412
486,448179.764778158,0.64439520791298
487,407182.619319674,0.585444288130443
488,379836.709178174,0.546122853989021
489,350590.506346582,0.504068936873866
490,328764.30629703,0.472684445249156
491,301266.207326469,0.433144174616719
492,278626.072755279,0.400589304221569
493,255922.996510063,0.367943928267189
494,239402.863726464,0.344189176280639
495,220001.091315598,0.316290835646404
496,201686.088262257,0.289955190475503
497,189421.713565161,0.272319909753736
498,173936.278663969,0.250052978228411
499,155820.395166915,0.224003652528256
500,147537.742240456,0.212093798737369
501,138862.480050769,0.199619401319758
502,121955.838540062,0.175308877834676
503,114855.812584864,0.165099555798762
504,103295.24746645,0.148476302171835
505,95457.8045209213,0.137206628022205
506,86634.7209912102,0.124519674245842
507,81337.4680007574,0.116902608896152
508,69833.1337744345,0.100360211211069
509,66168.4979149532,0.0950907308077739
510,60429.7244158252,0.0868387910101644
511,52603.1349498923,0.0755847233764972
512,49615.8270240748,0.0712891913844237
513,43587.8836278939,0.062621446261491
514,41295.1197550236,0.0593246182107002
515,35915.1894131266,0.0515886688299809
516,36057.6190617221,0.0517934723277638
517,30037.5316550833,0.0431370235476404
518,29086.6471271292,0.0417697206073262
519,25850.0354144135,0.0371157078630305
520,22606.1012871894,0.0324511660180994
521,22024.3197140826,0.031614606339038
522,19250.1604157369,0.027625566603909
523,17520.4812169909,0.0251384134483787
524,18318.8654546796,0.0262864320390703
525,16602.5640385905,0.0238185151641019
526,14364.8446393161,0.020600837071464
527,13093.1579109141,0.0187722438492735
528,11407.6490100914,0.0163486043764772
529,12108.1903216785,0.0173559319404303
530,11619.3872561323,0.0166530686072831
531,10200.8690394988,0.0146133423613786
532,10202.7571473211,0.0146160573233968
533,8002.11537598602,0.0114516941688096
534,8316.61288718332,0.0119039187651092
535,6224.75031399644,0.00889597220275866
536,7330.30288855487,0.0104856765689851
537,6034.66053652713,0.00862263689861116
538,5208.08562546063,0.00743408216555337
539,5191.95261757572,0.00741088407107535
540,4548.41597195796,0.00648552507964621
541,4455.1793582054,0.00635145759576034
542,5026.22649217003,0.00717258193039206
543,4100.99166169522,0.00584216139351431
544,3376.08526322047,0.0047997986029242
545,3273.23040210945,0.0046519007773856
546,3757.99389146978,0.00534895549315167
547,3474.08809526824,0.00494071956280811
548,3253.00724038625,0.00462282133853294
549,3318.95192554474,0.00471764500982487
550,2826.01749682603,0.00400884107627114
551,2013.51344839685,0.00284051922248646
552,2503.7662691057,0.00354546719834095
553,2003.00037953383,0.00282540219245226
554,2097.34180224949,0.00296105831144506
555,1456.57889107735,0.00203968774884367
556,1633.87716373019,0.00229462979741445
557,1850.57252668054,0.00260622200257103
558,1738.29977267261,0.0024447819305546
559,1660.20316545997,0.00233248467728015
560,1550.26355334151,0.00217439949397191
561,1603.95065013213,0.00225159764279098
562,1185.02300732984,0.0016492100963084
563,1973.08775667381,0.00278239001170197
564,1160.59926759035,0.00161409053112721
565,1170.24168457159,0.00162795562694336
566,1269.0542204038,0.00177004088210466
567,1412.52485625608,0.00197634124401261
568,1375.53027075578,0.0019231457149623
569,1164.68137925036,0.00161996031143317
570,1584.64226124916,0.00222383358089252
571,904.486640192951,0.00124581916042194
572,823.164229870624,0.00112888343638991
573,1293.68968883014,0.00180546489777125
574,551.231991629702,7.37864613407215E-4
575,935.441943232501,0.0012903306395974
576,750.919839204755,0.0010250012457824
577,371.668900596336,4.79665920375478E-4
578,859.641435618253,0.00118133501090495
579,621.547194908847,8.38972772564281E-4
580,281.896465894508,3.50579674550149E-4
581,1079.6432753561,0.00149768168971288
582,336.512500989948,4.29113569233427E-4
583,997.361598903868,0.00137936661060522
584,901.608558284416,0.00124168068751559
585,910.058955490826,0.00125383174540692
586,1071.96342785942,0.00148663862638113
587,663.323442041035,8.99043984009941E-4
588,562.575679199797,7.54176012859649E-4
589,567.78377308669,7.61664873889182E-4
590,678.602862299966,9.21014681431303E-4
591,737.036827621263,0.00100503848269131
592,38.0874470473116,0
593,421.973657179711,5.52000509451435E-4
594,536.292088079877,7.16382116372965E-4
595,205.776452166469,2.41124619254373E-4
596,95.5193785957826,8.25829494177505E-5
597,663.846459084314,8.99796044559973E-4
598,382.074791417928,4.94628836164596E-4
599,616.386096180613,8.31551487162203E-4
600,563.329528508337,7.55259993454368E-4
