400,2687.47911634838,0.00532241306767936
401,4063.01706349576,0.00802569131436507
402,3584.44161605621,0.00708517011744414
403,3399.4624127709,0.00672163942941954
404,2937.52520267951,0.0058138165562197
405,3327.75402256765,0.00658071439587663
406,3448.69479481082,0.00681839345040242
407,3067.35188074031,0.00606895865198599
408,3252.93380169757,0.00643367383192145
409,2714.06705826863,0.00537466506491886
410,3335.319214824,0.00659558190258627
411,3181.00264761938,0.00629231101130147
412,3383.88486404862,0.00669102562579096
413,3148.05921996797,0.00622756888512022
414,3140.95989362366,0.00621361692217183
415,3338.62074627052,0.00660207024277247
416,3482.16278068162,0.00688416646549991
417,3250.87126468352,0.00642962042761178
418,3689.50094117861,0.00729163813150644
419,3986.29893083851,0.00787492087610215
420,3542.96175896973,0.00700365175906657
421,3315.36964663795,0.00655637598040872
422,3958.51790470007,0.00782032416811135
423,4352.76879756076,0.00859512639339125
424,3457.9857213267,0.00683665245924621
425,5233.2417895332,0.0103254774105547
426,6750.5130355903,0.0133072972595046
427,6802.48749239183,0.0134094401474898
428,4576.57115900213,0.00903495435778583
429,3873.99172809154,0.00765420895843995
430,3986.5352138391,0.00787538523166346
431,3053.44597686478,0.00604163005118281
432,3354.29118003741,0.00663286658889002
433,3860.57661549833,0.00762784488602359
434,3560.67927201476,0.00703847113115247
435,3183.80642165142,0.00629782113289799
436,3761.21159824727,0.00743256762001038
437,3311.32416042052,0.00654842558186717
438,3249.42846483841,0.00642678496280785
439,2972.62743155923,0.00588280127011838
440,3560.45097713792,0.00703802247426469
441,3427.70184637975,0.00677713702345673
442,3445.30196481352,0.00681172568558689
443,3485.85892389599,0.00689143031712157
444,3226.43170564022,0.00638159054340732
445,3109.89838815175,0.00615257324669514
446,2844.4794064313,0.00563095814983043
447,3673.03682026259,0.00725928199039424
448,3108.72556186075,0.00615026834786907
449,2902.61379780135,0.00574520685950863
450,3773.99442187337,0.00745768908547873
451,3201.39005806116,0.00633237740370294
452,3236.65524307139,0.0064016823674091
453,3446.25633842666,0.00681360126992317
454,3912.29830105044,0.00772949101488895
455,4032.69276049036,0.00796609642726624
456,3901.83538204278,0.00770892874584438
457,4254.40855420912,0.00840182376096105
458,3548.52374244479,0.00701458245637502
459,5121.336416897,0.0101055551901884
460,4611.20554274164,0.00910301963824178
461,5286.68218502048,0.010430501236989
462,5943.5765486887,0.0117214639816791
463,6360.72653767609,0.0125412686938452
464,6607.35073037545,0.0130259473002139
465,6941.87271284938,0.0136833671846564
466,7689.33553641039,0.0151523197463281
467,9454.08776496779,0.0186205020092331
468,10982.8593051626,0.0216249228304335
469,13027.2739833125,0.025642712189214
470,16092.9685185978,0.031667573491955
471,19961.1201822733,0.0392694650057299
472,24237.425392496,0.0476734809581486
473,32004.1548250528,0.0629370589397415
474,39314.1579351797,0.0773030547538094
475,50637.9169648452,0.0995570910885306
476,66379.4357892855,0.130493137234078
477,82599.0771726235,0.162368814536583
478,105523.545620563,0.207421164419525
479,125377.668351172,0.246439512256449
480,158665.469709076,0.31185841943922
481,193576.933590899,0.380468232107351
482,227506.830837925,0.44714901930801
483,263731.372875715,0.51833936101395
484,297652.772907518,0.58500344904821
485,344736.541676927,0.677534904214736
486,394191.653658205,0.774726645586644
487,425239.92926041,0.835744321039803
488,455726.504927792,0.895658114758459
489,480132.377540451,0.943621796648882
490,500521.364958254,0.983691288205111
491,506297.234851371,0.995042326153668
492,508819.90099333,1
493,501568.718197903,0.985749600907579
494,485136.781746647,0.953456710368483
495,462745.106854504,0.909451433910411
496,444050.661131988,0.872712143249381
497,413234.643560422,0.812150913278622
498,387126.892426191,0.760842611782895
499,352110.178519231,0.692025956327182
500,315499.513644678,0.620076786071776
501,283105.136248304,0.556413681820707
502,263100.059609724,0.51709867156417
503,233291.60066673,0.458517547870034
504,204151.475063067,0.401249867386602
505,185940.989134419,0.365461679518299
506,169619.430982178,0.333385710115587
507,146770.842746347,0.288482483946153
508,132873.357098054,0.261170427078097
509,115596.29643007,0.227216654761392
510,102146.612205548,0.200784640388874
511,94108.8922725001,0.184988497873853
512,83237.4171702951,0.163623313282528
513,72397.3866649246,0.142319925237619
514,65556.8190638142,0.12887648834123
515,59236.9991161747,0.116456451640059
516,51633.4944639034,0.101513651430377
517,43919.9980747079,0.086354689776107
518,41171.1217764846,0.0809524560425866
519,36490.8360895463,0.0717545167839766
520,33787.3502128521,0.0664414866521321
521,31485.1415887234,0.0619170673107058
522,28698.4305695937,0.0564404788287704
523,26280.3331774312,0.0516883088925235
524,21456.8721883093,0.0422089941323084
525,19622.4946470872,0.0386039806074702
526,18624.311101964,0.0366422987292442
527,16473.2694151155,0.0324149604636365
528,14025.5235420822,0.0276045238008689
529,13394.5865597481,0.0263645738431739
530,12181.2749886054,0.0239801112527206
531,11808.339347762,0.0232471988620471
532,9372.48637731368,0.0184601347459365
533,8682.10673594433,0.0171033650033505
534,9251.81956422175,0.01822299409009
535,7725.17484201163,0.0152227530014841
536,6957.01002129011,0.0137131158053369
537,6515.39941007402,0.012845239814506
538,6966.04305918285,0.0137308679981335
539,5735.19351490954,0.0113119388767107
540,4269.65358962472,0.00843178409225866
541,4958.45763906281,0.00978545740017176
542,3659.13219067432,0.00723195589388623
543,3423.01536249532,0.00676792690318014
544,4182.47685597544,0.00826045987093859
545,3203.56767979656,0.00633665697845333
546,2914.92719165766,0.00576940577733832
547,2737.1837932548,0.00542009526693698
548,3100.44236181796,0.00613398977515862
549,2347.68248912027,0.00465462717882923
550,1936.09964293598,0.00384576330334955
551,2140.23242496724,0.00424693559397588
552,1290.4277462649,0.0025768555306582
553,1617.00619576683,0.00321866437366812
554,2109.56906609134,0.00418667437676159
555,1599.41024609478,0.00318408390420388
556,1610.52135294439,0.0032059200254868
557,1747.30642409323,0.00347473711488433
558,1544.67659752668,0.00307651850999378
559,979.34394898606,0.00196549757879344
560,859.420632820675,0.00172981808152286
561,1033.58998125279,0.00207210468425335
562,1380.31536954039,0.00275350733234119
563,1220.45738864839,0.00243934616855751
564,1230.34932483751,0.00245878631266485
565,933.303593620524,0.00187501669356055
566,725.405006163666,0.00146644364753567
567,907.386356515832,0.00182408280007938
568,1002.42561927111,0.00201085886984917
569,1055.09541530024,0.00211436827441209
570,1426.51548814899,0.00284430219255419
571,801.018497185558,0.00161504318698083
572,1308.63630313058,0.00261263992743227
573,1323.9890222683,0.00264281188434451
574,400.508729419296,8.27940697345429E-4
575,732.862169107175,0.00148109884945793
576,312.256413134336,6.54502685455237E-4
577,791.678586069598,0.00159668791106997
578,510.65894404371,0.00104441359049931
579,173.810456479539,3.82421538044764E-4
580,78.2472055675505,1.94615699675359E-4
581,1014.53386296629,0.00203465461598225
582,327.455000735432,6.84371735107843E-4
583,529.957841085939,0.00108234078012536
584,181.876790916713,3.98273915261783E-4
585,539.621940930038,0.00110133316847533
586,337.644603543717,7.04396869035357E-4
587,186.403217453276,4.07169482568297E-4
588,-20.7811798168635,0
589,870.97635060463,0.00175252797518664
590,666.228129225819,0.00135014619135525
591,245.043133778239,5.2241167600795E-4
592,247.586268363312,5.27409575496276E-4
593,789.784928803566,0.001592966397967
594,634.468153073992,0.00128772984520897
595,253.400980223066,5.38836947684602E-4
596,88.9543822503078,2.15657996523617E-4
597,425.598963207179,8.77249321177801E-4
598,1445.97129961171,0.00288253775850704
599,205.165584951907,4.44042256613211E-4
600,321.176424879356,6.72032753426461E-4
