400,408.000088577553,2.49369364580846E-4
401,292.012434723384,1.58753610914234E-4
402,493.39889940842,3.16087479384694E-4
403,349.524221189642,2.03684891978903E-4
404,491.90383090605,3.14919451972951E-4
405,637.559613964921,4.2871353366353E-4
406,175.479115735742,6.771155448456E-5
407,88.8087077140001,0
408,433.480811858443,2.69276267318712E-4
409,117.301168561689,2.22598330747847E-5
410,403.052246678681,2.45503846072702E-4
411,457.351532855025,2.87925350232229E-4
412,314.619088675839,1.76415137100095E-4
413,284.46048376512,1.52853623243161E-4
414,226.89358072281,1.07879282163805E-4
415,477.676372222476,3.03804200922234E-4
416,337.291165063843,1.94127774788837E-4
417,225.359251887201,1.06680582481631E-4
418,169.287280892017,6.28741622078896E-5
419,614.116662516943,4.1039864718174E-4
420,445.828711732334,2.78923106582134E-4
421,471.936793067215,2.99320134958308E-4
422,334.197260779226,1.91710651420901E-4
423,332.714257598626,1.90552050083305E-4
424,745.136683596764,5.12758489467114E-4
425,1235.19283824459,8.95616546482444E-4
426,2383.85631734692,0.0017930138418794
427,1939.22345290725,0.00144564288663271
428,1661.16226763025,0.00122840662887561
429,573.455351633023,3.78631858145285E-4
430,571.462410618446,3.77074866120288E-4
431,436.447404920285,2.71593928355799E-4
432,461.928845479377,2.91501391469729E-4
433,354.157688958161,2.07304804616004E-4
434,623.671463096017,4.17863368010524E-4
435,326.014491718055,1.85317834936397E-4
436,568.253953541178,3.74568247988938E-4
437,648.492391471703,4.37254803708462E-4
438,244.764419362074,1.21840936341131E-4
439,483.996218283193,3.08741602402644E-4
440,271.475562827196,1.42709109081587E-4
441,377.142436969848,2.25261718086595E-4
442,403.171714460164,2.45597180688053E-4
443,538.321718881144,3.51183586669251E-4
444,402.18167993711,2.44823712810383E-4
445,162.876360029114,5.78656082248998E-5
446,642.380708585323,4.32480030424255E-4
447,109.192744701085,1.59250990340328E-5
448,722.965565828479,4.95437227423739E-4
449,401.77087135643,2.44502767193207E-4
450,375.991660690073,2.24362670158403E-4
451,723.430405955602,4.95800385372487E-4
452,323.768192701957,1.83562906100953E-4
453,377.407595308975,2.25468873951401E-4
454,1131.64046711542,8.14715900232353E-4
455,890.965248611383,6.26687557655134E-4
456,540.810281810944,3.53127785020863E-4
457,786.632659652707,5.45177363541148E-4
458,1246.43712974193,9.0440118790437E-4
459,1141.73889306318,8.2260533025094E-4
460,762.142914043233,5.26044665518855E-4
461,1692.56618982975,0.00125294105114932
462,1206.13631867217,8.72916040588142E-4
463,2383.99485661966,0.00179312207616292
464,2201.95132395682,0.00165089993989042
465,3170.57451073432,0.00240764013742173
466,4252.20898181816,0.00325267078966926
467,4043.57422775483,0.00308967417018193
468,5083.10822195955,0.00390181368000733
469,5791.89690220345,0.00445555727526461
470,6620.62485475951,0.00510300383970562
471,8920.86681438621,0.0069000757853905
472,9000.89370294983,0.00696259706743923
473,12629.8865103966,0.00979776018498061
474,14241.3024592264,0.0110566844396018
475,18213.5496493169,0.0141600162246613
476,23327.7929422846,0.0181555363945007
477,26078.261924904,0.0203043497510503
478,33919.4208399584,0.0264302821334803
479,40533.9812981787,0.0315979302509998
480,50502.6188696988,0.0393859626540719
481,59178.6589496756,0.0461641488192762
482,73680.0481668411,0.0574934090419071
483,90475.671841458,0.0706150478284778
484,111877.186412294,0.087335054725777
485,138281.288976338,0.107963350705792
486,166109.196217552,0.129703998988907
487,200436.048457983,0.156521970414382
488,245126.084268526,0.191436214661894
489,294997.486367612,0.230398419150495
490,349669.13844432,0.273110835450927
491,418857.588441378,0.327164550076372
492,488400.971570761,0.381495557432707
493,556290.433656601,0.434534433282924
494,635091.579660344,0.496098099739182
495,720176.260406015,0.562570799333103
496,802307.907299741,0.626736431069326
497,878861.59766128,0.686544265072012
498,962281.530684268,0.751716374779485
499,1043935.29959207,0.815508662694907
500,1094645.43335954,0.855126129185368
501,1160660.38649595,0.906700538468984
502,1201375.22454821,0.938509145789881
503,1255030.10482599,0.980427205623868
504,1257007.79918227,0.981972286144612
505,1274226.24438303,0.995424255703334
506,1280083.17128737,1
507,1251407.28694862,0.977596866691701
508,1226079.43934724,0.957809398604466
509,1189873.74657081,0.929523576545483
510,1125478.26297541,0.879214383413086
511,1065304.12116007,0.832203128071253
512,1000390.92803138,0.781489472584626
513,926634.964862512,0.723867372577698
514,828756.395475649,0.647399403461332
515,763614.500967184,0.596507074234835
516,696458.474703811,0.544041197644543
517,629389.60137847,0.491643409586967
518,572171.98993667,0.44694195377236
519,506152.304098703,0.395363847049363
520,463147.438394325,0.361766147745667
521,417289.454147132,0.325939439763319
522,370790.588069952,0.289612040646132
523,336441.553480649,0.262776739184275
524,294806.885314621,0.230249511422022
525,270334.317731412,0.211130233791855
526,241142.100393658,0.188323713551468
527,217537.817500591,0.169882786323089
528,197647.387911311,0.154343319767007
529,175996.82336786,0.137428741721665
530,158374.401382849,0.123661163910232
531,140591.184463221,0.109767964502862
532,129507.511040915,0.101108806504722
533,115727.263690786,0.090342940847035
534,106083.570339015,0.082808772233718
535,97517.063786397,0.076116159513648
536,85498.9194315416,0.066726942884104
537,75757.0288887968,0.059116057377459
538,71518.9237767925,0.0558050231761341
539,62816.2030397219,0.049005992655772
540,57478.9856413847,0.0448362731988981
541,50671.747492351,0.0395180949724607
542,44331.9470912972,0.0345651040950034
543,43624.905531447,0.0340127254435652
544,39401.8584784022,0.0307134554026146
545,32664.1064392953,0.0254495634386469
546,29913.8792192723,0.0233009389599576
547,28724.5547766573,0.0223717751469091
548,24833.1330007839,0.0193315884948127
549,23266.7878503249,0.0181078759564994
550,21400.7044536032,0.0166499918819471
551,19484.6627689549,0.0151530777230544
552,17665.5918134317,0.0137319222799498
553,16446.835447321,0.0127797646754004
554,15894.9898590316,0.012348633410746
555,13148.4436453965,0.0102028847309629
556,11867.5585204208,0.00920218881977601
557,11390.1615987453,0.0088292208320785
558,10440.5726896469,0.00808735122947754
559,8572.82289569009,0.00662816527635147
560,8990.28912656693,0.00695431220565161
561,7211.62653403255,0.00556472593517013
562,5837.35547060759,0.00449107193824525
563,5800.12120200097,0.00446198253777978
564,6638.8715053065,0.00511725909822896
565,5590.0807604691,0.00429788772012093
566,4358.54112017072,0.00333574313862732
567,5060.45997363883,0.00388411965807815
568,4035.73604448248,0.0030835505625306
569,3041.0093065521,0.00230641687584338
570,3117.01140831038,0.00236579377935185
571,3176.72090574337,0.00241244202967122
572,2526.80297589079,0.00190469141072102
573,2266.14861902548,0.00170105429755437
574,2236.09697843855,0.00167757634994344
575,2627.83033931462,0.00198361938601321
576,1565.1230989399,0.00115337569788245
577,1722.74316185028,0.00127651691437399
578,1489.8637179035,0.00109457904749351
579,2041.43379774848,0.00152549507022768
580,1371.01303802848,0.00100172654489694
581,1232.83073482133,8.93771145055445E-4
582,1245.80989906916,9.03911161783076E-4
583,954.602420295268,6.76404316997443E-4
584,1265.98869084662,9.19675912290875E-4
585,1223.14100589649,8.86201010992265E-4
586,1182.93003400763,8.54786050845242E-4
587,830.564152328299,5.79498993354466E-4
588,941.28758019112,6.66002052352064E-4
589,319.594447433569,1.80302153248904E-4
590,902.896905324038,6.36009205516621E-4
591,1338.66612312336,9.76455406327294E-4
592,1184.52540622942,8.56032440882908E-4
593,1144.2945892864,8.24601976719033E-4
594,770.988876428442,5.32955604069695E-4
595,610.691104545859,4.0772241823009E-4
596,616.204181811266,4.12029528813216E-4
597,789.185126971829,5.47171487416801E-4
598,627.164952701425,4.2059266878523E-4
599,630.171468600175,4.22941519676018E-4
600,522.625146051244,3.38920585136756E-4
