420,1994.9797640704,5.83032222221697E-6
421,2242.45584985701,5.52960676192978E-5
422,2803.8848601468,1.67515009474862E-4
423,2905.83707639119,1.87893311303031E-4
424,3535.16282587386,3.13683515220269E-4
425,4735.41194741255,5.53590402669173E-4
426,5264.42970010773,6.59330952840635E-4
427,6308.15046735988,8.67950810288433E-4
428,7042.02403375085,0.00101463812705829
429,9198.93580304307,0.00144576361574803
430,11581.9948993379,0.00192209163810557
431,13546.192400835,0.00231469722344855
432,16856.6736886301,0.00297639923802249
433,22635.842287994,0.00413154472060233
434,27853.6918423534,0.00517449324128798
435,36209.9671496739,0.00684475315955843
436,46133.7142869076,0.00882832077464789
437,61391.1636844476,0.0118779936547917
438,80583.7119700973,0.0157142176842834
439,106009.450441587,0.0207963374445256
440,140472.713898893,0.0276848859291722
441,180641.464033129,0.0357138522866425
442,247374.54021399,0.049052520325755
443,317414.391447039,0.0630521495736932
444,420086.814875424,0.0835744070696723
445,549234.19106447,0.109388502233505
446,704531.370640937,0.140429443912364
447,912834.925823141,0.182065348218829
448,1146860.7863263,0.228842650337483
449,1424435.64547363,0.284324565964077
450,1743141.80561351,0.348027843490274
451,2129927.19170433,0.425338858697527
452,2577518.1555305,0.514803748156588
453,3006442.36629617,0.600537510014586
454,3456880.86044175,0.69057156642706
455,3936543.97916834,0.786447067414895
456,4354095.70174543,0.86990768597713
457,4649072.76213525,0.928867969435807
458,4890379.46624379,0.97710057320478
459,5004944.81777233,1
460,4980206.82302823,0.995055347082299
461,4866141.63848229,0.97225589411905
462,4656420.76169163,0.93033669427877
463,4339258.55803699,0.866942024180886
464,4061822.59829342,0.811487871893606
465,3739150.05376167,0.746991789843081
466,3405384.0517837,0.680278337415681
467,3084472.07967282,0.616134160183948
468,2810568.87523778,0.561386138244926
469,2545493.85765425,0.508402702333384
470,2284961.49112875,0.456327255652198
471,2060423.46578342,0.411446390665215
472,1868754.39490425,0.373135402229833
473,1693628.13128545,0.338131005174761
474,1504237.03403183,0.300275340182147
475,1375017.23401032,0.274446768876727
476,1244261.79605009,0.248311252861648
477,1120702.2400635,0.223614056288565
478,1007759.03592354,0.201038865790622
479,923207.57526001,0.184138642834374
480,845905.047827015,0.168687343253659
481,765022.559135464,0.152520477756407
482,706244.46491333,0.140771858755601
483,654993.810951669,0.130527831369102
484,601356.081360053,0.11980667313184
485,549741.703404199,0.109489944262149
486,509728.991925888,0.101492167053325
487,477801.15766852,0.0951104024661117
488,442421.345654604,0.0880386534212928
489,409545.668566938,0.0814674331459836
490,383830.247018133,0.0763274112684407
491,362854.256674299,0.0721347112162248
492,339071.420747845,0.0673809763128333
493,317127.034226325,0.0629947123507281
494,301972.830259336,0.0599656762612656
495,282433.923897114,0.0560602218640095
496,263350.918013149,0.0522458932695238
497,249705.679098095,0.0495184704888175
498,234518.017880249,0.0464827469335852
499,217689.666111457,0.0431190806568956
500,205339.78051949,0.0406505742780526
501,195984.244821001,0.0387805812827949
502,181659.62616231,0.0359173634602369
503,168358.237912101,0.0332586698635558
504,163724.233755144,0.0323324208925958
505,152733.721506267,0.0301356272955159
506,143169.447909957,0.0282239115791495
507,131576.356377121,0.0259066738860382
508,124906.379543666,0.0245734728423924
509,115628.367699193,0.0227189753856742
510,105217.925271497,0.0206381266727065
511,98862.6920058223,0.0193678368600173
512,94048.8200759461,0.0184056357548053
513,88686.8223586033,0.0173338747680305
514,81156.0804783368,0.0158286232229515
515,75069.4968201431,0.0146120313384578
516,71263.2698541751,0.0138512392262679
517,65401.2138399632,0.0126795261317249
518,61636.3387683878,0.0119269994738443
519,56743.5206869342,0.0109490185399608
520,53440.5996283147,0.0102888276708793
521,50297.9161378039,0.00966066523283569
522,46646.2028618688,0.00893075745772119
523,44912.3151530123,0.00858418640346837
524,41232.2041990336,0.0078486024746055
525,38776.4677770447,0.00735774764220288
526,35300.1245715438,0.00666289299647176
527,35765.9183490854,0.00675599628091307
528,32830.8894922741,0.00616934004015897
529,30803.2549477082,0.00576405460087693
530,30418.6673289652,0.00568718287740861
531,27627.404865359,0.00512926279425265
532,24952.7095594709,0.00459464226073609
533,24813.1537237928,0.00456674771321085
534,22260.0423582483,0.00405642948841352
535,22048.6630630448,0.00401417880239059
536,20246.5435058185,0.00365396950414865
537,20115.6128353769,0.00362779896250562
538,19447.6533749875,0.00349428661726963
539,18424.7118126197,0.00328982012621719
540,16256.2052132231,0.00285637705232708
541,17052.9998468716,0.00301564108932094
542,15321.6099324792,0.0026695692965003
543,13411.7124525663,0.0022878172489212
544,14180.5120144235,0.00244148560547104
545,13912.5369088861,0.00238792249733823
546,13533.1470840021,0.00231208971363994
547,13053.3692839596,0.00221619129004625
548,10932.3464250208,0.00179223930944105
549,11338.0500815682,0.00187333172577554
550,10831.4106151591,0.00177206416784627
551,9588.95397154336,0.00152372080244731
552,10507.7126812457,0.00170736313003234
553,9550.26384081895,0.00151598738388401
554,9062.55360154186,0.00141850341711224
555,8658.18945128736,0.00133767874251542
556,7953.34789564273,0.00119679437049225
557,7797.88259346718,0.00116571982431518
558,6836.79121713515,9.73616004772937E-4
559,7364.01150319501,0.00107899727567643
560,8022.34103120726,0.00121058478125914
561,6464.70665051471,8.99243402749077E-4
562,6729.01311859933,9.52073220286878E-4
563,6382.71496270712,8.82854829522393E-4
564,5140.28824979721,6.34517446700168E-4
565,5868.49060229395,7.80071196072217E-4
566,6007.69011597946,8.07894521633065E-4
567,5421.92106081094,6.90810469441291E-4
568,5394.3106766319,6.85291680707525E-4
569,4659.89293464193,5.38495593623374E-4
570,4623.58528971398,5.31238388490745E-4
571,4481.56939778188,5.02852122681168E-4
572,3900.49453117435,3.86706349173841E-4
573,3887.87245922468,3.84183437937947E-4
574,3911.12277205099,3.88830731639127E-4
575,4655.57444930385,5.37632410841267E-4
576,4085.26065831274,4.23637570927983E-4
577,3646.27876543933,3.3589347041102E-4
578,3609.34060465833,3.28510237195488E-4
579,4102.10802502011,4.27005037927912E-4
580,3701.81369881422,3.46993843468216E-4
581,3022.49904586726,2.11211812002937E-4
582,3260.88467722219,2.58860549089774E-4
583,3192.02458872726,2.4509673189231E-4
584,3480.075248192,3.02672560026389E-4
585,2981.23740490242,2.0296439763098E-4
586,2765.58910615671,1.59860419292373E-4
587,2551.8308955993,1.17134233502099E-4
588,2683.55034029704,1.43462436061766E-4
589,3030.32394683413,2.12775860334131E-4
590,2636.88839683474,1.341356043087E-4
591,2720.74261602715,1.50896462004741E-4
592,2313.35166592449,6.94667878978473E-5
593,2644.85153480694,1.35727283578406E-4
594,3029.65641231784,2.12642432927108E-4
595,2280.77833773495,6.29560013956366E-5
596,2139.72828283847,3.47627879723013E-5
597,2524.31386468495,1.11634104303892E-4
598,2582.22860132669,1.23210154605292E-4
599,2345.77617557511,7.59478284149736E-5
600,1965.81078438868,0
