400,187.853671229931,5.93818837830992E-4
401,528.849653027747,0.0010882893577995
402,500.604826137064,0.00104733217652885
403,329.18139202105,7.98754952377303E-4
404,73.9469480327794,4.28645288423596E-4
405,-209.578411677333,1.75116108330988E-5
406,385.544576579502,8.80485924773992E-4
407,45.1756201638937,3.86924640055523E-4
408,242.264351433207,6.72718528056393E-4
409,129.402983091782,5.0906082395702E-4
410,-11.2479913704447,3.05106043875032E-4
411,324.855515311988,7.9248209691909E-4
412,-94.6120078881446,1.84221778973015E-4
413,210.777331687131,6.27059916643979E-4
414,-148.948329340464,1.05429914681678E-4
415,71.3964013888054,4.2494679872703E-4
416,235.64342231741,6.63117669285852E-4
417,16.4352837333764,3.45248931667575E-4
418,125.796784083448,5.03831556769297E-4
419,343.137715901779,8.18992700311368E-4
420,-92.7676250546992,1.86896276584003E-4
421,179.405457116223,5.81568274632017E-4
422,369.114831390775,8.56661524839459E-4
423,232.621601625527,6.58735795807785E-4
424,476.390191540693,0.00101221908546957
425,1068.49406056968,0.00187081544326398
426,2326.42061243864,0.00369490613461307
427,2113.81663368119,0.00338661393900033
428,1195.0888278641,0.00205438763692835
429,42.7862446767042,3.83459860988857E-4
430,149.207398772603,5.37778756842148E-4
431,175.994548555665,5.76622193682288E-4
432,229.179791831388,6.53744905681844E-4
433,254.771650616032,6.90855078222547E-4
434,15.9889682766296,3.44601739771636E-4
435,15.9342276679003,3.44522361659556E-4
436,414.413111630035,9.22347531065968E-4
437,-10.5810847956508,3.06073109935665E-4
438,122.051844461031,4.98401104971641E-4
439,-116.295976396795,1.52778349267705E-4
440,121.385803541591,4.97435294178154E-4
441,42.255458988926,3.82690180731501E-4
442,252.440336305818,6.87474492348473E-4
443,-142.273168695255,1.15109413359956E-4
444,-36.7068328995936,2.68188756632105E-4
445,330.807467904473,8.01112888043716E-4
446,199.786032161774,6.11121683111786E-4
447,94.2804852190229,4.58130488373085E-4
448,146.961487537946,5.34522012026127E-4
449,68.1637462947752,4.20259199076159E-4
450,278.330712986553,7.25017538902889E-4
451,-10.4969463492813,3.06195117183687E-4
452,68.5169738485409,4.20771406320528E-4
453,358.580970546836,8.41386612738392E-4
454,-221.654741180807,0
455,121.860218093119,4.98123231932547E-4
456,201.715050450719,6.13918908672436E-4
457,148.906275549923,5.37342104903588E-4
458,148.954637488518,5.37412233451137E-4
459,69.4309625911059,4.2209676061473E-4
460,283.189903163776,7.32063740095318E-4
461,498.5047319482,0.00104428687769549
462,177.624836516145,5.78986237185872E-4
463,420.329330998553,9.30926506254989E-4
464,692.949802526278,0.001326247253437
465,611.20532208983,0.00120771144098296
466,1077.75450502784,0.00188424380321774
467,834.156952851864,0.00153100853149265
468,1488.81485642163,0.00248031307248155
469,1331.0020168036,0.00225147226194702
470,1691.20816986084,0.00277379901447654
471,1972.79469476418,0.00318212123179709
472,2672.52317991544,0.00419678159836607
473,2997.82979932848,0.00466850133066995
474,2920.19173976378,0.00455592014575422
475,4363.71088355671,0.00664913443482758
476,5288.42824688275,0.00799004605805853
477,6089.76736527227,0.0091520496935621
478,7990.54447436695,0.0119083233614306
479,9229.31194845978,0.0137046319097171
480,11251.3302045073,0.0166367146081181
481,13413.6810982756,0.0197722904737303
482,15695.7715985072,0.0230814980201519
483,19340.8462119975,0.0283671378389965
484,22927.312085979,0.0335677904572682
485,28650.907977203,0.0418674467215501
486,34556.1698430475,0.0504305326850839
487,39748.6467591277,0.0579600253995788
488,48491.0093109275,0.0706371265605679
489,58247.7622572635,0.0847851721684471
490,69215.4100212001,0.100689108819175
491,85975.2849105081,0.124992222326351
492,102966.240092503,0.149630420111873
493,118805.846105892,0.172599072646261
494,142002.72382914,0.206236337604595
495,164867.875895324,0.239392574730078
496,200259.441884478,0.290713079871787
497,228307.841719499,0.33138542673519
498,263661.127469362,0.382650422572282
499,302929.453002076,0.439592528582103
500,340734.280006782,0.49441244865207
501,387594.139273865,0.562362865121155
502,421639.193547353,0.611730824239656
503,473003.116244602,0.686212480679789
504,510209.667037471,0.740164854017998
505,549316.319515489,0.796872521607168
506,593186.822197127,0.860488140060795
507,628724.309730605,0.912020242716106
508,661105.241113889,0.958975095068736
509,672315.067972568,0.975230210118317
510,685957.140938473,0.995012269945928
511,689396.771488822,1
512,683267.447842017,0.991112007142394
513,665475.120580658,0.96531175792541
514,638545.226005584,0.926261330107965
515,606605.302740776,0.87994597360072
516,573555.458858444,0.832021146442304
517,535857.166725626,0.777355710167774
518,488169.860333918,0.708205431436963
519,447795.870706433,0.649660027062835
520,410216.856527647,0.595167553037421
521,366635.213248419,0.531970803035423
522,329475.238270616,0.478085968227647
523,307751.606976418,0.446585024418827
524,276168.758192364,0.400787453497309
525,245270.826765073,0.355983065661845
526,222886.879510298,0.323524612692218
527,198998.380589522,0.288884443560762
528,181035.667481893,0.26283712170217
529,160466.416395657,0.233010118385736
530,146581.636917134,0.212876115362603
531,132502.038820006,0.192459610290227
532,120650.786391557,0.175274378606038
533,108780.874349131,0.158062089039884
534,94548.6349276311,0.137424242253649
535,90409.7153318176,0.131422489054506
536,81483.9220525418,0.118479399166275
537,70237.5568473637,0.10217130069121
538,65984.7328831697,0.096004377357326
539,58857.464852149,0.0856692880384632
540,53012.434070717,0.0771935418009598
541,48097.0319549095,0.0700658289544818
542,44901.746489538,0.065432418152454
543,40058.3833440017,0.058409167378814
544,36962.0136585345,0.0539191921001742
545,33939.5872662901,0.0495364403097858
546,30243.0829218856,0.0441762234075018
547,26445.9248618404,0.038670050840734
548,23372.6425477705,0.0342135540344192
549,21579.5280020648,0.0316133994017938
550,21397.8575938386,0.031349963273471
551,16671.4472761305,0.0244963031363044
552,14880.3683083475,0.0218991002489418
553,14669.5448861835,0.0215933899979606
554,13302.707997687,0.0196113709037658
555,12706.9850129976,0.0187475265486401
556,9070.36261785046,0.0134741430994365
557,9612.87756252893,0.0142608316855352
558,7957.37306610141,0.0118602222565241
559,7503.87473369269,0.0112026146359043
560,6666.40477503262,0.00998821849043242
561,6419.62802686502,0.00963037313888538
562,5351.75679337936,0.00808187734343007
563,5176.76843920238,0.00782813070975382
564,4757.88274891307,0.00722071409448258
565,3981.9160687393,0.00609550245474173
566,2428.04201920089,0.00384226502598985
567,3747.11092908656,0.00575501686050323
568,3123.50207037441,0.00485073583349923
569,2184.04225710585,0.00348844651880619
570,2149.86637361892,0.00343888884721995
571,2532.18110189142,0.00399327474198575
572,2102.15253188086,0.00336970009018672
573,1433.64174968468,0.00240030780487499
574,1676.13907914447,0.00275194766865513
575,1459.16307092341,0.00243731569252418
576,1703.31882820377,0.0027913604047792
577,1056.6041042314,0.00185357408792015
578,1116.60366957012,0.0019405780934058
579,1409.31625164793,0.00236503395326152
580,1273.84603269067,0.00216859166894229
581,851.552669676052,0.00155623366493244
582,809.243559419848,0.00149488218613351
583,915.35584489984,0.00164875319862963
584,524.310694226915,0.00108170751684487
585,680.676305305246,0.00130844973417967
586,584.866877145606,0.0011695186608274
587,486.741549484743,0.00102722935426508
588,440.828605999271,9.60652038840861E-4
589,700.455028310484,0.00133713041070012
590,291.556379333296,7.44195776959904E-4
591,83.780068803263,4.42904073276894E-4
592,454.886926204073,9.81037689325369E-4
593,405.399700009583,9.09277387813377E-4
594,676.061288377879,0.00130175760306509
595,303.623862557861,7.61694560005094E-4
596,633.220621691171,0.00123963532637229
597,694.032997769479,0.00132781797023052
598,88.7448943270816,4.50103453883588E-4
599,425.89410566629,9.38995859474214E-4
600,-192.156681907698,4.27744650536211E-5
