400,202.501543927853,4.38100372408867E-4
401,432.490521001359,6.44604952933525E-4
402,230.830375283113,4.63536519437348E-4
403,144.053462442455,3.85620480967132E-4
404,115.00845359054,3.5954128601779E-4
405,28.7554558888703,2.82095665205776E-4
406,-57.3952626975788,2.04741879689758E-4
407,-57.3233022350514,2.04806492199964E-4
408,285.67068265354,5.12777030063011E-4
409,256.909636511541,4.86952802117053E-4
410,342.013347080754,5.6336649061557E-4
411,510.142269568747,7.14327606466566E-4
412,197.764704127791,4.33847215895145E-4
413,84.3815689796348,3.32041742170822E-4
414,27.9874530979826,2.81406083921525E-4
415,166.774935519622,4.06021842486311E-4
416,111.37250766807,3.56276610044689E-4
417,83.3299721241386,3.31097524885766E-4
418,-83.1448358206448,1.81621620344597E-4
419,166.267078821944,4.05565843526469E-4
420,110.61197095604,3.55593732470772E-4
421,221.111606319621,4.54810143358113E-4
422,494.825702991065,7.00575029293307E-4
423,27.5269838995536,2.80992633677622E-4
424,577.008673792702,7.74366217582467E-4
425,1149.12392643719,0.00128806222928892
426,2599.02874144456,0.00258991586346586
427,2613.66774194259,0.00260306006148619
428,1143.03326278839,0.00128259348918704
429,460.619199171909,6.69861384612274E-4
430,243.989334266691,4.75351804411534E-4
431,216.670433931038,4.50822463370959E-4
432,107.918726224443,3.5317549755958E-4
433,0,2.56276456686802E-4
434,80.8642356431314,3.28883567137991E-4
435,0,2.56276456686802E-4
436,26.8468032170234,2.80381906901434E-4
437,161.372631500622,4.01171172947684E-4
438,161.158369894098,4.00978789800715E-4
439,187.309497162708,4.24459600209838E-4
440,26.7929307893151,2.80333535439343E-4
441,133.662484466232,3.76290535786606E-4
442,186.960910079981,4.24146607690758E-4
443,0,2.56276456686802E-4
444,80.0365810891423,3.28140425189774E-4
445,213.032312535117,4.47555834064102E-4
446,-106.219462913866,1.60903165706983E-4
447,0,2.56276456686802E-4
448,106.307264699259,3.51728583926918E-4
449,266.02327854338,4.95135841359997E-4
450,-26.5379269237626,2.32448343108845E-4
451,266.610486748417,4.95663089168152E-4
452,106.640379169428,3.5202768375685E-4
453,294.002354102897,5.20257946494796E-4
454,53.5791240794853,3.04384564665284E-4
455,214.547034224205,4.48915886058753E-4
456,188.533919766281,4.25558995838938E-4
457,188.369363057525,4.25411242174625E-4
458,324.275257678284,5.47439654651621E-4
459,514.893740012684,7.18593899674988E-4
460,54.1711252050953,3.04916115984263E-4
461,353.442293120683,5.73628415938452E-4
462,300.456544546318,5.26053093319242E-4
463,328.353261678858,5.51101249725577E-4
464,711.779979513483,8.95375895127732E-4
465,248.030242865897,4.78980091931378E-4
466,634.100101618877,8.2562798458024E-4
467,663.198188595778,8.51754837795967E-4
468,636.211021029713,8.27523355971525E-4
469,971.688547207035,0.00112874494798094
470,891.469526172011,0.00105671716865114
471,1283.25176351556,0.00140849414339626
472,1068.63692799652,0.00121579383598516
473,1667.94972219328,0.00175391022201139
474,2039.65492466986,0.00208766024730815
475,2420.7550343055,0.00242984585672131
476,3458.00623325559,0.00336118233407531
477,3153.67611286158,0.00308792765616569
478,3929.94845180889,0.00378493407693852
479,4615.45677368557,0.00440044448207443
480,6474.30470675731,0.00606948365761466
481,8093.7101167488,0.00752353001733552
482,8399.54453319856,0.00779813538617794
483,9097.8515312624,0.00842513758231588
484,11824.1546528941,0.0108730552594126
485,14489.4160176901,0.013266164212412
486,17682.7269783842,0.0161334031071359
487,20783.3057329945,0.0189173787708905
488,25722.5266339576,0.0233522510558611
489,29711.9939431481,0.0269343500054899
490,37082.3171887426,0.0335520824269711
491,45478.1672716333,0.041090624150043
492,51774.1170480274,0.0467436884147841
493,61192.1775417837,0.0552000616565216
494,76289.0491129567,0.068755377092545
495,90930.1822910827,0.081901490022941
496,112825.691456115,0.101561227602685
497,134866.144925627,0.121351109084006
498,159036.346801078,0.143053268304841
499,191833.277781769,0.172501272991166
500,223941.802591308,0.201331165325268
501,276802.638435125,0.248794330173475
502,327189.448658692,0.294036094546676
503,395218.148210233,0.355118317891837
504,471526.289320433,0.423634561022663
505,552281.632166184,0.496143897825169
506,638597.942211129,0.573646366095945
507,730691.944060281,0.656336560481297
508,831207.208052225,0.746588113799644
509,923136.766251467,0.82913065603498
510,1010428.42930502,0.907508883076757
511,1064922.96500458,0.956438929110774
512,1112290.51919978,0.998969736604361
513,1113437.94761942,1
514,1100867.3757834,0.988713021393535
515,1053055.71887191,0.945783458940894
516,979088.83429077,0.879369404373996
517,904186.294816727,0.812115235538872
518,841360.65449413,0.755704782020205
519,751073.361276774,0.674636811503522
520,681505.235093907,0.612172353866981
521,610171.148939793,0.548122260137241
522,550582.589978838,0.494618346476335
523,487001.793889847,0.437529846875832
524,444021.952092935,0.398938718230345
525,389856.36464858,0.350304031227528
526,347521.771462857,0.312292264234427
527,311528.600786414,0.279974390974284
528,278691.739509583,0.250490533312918
529,243606.566757571,0.218987941432292
530,220432.454723776,0.19818016035746
531,200661.277400681,0.18042783704381
532,175370.579312124,0.157719596560249
533,155992.367142329,0.140320112348612
534,142826.585078637,0.128498701005611
535,128357.513159771,0.115507079993133
536,118609.789165638,0.106754705509397
537,101639.562500086,0.0915173250767771
538,92260.2416030801,0.0830957356941548
539,83400.9587425445,0.0751410827618994
540,74803.0126051543,0.0674210812076166
541,65900.7936428978,0.0594278764204503
542,59292.9033548565,0.0534947241909467
543,54405.7268601726,0.0491065820076711
544,50031.6429093701,0.0451791399931287
545,41137.2725029041,0.0371929823381417
546,41321.508097924,0.0373584054586382
547,33839.022553944,0.0306399637393746
548,33598.8494379437,0.0304243149321838
549,27330.7012128206,0.0247962133754656
550,24299.8639907046,0.0220748578689729
551,22746.0239985061,0.0206796819789179
552,20491.4315815483,0.0186553081709108
553,17163.0470929912,0.0156667882366941
554,16078.016113003,0.0146925508178847
555,14778.2988765453,0.0135255489635759
556,14003.8169978183,0.0128301501774012
557,11985.2792697407,0.0110177272860352
558,10650.3633090821,0.00981912088324504
559,9134.05140304531,0.0084576410502329
560,7519.1693583459,0.00700765617060594
561,7458.36459018221,0.00695306023603848
562,7543.76317351425,0.00702973868755726
563,6461.06023872454,0.00605759159500288
564,6079.94818589323,0.00571539526192528
565,5176.37826703558,0.00490408974005776
566,4566.8119499886,0.00435676682830135
567,4210.01683061934,0.00403640440312719
568,3321.0988384691,0.00323825468558165
569,3291.96292490561,0.00321209386828862
570,2700.70463207523,0.00268120953071604
571,3128.95644227541,0.0030657321350148
572,2644.44006293037,0.00263069019106114
573,2116.57412287162,0.00215672515190081
574,2553.59682062745,0.0025491230399569
575,2201.06042587053,0.00223258447691226
576,1412.10311303932,0.00152418835718867
577,1713.73743960795,0.00179502251138374
578,1245.89830933146,0.00137495488649104
579,1832.22792948613,0.00190141382291444
580,875.985354342172,0.00104281410055988
581,1371.74539989633,0.00148795160910807
582,1287.48520635656,0.00141229530530053
583,1094.91605265848,0.0012393895738502
584,653.129326368906,8.4271411681456E-4
585,506.696413440308,7.11233610035058E-4
586,764.574645009627,9.42779646346368E-4
587,721.051736803801,9.03700904327419E-4
588,467.168183514717,6.75741645839497E-4
589,785.090820197264,9.61200895073167E-4
590,315.183295438058,5.39276081455834E-4
591,531.894667874937,7.33858846375466E-4
592,267.94453247574,4.96860914197972E-4
593,161.79692001311,4.01552136950428E-4
594,544.726782567462,7.45380661444791E-4
595,438.980151853617,6.50431921312436E-4
596,-166.109244084016,1.07128787927553E-4
597,780.170456549074,9.56782954508679E-4
598,394.232427197892,6.10253430034091E-4
599,567.595093891703,7.65913867415833E-4
600,-285.421078659233,0
