400,510.374491997393,7.78836679240547E-4
401,145.848379860602,2.58255797311361E-4
402,449.107629603046,6.91341281252942E-4
403,236.446353007646,3.87639046388965E-4
404,114.903682859111,2.14063578647963E-4
405,296.3927794024,4.7324872559179E-4
406,84.5220552066725,1.70675481084693E-4
407,205.049951811376,3.42801747550896E-4
408,114.251340577857,2.13131966593878E-4
409,384.273938728601,5.98752084346582E-4
410,203.763957535698,3.40965215099862E-4
411,83.4263554525874,1.69110708835682E-4
412,231.827734526153,3.81043182876482E-4
413,82.8982989587326,1.68356589703673E-4
414,258.606923521515,4.19286626515775E-4
415,521.975260093293,7.95403772475705E-4
416,403.436954590299,6.26118847290473E-4
417,286.623752140458,4.59297547176063E-4
418,110.632579296306,2.07964002278789E-4
419,-34.9899586158836,0
420,285.201405095034,4.57266288907688E-4
421,515.358524848712,7.85954392158545E-4
422,313.342241301638,4.97454305192134E-4
423,543.691807219522,8.26417241412565E-4
424,773.202328208139,0.00115418193494279
425,1030.6714825332,0.00152187444026819
426,2349.69796972189,0.00340558029597097
427,2664.91409186313,0.0038557414268175
428,1763.42289364471,0.00256831902443049
429,622.876616969671,9.39501316112976E-4
430,165.141167270028,2.85807887408825E-4
431,732.924230478284,0.00109666065748004
432,647.640320529755,9.74866438692464E-4
433,1017.52627475087,0.00150310172788182
434,732.42037133191,0.00109594109465572
435,645.328345532934,9.71564699961627E-4
436,1496.98682451222,0.00218782083999675
437,1885.73345759636,0.00274299112371569
438,1858.02765926935,0.00270342438638902
439,3123.93881893685,0.00451127607657579
440,3448.74486429857,0.00497513260679573
441,4893.17511530598,0.00703792797019747
442,5573.99816121247,0.00801021349344337
443,7459.18560883267,0.0107024555891637
444,10084.8345365702,0.0144521530427308
445,14348.0667098253,0.020540488255845
446,17705.8560049203,0.0253357576600762
447,24606.581176384,0.0351907048808763
448,34014.8403365694,0.0486266692410638
449,46500.7683924342,0.0664578621861314
450,61524.2130873618,0.0879128905874025
451,83266.3365030495,0.118962885103309
452,115282.953414812,0.164685915946322
453,154979.648376157,0.221376890295222
454,205355.018155596,0.293318113582534
455,265575.882668958,0.379319718721702
456,343998.131253597,0.491314777434372
457,409875.213702448,0.585394045114585
458,484806.327526443,0.692403403346222
459,552285.494087055,0.788770612361931
460,573694.453981002,0.819344815009436
461,598218.532179684,0.854367727860133
462,588890.859130328,0.841046848777104
463,565693.447252424,0.807918552252375
464,540250.651730136,0.771583616315698
465,514610.669929343,0.734967078037375
466,502992.143711259,0.718374624372333
467,503846.363142239,0.719594537815937
468,525630.300866126,0.750704247476286
469,545747.64742967,0.779433893083116
470,581624.612619092,0.830669899386672
471,617506.197395552,0.881912502936942
472,650634.448333084,0.929223061812242
473,674913.284122488,0.963895743210492
474,700194.551291377,1
475,694295.51117854,0.991575562347303
476,694708.673473903,0.992165600714757
477,668805.264858807,0.955172861778244
478,629772.661494783,0.899430278718486
479,586548.752616048,0.837702079131855
480,535834.311142723,0.765276626497003
481,489126.897307045,0.698573622575889
482,444825.686275061,0.635306924411597
483,404124.924785089,0.577182039509832
484,371653.983355782,0.530810186401003
485,339122.145508093,0.484351366926441
486,310045.417417484,0.442826800512542
487,288394.953505747,0.411907705221178
488,259532.545852948,0.370689210495469
489,233186.576103369,0.333064448617316
490,219226.467525306,0.313127973853423
491,198302.136230047,0.283245870824883
492,181104.635514751,0.258686066214817
493,166176.126480998,0.237366615728475
494,145525.903696916,0.207875967922873
495,137259.51928148,0.19607071846042
496,124116.540105526,0.177301188753785
497,113172.390418736,0.16167181432429
498,107065.226228118,0.15295015402456
499,95302.7275997695,0.1361520929097
500,87958.9010606989,0.125664351238646
501,80387.4512725618,0.114851540093002
502,76187.7718310988,0.108853964735118
503,70082.8479684843,0.100135503854824
504,61667.0571930042,0.0881168867018586
505,57576.844292403,0.0822756408536763
506,53750.7376378269,0.0768115659622542
507,50518.5488451874,0.0721956670287848
508,44975.8658349138,0.0642801440698716
509,45568.1184711668,0.0651259419138125
510,40075.259636501,0.0572815730160646
511,38565.8461058347,0.0551259748275451
512,34824.2388261974,0.0497825737580072
513,30722.232672721,0.0439244859284737
514,26770.9643584964,0.0382816672790761
515,25880.5515375317,0.037010065941927
516,25731.4347847741,0.0367971118404886
517,23409.3314323278,0.0334809087732757
518,21377.1232188169,0.030578705861523
519,18538.2093686136,0.0265244441045348
520,17345.6135444186,0.0248212942744576
521,15532.204858441,0.0222315596529498
522,13709.436502066,0.0196284584568461
523,13454.1532726614,0.0192638876777429
524,11783.1700294179,0.0168775512768812
525,10545.8405806972,0.0151105172175756
526,10144.4487451583,0.014537288280644
527,8720.23672432217,0.012503366635045
528,8238.32198951808,0.0118151426935875
529,7847.71828463762,0.0112573203198225
530,6972.09219575814,0.0100068359610558
531,6935.53839039506,0.0099546333571813
532,5152.28144899243,0.00740795853649421
533,5167.29512789315,0.0074293996183342
534,5656.25167002432,0.00812767998688067
535,4826.63163075358,0.00694289701158693
536,4029.53295455396,0.00580455789670654
537,3917.38637665826,0.00564440101772724
538,3288.73671007122,0.0047466244608216
539,3548.03015773678,0.0051169222451777
540,3401.5563776982,0.00490774258135331
541,2853.81673060653,0.00412551387658617
542,2994.88808580598,0.00432697832058494
543,1789.85855029581,0.00260607186845348
544,2437.18986153211,0.00353052774056756
545,2447.04772695951,0.00354460578904548
546,2546.89608229533,0.00368719953788615
547,2277.09071940381,0.00330188965448724
548,1730.96354539779,0.00252196372758172
549,1496.28669146041,0.00218682097779364
550,2033.77542774316,0.00295441032474301
551,1434.21309765005,0.00209817348414526
552,1689.30680449843,0.00246247360549262
553,1830.86769448086,0.00266463715564751
554,1543.81262427893,0.00225469291123659
555,1092.08201437058,0.00160957501303716
556,760.231371081993,0.00113565807046403
557,1191.51313340875,0.00175157290541495
558,1416.14501543905,0.00207237039937573
559,905.180300235591,0.00134266008996587
560,647.187266551764,9.74219430888162E-4
561,1882.57612623816,0.00273848212891869
562,701.849293396124,0.00105228244254971
563,750.607989218999,0.00112191488869849
564,486.763040487405,7.45117091421047E-4
565,1035.58128158267,0.00152888613966136
566,676.887264853022,0.0010166340914411
567,1237.54517372239,0.00181731140629493
568,733.436929611214,0.00109739284471684
569,225.220867414548,3.7160789527092E-4
570,1077.63982790067,0.00158895008132673
571,133.409255209257,2.4049144445481E-4
572,422.712476455246,6.53646280409815E-4
573,280.908023466132,4.51134897162579E-4
574,625.260976929322,9.42906428035839E-4
575,530.492806068092,8.07567706547372E-4
576,337.544202254317,5.32017201395392E-4
577,390.230267242625,6.07258335744362E-4
578,844.537699018201,0.00125605620131939
579,243.856020648401,3.98220815943456E-4
580,654.588813830176,9.84789603727771E-4
581,763.890608085499,0.00114088383828435
582,612.841144384823,9.25169626297472E-4
583,252.171038711179,4.10095519269933E-4
584,888.608259230586,0.00131899350632614
585,148.940292584883,2.62671367552459E-4
586,956.873992975707,0.00141648401440047
587,421.779545623606,6.52313958968514E-4
588,481.04355582157,7.36949077464331E-4
589,703.221104167009,0.00105424152980621
590,876.380985070734,0.00130153169781971
591,212.665224346499,3.53677142098702E-4
592,438.707167903892,6.7648834934066E-4
593,899.162182059222,0.00133406559655785
594,275.130616113561,4.42884163635602E-4
595,103.97269978289,1.9845300749624E-4
596,162.833466442561,2.82512252632624E-4
597,753.333250041228,0.00112580684221043
598,284.568291864887,4.56362137921689E-4
599,107.217797296828,2.03087341415007E-4
600,48.2136469795384,1.18823329628301E-4
