400,-280.28184622526,2.18379832613584E-4
401,266.885748140589,8.80421096616232E-4
402,449.137822496515,0.00110093560609398
403,540.214407254981,0.00121113302625447
404,356.689244515335,9.89078153181687E-4
405,24.2227907218831,5.868128992187E-4
406,-66.4375840682758,4.77119069139832E-4
407,-36.1874236957578,5.13720020321005E-4
408,204.399377336557,8.04816188109207E-4
409,54.1609392541736,6.23036334049828E-4
410,204.263268298695,8.04651504015344E-4
411,23.8456885392172,5.86356627304499E-4
412,53.5446288550868,6.22290633975791E-4
413,-124.180082693398,4.07253972650058E-4
414,170.966195447648,7.64363964283676E-4
415,23.437178264848,5.8586235340892E-4
416,199.335088514688,7.98688690414847E-4
417,111.325740099246,6.92202449509925E-4
418,139.927190539722,7.26808556664109E-4
419,373.742732029001,0.00100971189053283
420,401.496958724285,0.00104329290576831
421,459.499874721555,0.00111347309227438
422,-63.7191236555575,4.80408249614532E-4
423,341.695534966106,9.70936628492959E-4
424,370.333465970558,0.00100558687502772
425,828.474194715031,0.00155991076093074
426,1175.13695963494,0.00197935273343318
427,1571.10339464727,0.00245844930610577
428,1596.51972107258,0.00248920159671322
429,1477.11133542656,0.00234472432982166
430,820.242758876817,0.00154995119782247
431,364.866930545323,9.98972682118812E-4
432,420.325980801198,0.00106607493764317
433,221.79137830298,8.25859507234657E-4
434,391.373441825691,0.00103104403358964
435,561.809673240355,0.00123726205388082
436,277.314081905119,8.93038779640594E-4
437,361.953438370582,9.95447524448862E-4
438,390.063102763211,0.00102945859881951
439,669.863858460545,0.00136800139243185
440,840.858842277796,0.00157489547093752
441,472.824250104907,0.00112959481880145
442,528.359252519919,0.00119678897206236
443,1172.36685052076,0.00197600106100547
444,1201.34909969598,0.00201106791268889
445,1424.36829390759,0.00228090828838553
446,1503.76488094995,0.00237697358425514
447,1678.14602412158,0.0025879647204853
448,2485.73438659711,0.00356510010970143
449,2823.50449170809,0.0039737824761876
450,3156.32832497048,0.00437648013871751
451,4735.67425943052,0.00628739772505444
452,5790.77838677649,0.00756401292908914
453,8052.86629947385,0.0103010089727656
454,9650.44870951576,0.012233991643858
455,12015.9810526314,0.0150961494883672
456,14620.2075064269,0.0182471134543859
457,18275.246122488,0.0226694995939745
458,25049.465029408,0.0308659141732511
459,30865.1320598306,0.0379025362091409
460,41119.5734265926,0.0503098194510518
461,51026.3487949221,0.0622964468657117
462,67364.4853021297,0.0820646507141424
463,88668.3083553688,0.10784104918416
464,111553.863415733,0.135531252250965
465,144175.315431879,0.175001329698445
466,187445.055774769,0.227355222517835
467,247552.003522295,0.300081166217466
468,309022.574386573,0.374457015322925
469,384816.187915946,0.466162920827927
470,475781.515904365,0.576225726706746
471,555793.350305249,0.673035436432563
472,638924.731737187,0.773619618332575
473,711314.741619659,0.861207359524192
474,766561.745884437,0.9280530516164
475,806577.17610791,0.976469416689081
476,826024.86519366,1
477,811175.856465973,0.982033554968368
478,793852.28181053,0.961073027736805
479,748873.358854098,0.906651122429958
480,707080.860297678,0.85608460706059
481,654259.675286632,0.792174016501294
482,601933.57208272,0.728862446404383
483,564810.725516628,0.683945940900296
484,525779.836059289,0.636720813430107
485,483703.658600652,0.585811062933277
486,452097.235489866,0.547569111980173
487,429154.868584747,0.519810169854441
488,395875.886236693,0.479544518589105
489,365399.471437051,0.44266981258681
490,340032.638186891,0.411977405869734
491,316653.007259182,0.383689399469731
492,292468.691517778,0.354427770807246
493,278177.305390043,0.337136016994009
494,256373.584941621,0.310754771477518
495,242852.327283575,0.294394828741484
496,225177.939657837,0.273009838028031
497,210548.39143326,0.255308927560897
498,202351.25824138,0.245390868678336
499,184731.369408884,0.224071818364745
500,172549.249363106,0.209332154984852
501,161803.269283242,0.196330138220196
502,151505.214924379,0.183870085770615
503,140597.242115159,0.170672067136686
504,126788.277847985,0.153964015979888
505,122366.226242855,0.148613588315146
506,109294.081770545,0.132797046658099
507,103399.068747546,0.125664420542728
508,94521.0775361147,0.114922562684293
509,85525.4728792913,0.104038399333256
510,81716.1842760211,0.0994293795962913
511,69971.6526896927,0.0852191730405771
512,67283.7863386941,0.0819670096178737
513,60441.7356155486,0.073688522449109
514,53148.5560876013,0.0648641954184185
515,45716.0035310381,0.0558712350531101
516,43743.4290036209,0.053484533525246
517,41013.5021141579,0.0501814792743276
518,35223.2353685314,0.0431755901195982
519,33166.9244453708,0.0406875723773752
520,31373.1573058075,0.0385172174867878
521,26141.4869382089,0.0321871977658203
522,25056.3742340808,0.0308742739128298
523,21945.2528662209,0.027109996305654
524,18862.008621344,0.0233794484111412
525,19008.2891299706,0.0235564393985961
526,16432.759003787,0.0204401963356426
527,13789.0299213229,0.0172414364648875
528,14873.0536216259,0.0185530426859927
529,13463.5938070763,0.0168476775167216
530,10576.1235768294,0.0133540049003486
531,12047.5145552396,0.0151343032097136
532,9860.62166807946,0.0124882888145594
533,8445.41589698108,0.0107759713689188
534,8409.14789259077,0.0107320891731955
535,7485.88535343109,0.00961499469478442
536,5647.40710282368,0.00739054193587397
537,5649.15107055285,0.00739265203634717
538,5229.89021834056,0.00688537056097556
539,5037.10644962885,0.00665211330811317
540,4596.30520678797,0.00611876920113524
541,4289.30065261935,0.00574731137872542
542,3923.65421344805,0.00530490025412731
543,4058.22801704977,0.00546772680298642
544,4249.82948324627,0.00569955353792401
545,2843.58155951809,0.00399807457149307
546,3704.2371171881,0.00503941820941653
547,3073.2449484917,0.00427595404004501
548,2416.72028502126,0.00348159702305714
549,3081.13163436393,0.00428549647555727
550,2481.30065960409,0.00355973555549002
551,2134.72760473224,0.00314040212697707
552,1983.45503409203,0.00295737103210449
553,1328.84361474654,0.00216532893027584
554,1377.39113683663,0.00222406863492879
555,1602.79822280289,0.00249679822206966
556,1825.83003727846,0.00276665386755856
557,1019.75496812749,0.00179134947607642
558,1245.30673247741,0.00206425411572584
559,859.592021648904,0.00159756153866036
560,1391.6972090301,0.00224137815803543
561,871.64643695093,0.00161214668665805
562,1412.26085940241,0.00226625899020674
563,842.39908360606,0.00157675907420338
564,845.469895977091,0.0015804745802468
565,900.52020481476,0.00164708228220486
566,907.542629046589,0.00165557901092687
567,1098.66066299022,0.00188682082069155
568,548.582520587369,0.00122125796125599
569,883.324783748453,0.00162627681343256
570,747.239913780571,0.00146162196133082
571,466.918473995569,0.00112244916997172
572,327.091547409004,9.53266644960787E-4
573,764.745774888317,0.00148280304466719
574,381.291912081199,0.00101884596344834
575,727.949658006161,0.00143828186325607
576,784.3414946094,0.00150651273651805
577,-460.769640817945,0
578,493.018568153343,0.00115402878014003
579,701.852540588463,0.00140670585477175
580,-61.3996908665562,4.83214629654599E-4
581,-61.9708121384809,4.82523605820847E-4
582,145.568945310926,7.33634754886337E-4
583,672.318229116499,0.00137097103951646
584,571.706830691181,0.00124923704416944
585,308.702812212353,9.3101733484382E-4
586,-64.5480608443036,4.79405283375546E-4
587,43.3405965945677,6.09944342848102E-4
588,262.469967798775,8.75078256818783E-4
589,98.9855295068897,6.77271505677092E-4
590,-344.022642546202,1.41257141505096E-4
591,-67.2439796620666,4.76143376932002E-4
592,157.535061519606,7.4811306606845E-4
593,387.120595474415,0.00102589833453327
594,-68.7882538901968,4.74274894089661E-4
595,-300.705325323885,1.93668599607441E-4
596,-11.6335453807838,5.43428798405081E-4
597,-187.958592505731,3.30085650389859E-4
598,521.672803174142,0.00118869875359521
599,1001.12795997351,0.00176881186940923
600,-12.053324540362,5.42920889807659E-4
