400,214.695501867573,7.8464162208674E-4
401,310.423943336906,0.00104343912203679
402,252.324231226134,8.86369185335665E-4
403,349.748726087835,0.00114975188871104
404,328.852301762809,0.00109325935326175
405,173.971774862542,6.74546873067697E-4
406,174.107700774501,6.74914342606044E-4
407,38.4647106126316,3.082096705062E-4
408,-19.2552455402112,1.52166386814304E-4
409,211.886717065112,7.77048199759818E-4
410,57.4228190633933,3.59462056897665E-4
411,152.956788865157,6.17733811514295E-4
412,38.0516405204431,3.07092954245894E-4
413,-75.5411488297116,0
414,151.16901849155,6.12900655389815E-4
415,112.619702635266,5.08684328295564E-4
416,149.379612545077,6.08063077568274E-4
417,243.87816342446,8.63535624087494E-4
418,205.211441127018,7.59001894004293E-4
419,37.2437659445635,3.04908901969457E-4
420,93.1574219382588,4.56068935102046E-4
421,92.7329415505055,4.54921371625171E-4
422,148.104062948767,6.04614687084521E-4
423,111.097949614379,5.04570338019505E-4
424,387.292768999212,0.00125125050599078
425,276.412399147023,9.51490454841553E-4
426,645.160512466587,0.00194838425540523
427,1043.81422147262,0.00302612647760182
428,1649.3092631562,0.00466305486183819
429,1920.56630686727,0.00539638597721788
430,908.617852542305,0.00266062922574592
431,511.290733942869,0.00158647338054884
432,381.704350495834,0.00123614247001788
433,581.223692014466,0.00177553396103305
434,418.045075443165,0.00133438797175578
435,961.104487505683,0.00280252446294838
436,958.600669437483,0.00279575550435641
437,1086.72041485898,0.00314212142550161
438,1713.84169594531,0.00483751536715067
439,1746.31434491212,0.0049253037009037
440,2237.77563019025,0.00625394699645932
441,3375.85893022248,0.00933070358272004
442,3983.04760663783,0.0109722106316425
443,5375.35136751475,0.0147362407041621
444,7964.08337243334,0.0217347602729595
445,9644.19064271109,0.0262768540804209
446,12667.1710370807,0.0344493444756761
447,14701.6942457272,0.0399495856987271
448,21108.8952242018,0.0572711629588973
449,24676.3832614824,0.0669157050717627
450,32232.7117888361,0.0873438965440624
451,39739.3792602713,0.107637831603959
452,51529.8359916134,0.139512796645755
453,64363.918848064,0.174209157585312
454,78207.6999551045,0.211635191952596
455,98371.2908252255,0.266146545392677
456,120748.167421855,0.32664141641545
457,143818.946812707,0.389012222171904
458,172943.079833061,0.467747994928581
459,204295.878800049,0.552508864995522
460,234937.495061117,0.635347084871207
461,261347.267842277,0.706744707825327
462,294892.738520759,0.797433366420275
463,323737.496917397,0.875413862552187
464,338158.610910808,0.914400690194054
465,352553.621109477,0.953316947410718
466,367666.381237841,0.994173609010274
467,368258.547886791,0.995774504689236
468,369821.546295251,1
469,362313.412160191,0.979702099881508
470,347668.345391114,0.940109826067537
471,336195.75311703,0.909094193169866
472,319922.695425272,0.865100719730531
473,299099.841416888,0.80880707829565
474,277229.12004515,0.749680574967764
475,254829.174079254,0.689123336951441
476,236989.293028068,0.640894027619872
477,214825.4812558,0.580975167686653
478,195692.595160283,0.529250277859265
479,176915.069499748,0.478486088851224
480,160765.333520877,0.434826010069685
481,144620.654543061,0.391179602661147
482,130845.010030819,0.353937772487707
483,119175.587719881,0.322390018512212
484,107514.251731558,0.290864125543169
485,97460.6052420589,0.263684548220817
486,88057.2165722563,0.238262913422938
487,80337.5565654409,0.21739316270347
488,73456.5220932234,0.198790598082688
489,64556.9169048416,0.174730919078788
490,59871.7460166817,0.162064772068728
491,55212.6398539258,0.149469089861687
492,48100.6243101532,0.130242078389617
493,45367.8455935742,0.122854135068781
494,40898.0486050703,0.11077024162861
495,38294.6612437656,0.103732101968486
496,34094.3470595975,0.0923767430680102
497,32833.8125843687,0.0889689452831213
498,29746.6278205789,0.080622881286993
499,26706.8272031489,0.0724049181815399
500,24960.3298057531,0.0676833416763995
501,22457.8461109911,0.0609179905024996
502,19898.8115004059,0.0539997564924196
503,18235.9434873445,0.0495042682349925
504,17426.5565327759,0.0473161273113606
505,16481.428160534,0.0447610156213158
506,15580.4235605589,0.0423251905484533
507,13580.6558789375,0.0369189093164505
508,12839.1651258203,0.0349143226941531
509,12148.4684491133,0.0330470555537719
510,10855.8931788902,0.0295526369327589
511,10197.5292355351,0.0277727798706114
512,9767.0860821957,0.0266090963274031
513,8366.74599185311,0.022823340402644
514,8358.44608213388,0.022800901973143
515,7751.1249935753,0.0211590369539966
516,7918.06671311009,0.021610356321468
517,7298.56037795069,0.0199355490407725
518,6528.74821150003,0.0178543967619862
519,6218.53988982111,0.0170157626331738
520,6489.24868592224,0.0177476115860047
521,5572.47566423307,0.0152691573001818
522,5326.0838532612,0.0146030482138022
523,3907.92658472409,0.0107691243558548
524,4302.69840272919,0.0118363720617854
525,3952.00138926038,0.0108882785909985
526,3840.39086216643,0.0105865445928609
527,4003.40513117519,0.0110272462759565
528,2847.30639006411,0.00790178576179159
529,3144.57922368228,0.00870544938529365
530,3237.77746386696,0.00895740660082262
531,2841.4242537036,0.0078858836729129
532,2613.66766848066,0.00727015407418396
533,2659.79943466401,0.00739486921185136
534,2653.72719491732,0.00737845318708986
535,2276.83040398754,0.00635952980617311
536,1897.81092832785,0.00533486784335894
537,1877.56284129499,0.00528012805837506
538,2201.85765632619,0.00615684438310206
539,1638.82367282585,0.004634707543932
540,1545.25976829307,0.00438176177142192
541,2095.31303806901,0.00586880583975103
542,1443.84377464964,0.00410758823211617
543,1799.31992535271,0.00506860188366811
544,1331.70189025748,0.00380441773362146
545,963.825817495131,0.00280988145515465
546,1248.36991555595,0.00357913351936247
547,1331.51295436179,0.00380390695399625
548,1293.26467838299,0.00370050447455774
549,881.981496818288,0.00258861904608198
550,1147.0847754259,0.00330531373659556
551,1290.25437065712,0.00369236624414705
552,1137.63436743115,0.00327976498718516
553,960.048542439665,0.00279966976335257
554,1560.44548802998,0.00442281567601425
555,756.685205440944,0.00224988620489332
556,1118.37389642244,0.0032276951773313
557,768.710866290045,0.00228239703360029
558,770.97048528337,0.00228850581106847
559,751.581586669932,0.00223608880300979
560,949.79757495956,0.0027719567376812
561,786.558721828066,0.00233064790159535
562,882.495900943372,0.00259000971430442
563,770.78625403399,0.00228800775024119
564,806.47939018773,0.00238450252504565
565,842.310664853015,0.00248137075105108
566,672.244394973566,0.00202160430343027
567,589.35464616921,0.00179751562682806
568,416.934603959491,0.00133138586246277
569,478.9640245966,0.00149907958794117
570,392.361150175566,0.00126495264463528
571,610.749454670065,0.00185535552129354
572,521.32148908738,0.0016135910721582
573,495.549247802316,0.00154391698668988
574,626.203074660868,0.00189713368207222
575,627.622259933764,0.00190097038509333
576,445.029220291569,0.00140733838354425
577,415.406464649199,0.00132725460714294
578,610.954895677878,0.00185591092174082
579,488.150031821378,0.0015239135418613
580,457.934819583906,0.00144222808592475
581,757.220839239277,0.00225133426657457
582,599.260145865558,0.00182429469601401
583,535.752006714145,0.00165260332209636
584,539.883214553913,0.00166377185512893
585,478.945418702739,0.00149902928775095
586,514.407577465157,0.00159489962565346
587,483.771067842495,0.0015120752113431
588,629.244556962895,0.00190535619153571
589,631.96003983289,0.00191269737631972
590,247.844234193167,8.74257716537889E-4
591,501.531969864996,0.00156009100445255
592,574.166281043477,0.00175645457054702
593,653.782680012432,0.00197169389432513
594,587.448860038932,0.00179236342045778
595,184.09547547745,7.01915838540936E-4
596,522.083266184978,0.00161565050199276
597,638.607030914582,0.00193066721524877
598,188.833589816418,7.14725115769117E-4
599,0,2.04222069851068E-4
600,38.4976957677635,3.08298844377127E-4
