400,1447.07401129659,1.47401109187976E-4
401,1434.67158942611,1.43715267105774E-4
402,1359.98927208553,1.21520631983296E-4
403,1448.82356200579,1.47921053413084E-4
404,1447.07401129659,1.47401109187976E-4
405,1445.99053239456,1.47079113034808E-4
406,1705.09361914859,2.24081255903347E-4
407,1703.91225615602,2.23730169843071E-4
408,1434.67158942611,1.43715267105774E-4
409,1728.25522311605,2.30964590100982E-4
410,1752.10195905474,2.38051536808962E-4
411,2031.52725838629,3.21093182857117E-4
412,1837.63343550252,2.63470404070246E-4
413,2049.29554179275,3.2637369076049E-4
414,2153.34615442637,3.57296209824028E-4
415,2093.16627593321,3.39411515127433E-4
416,1769.37380092872,2.43184508601174E-4
417,1934.32383584954,2.92205561627844E-4
418,2401.73343058974,4.31113750037342E-4
419,3104.50309456204,6.39967958402072E-4
420,2427.52876002648,4.38779793956435E-4
421,2754.37638388864,5.35914751876751E-4
422,2976.58459702279,6.01952207426487E-4
423,3076.92770378364,6.31772902885849E-4
424,3103.41577415859,6.39644820603526E-4
425,2733.74230797517,5.29782566879058E-4
426,3347.91037125063,7.12305506092541E-4
427,4278.2843437108,9.88800820934383E-4
428,4912.49242530723,0.00117727939878256
429,5634.79429563397,0.00139193833052239
430,6516.16425122386,0.00165387027464005
431,7855.40835765251,0.00205187659448358
432,8794.98921294871,0.0023311080778381
433,8566.02431383986,0.00226306262112844
434,9270.50166391877,0.0024724243320907
435,11446.7955633541,0.00311919120726629
436,14517.9038881139,0.00403188555201721
437,18343.8357053701,0.005168903841102
438,23367.9443382643,0.00666200504488829
439,30189.0076010328,0.00868913831626325
440,36713.4584515976,0.0106281221501799
441,49204.9434609208,0.0143404326648024
442,59535.7213020479,0.0174106084825871
443,77144.2828317822,0.0226436490750724
444,101293.179913537,0.0298203942327718
445,130223.288943428,0.0384180547879965
446,170360.386906356,0.0503462899564334
447,224297.162666959,0.0663756139024236
448,283833.456749405,0.0840690434953792
449,368138.402087839,0.109123401306397
450,483839.461667657,0.143508285066057
451,645586.327211466,0.191577396882415
452,831826.308506408,0.246925551268246
453,1065279.02298288,0.31630472964226
454,1368323.45784112,0.406365682449908
455,1715773.20085156,0.509623328223636
456,2074445.17089017,0.616216077178696
457,2453839.58515471,0.728967273070304
458,2823386.54511252,0.838791930753057
459,3102851.72463195,0.921845428685971
460,3290056.98817167,0.977480452681315
461,3365832.59655359,1
462,3323954.10299781,0.987554244203342
463,3180598.77570566,0.944950863705618
464,2943443.72091909,0.874471396866972
465,2677808.49571632,0.795527985508086
466,2420788.24841366,0.719144836041038
467,2146881.01438018,0.637743088836864
468,1887467.81264547,0.560648783739198
469,1679807.2481098,0.498934704378513
470,1477416.08331533,0.438786623620104
471,1307322.93839163,0.388237103695598
472,1146057.1102275,0.340310950072055
473,1022130.72567279,0.303481604315467
474,909064.120557774,0.269879646925464
475,814750.077590306,0.241850712565509
476,729802.08243805,0.216605248526249
477,660113.473781362,0.195894680129254
478,589750.599796025,0.174983728649916
479,531622.481520762,0.157708791001797
480,478381.509242202,0.141886251003478
481,437666.997803697,0.129786415891954
482,397673.371532387,0.117900818686013
483,356244.978659453,0.105588827089232
484,329377.939676441,0.0976042847198524
485,298477.953381988,0.0884212016887338
486,274330.605971059,0.0812449170734998
487,245400.086634569,0.0726471345803707
488,230699.564654573,0.0682783263661315
489,212800.834257641,0.0629590512758334
490,195844.128445066,0.0579197339140947
491,184478.322937101,0.0545419610341782
492,168938.636243645,0.0499237637371395
493,152485.327120052,0.0450340494706406
494,143271.911690617,0.0422959395542656
495,127634.398164763,0.0376486693665134
496,122347.531357036,0.0360774797741564
497,109916.104115784,0.0323830176645658
498,102950.96268737,0.0303130661943254
499,99422.9803007327,0.0292645946875717
500,91810.2755720065,0.0270021956382934
501,84467.4462852545,0.0248200001388838
502,81977.2697207121,0.0240799513266795
503,71921.0157030526,0.0210913604986387
504,72425.0001150835,0.0212411382576956
505,66068.4841239353,0.0193520625286935
506,65188.6397889914,0.0190905839796335
507,61461.9307750168,0.0179830534460587
508,60250.061408859,0.0176229012794445
509,59525.9594818147,0.0174077073937361
510,56882.8798273089,0.0166222177273687
511,56250.8939802633,0.0164343995693732
512,54479.2631909789,0.0159078934252133
513,52060.9821782322,0.0151892110568455
514,51821.982045572,0.0151181832563231
515,50140.7227014077,0.0146185343565734
516,47292.9845253203,0.01377222277984
517,47082.1216070214,0.0137095570016591
518,47417.3309576579,0.0138091769584568
519,43959.0266942353,0.01278141290396
520,40449.5687307641,0.0117384466202319
521,36628.484042247,0.0106028688361767
522,36213.7970353357,0.0104796291304984
523,32009.7686800489,0.00923024535783613
524,30764.4947384419,0.00886016577614007
525,27363.2634465953,0.00784936308310868
526,27804.6162337167,0.00798052751960808
527,24309.4696549728,0.00694181439745056
528,21307.3835357062,0.00604963257454979
529,20059.5149105148,0.00567878188588404
530,19165.3257261271,0.00541304022996509
531,18413.3157472041,0.00518955242609125
532,16146.0513909581,0.00451575028784756
533,14772.0854563339,0.00410742508215491
534,12777.2713498945,0.00351459169392885
535,12976.6027576999,0.00357383045381513
536,11190.9509862317,0.00304315745202807
537,10967.7625715374,0.00297682869303799
538,10255.5418549142,0.00276516575199625
539,9782.04111221537,0.00262444735186283
540,9799.26197002197,0.00262956517183848
541,9088.03107361444,0.00241819639277919
542,9678.863259481,0.00259378420594414
543,7973.1063203757,0.00208685493246668
544,7444.06295526329,0.00192962997118047
545,7257.6926788779,0.00187424309475047
546,6859.59651487298,0.00175593397663014
547,6534.40024419842,0.0016592897798801
548,5244.07976352509,0.00127582293954357
549,6424.36069199208,0.00162658742412536
550,4439.34727727815,0.00103666667686358
551,5838.98185666652,0.00145262027740144
552,4261.12901318493,9.83702474833382E-4
553,5381.0552780222,0.00131653032079839
554,4828.19338821855,0.00115222679682824
555,4266.51996249682,9.85304596422558E-4
556,4566.27166975466,0.00107438699245464
557,4808.46301459846,0.0011463631806615
558,3044.7161427176,6.22200036509385E-4
559,3594.23364827756,7.85509652006404E-4
560,4148.05477859742,9.50098250061161E-4
561,3232.00419029634,6.7785966286852E-4
562,3667.38179423628,8.07248350901293E-4
563,3179.65195253074,6.62301243467129E-4
564,3348.28524135812,7.12416912721985E-4
565,2377.0201172969,4.23769267558301E-4
566,3391.12132032022,7.25147250725633E-4
567,3107.74862567107,6.40932488980511E-4
568,3176.57440233681,6.61386634680768E-4
569,2242.37289624414,3.83753825510716E-4
570,2602.65672021644,4.9082559696003E-4
571,2140.23779983189,3.53400573512241E-4
572,2202.21775859564,3.71820229177103E-4
573,2303.37710258678,4.01883499962789E-4
574,2147.18671824217,3.55465703707767E-4
575,1834.23062429919,2.62459131847609E-4
576,1808.39698999252,2.54781704208223E-4
577,1533.0639684019,1.72956231071061E-4
578,2310.65107406259,4.0404523179632E-4
579,2040.51838827419,3.23765232336926E-4
580,1376.83192996729,1.26526055750126E-4
581,2268.22727817293,3.9143741907959E-4
582,2280.68638100355,3.95140106022444E-4
583,2055.02486880548,3.2807637389986E-4
584,1673.00917300982,2.14546166466991E-4
585,2042.38909447082,3.24321182432396E-4
586,1199.34988824886,7.37806496485911E-5
587,1663.99850770789,2.11868311310527E-4
588,1270.55479695132,9.49418431393228E-5
589,1329.36357380944,1.12419063863643E-4
590,1603.75958152478,1.93966068391273E-4
591,1507.19008661267,1.65266842391608E-4
592,1624.2110828244,2.00043994535181E-4
593,1000.71150371413,1.47478474665009E-5
594,951.086744464615,0
595,1181.10838804349,6.83595077295676E-5
596,1242.55373311655,8.66202830032099E-5
597,1693.36151207117,2.2059462285454E-4
598,1096.02817807306,4.30747511274661E-5
599,1554.97226210333,1.79467097393563E-4
600,1172.76924064489,6.58812191555744E-5
