400.1708374,-9.48113559332499E-4,6.25740494758834E-4
400.3862915,-9.74113094908851E-4,5.98640515452302E-4
400.6017761,-9.91884353994308E-4,5.80117078675802E-4
400.8172913,-0.00100142733658887,5.70170184429335E-4
401.0328369,-0.00100274204269254,5.687998327129E-4
401.2483826,-9.95828472305311E-4,5.76006023526497E-4
401.4639587,-9.8068662542719E-4,5.91788756870127E-4
401.6795349,-9.57316502058173E-4,6.16148032743789E-4
401.8951416,-9.25718102198261E-4,6.49083851147484E-4
402.1107788,-8.85891425847455E-4,6.9059621208121E-4
402.326416,-8.37836473005753E-4,7.40685115544969E-4
402.5420837,-7.81553243673157E-4,7.99350561538761E-4
402.7577515,-7.17041737849666E-4,8.66592550062585E-4
402.9734802,-4.92434566019482E-4,0.00110070633608855
403.1891785,-4.9236351046783E-4,0.00110078039910302
403.4049377,-2.78866676735521E-4,0.00132331359625051
403.620697,-1.40819127102613E-4,0.00146720407950099
403.8364868,-2.08426781554439E-4,0.00139673489626396
404.0522766,-6.3415415998203E-5,0.00154788394253232
404.2680969,-5.04253028589566E-5,0.00156142386889867
404.4839478,9.65371577840193E-5,0.00171460659135791
404.6997986,6.71631888367729E-5,0.0016839893540506
404.9156799,-4.72996620288609E-5,0.00156468180408626
405.1315918,-7.01010130959093E-5,0.0015409153740951
405.3475037,-7.20756211490349E-5,0.00153885718973942
405.563446,-8.05461584875518E-5,0.00153002813254665
405.7793884,-3.65014117938271E-5,0.0015759370958224
405.9953613,-1.96024456400711E-4,0.00140966215621565
406.2113647,-3.63699944540455E-4,0.0012348897167059
406.4273682,-4.69393779187503E-4,0.00112472233608668
406.6434021,-5.40480258542465E-4,0.00105062708489127
406.8594666,-5.40903968711098E-4,0.00105018544097159
407.075531,-6.23403837722272E-4,9.64193722526126E-4
407.291626,-6.37175147813571E-4,9.49839534644497E-4
407.5077515,-4.57778139350812E-4,0.00113682961386024
407.723877,-4.65842037634016E-4,0.00112842440693017
407.940033,-2.31112723691025E-4,0.00137308875994566
408.156189,-2.32695835213958E-4,0.0013714386424124
408.3723755,-3.13828294626465E-4,0.00128687220988093
408.5885925,-2.55078998421687E-4,0.00134810810029702
408.8048096,-2.32188289978832E-4,0.00137196766976093
409.0210571,-9.9690184438402E-5,0.00151007382584036
409.2373352,7.15434706170715E-5,0.00168855503351261
409.4536133,1.79266569970622E-4,0.00180083756851189
409.6699219,1.14543394344357E-4,0.0017333749511519
409.8862305,1.20841923022854E-4,0.00173994006829977
410.1025696,2.48370118820763E-5,0.00163987169986295
410.3189392,1.90222210448097E-4,0.00181225691211353
410.5353088,1.42720840788638E-4,0.00176274502252524
410.751709,1.30553856037623E-4,0.00175006306387997
410.9681396,-3.81587068966135E-7,0.0016135857107265
411.1845703,-8.21400698579613E-5,0.0015283667580568
411.4010315,-1.10128671107478E-4,0.00149919352484834
411.6174927,-5.67787954084541E-5,0.00155480146150566
411.8340149,1.34349363116213E-4,0.00175401921774993
412.0505066,1.22883700378242E-4,0.00174206826493302
412.2670593,-4.56480399421834E-5,0.00156640333192816
412.4836121,1.93466046107227E-4,0.00181563804478715
412.7001648,5.52936412133894E-4,0.00219032317914373
412.9167786,5.17043683162377E-4,0.00215291127193767
413.1333618,7.04231521150396E-4,0.00234802193154975
413.3500061,6.27882187726242E-4,0.00226844107327688
413.5666504,5.52196610105217E-4,0.00218955206461327
413.7833252,5.36932531665411E-4,0.00217364192619418
414,4.18170897601642E-4,0.00204985364481943
414.2167053,4.16256976676889E-4,0.00204785871620608
414.4334412,4.20247004428773E-4,0.00205201762393699
414.650177,2.13242555768657E-4,0.00183625160540274
414.8669434,4.9119359246338E-5,0.00166518181008216
415.0837097,1.31682117446918E-4,0.00175123907953435
415.3005371,-1.21386892970744E-4,0.00148745879294796
415.517334,-1.91185147265913E-4,0.0014147062916013
415.7341919,-3.52644694469797E-4,0.00124641288592804
415.9510498,-4.02680841228773E-4,0.00119425893349436
416.1679077,-6.09272912750454E-4,9.78922746173253E-4
416.3847961,-5.84817413852618E-4,0.00100441333665384
416.6017151,-4.76006527815034E-4,0.00111782969946864
416.8186646,-4.38382909892986E-4,0.00115704575639128
417.035614,-2.03380734381681E-4,0.00140199451998146
417.252594,-3.68058710322435E-4,0.00123034646391791
417.469574,-2.7507536789944E-4,0.00132726537418519
417.6865845,-5.45800775099905E-5,0.00155709324127127
417.903595,-1.40939476188058E-4,0.00146707863657853
418.1206665,-1.96428108045082E-4,0.0014092414198076
418.3377075,-1.42784311396367E-4,0.00146515571777014
418.5548096,-1.35996777679169E-4,0.00147223053734676
418.7719116,-3.85302778442357E-4,0.00121237253173601
418.9890442,-4.44101550748406E-4,0.00115108507111718
419.2061768,-4.05661120914589E-4,0.00119115251193632
419.4233398,-3.99454932842126E-4,0.00119762138011446
419.6405029,-2.05693073409353E-4,0.00139958431001384
419.8577271,-3.35713694358006E-4,0.00126406049933717
420.0749207,-3.19399205768054E-4,0.00128106550705687
420.2921753,-4.13069911210701E-4,0.00118343014077621
420.5094299,-4.24473048424093E-4,0.0011715443599089
420.7266846,-3.09668571267259E-4,0.00129120799567312
420.9439697,-1.43425736092193E-4,0.0014644871444438
421.1612854,-1.11046539104214E-6,0.00161282598225414
421.3786316,1.47235548332194E-4,0.00176745081739015
421.5959778,1.20116936098539E-4,0.00173918439593059
421.8133545,1.43837054016051E-4,0.00176390848005223
422.0307312,1.03064485398179E-4,0.0017214101914742
422.2481384,3.36042814174103E-4,0.00196424944797387
422.4655457,1.02728577155126E-4,0.0017210600657418
422.6829834,1.94092365304714E-4,0.00181629087326716
422.9004517,-1.84760113521513E-5,0.00159472543061888
423.1179504,9.10327426577262E-5,0.00170886919902723
423.3354492,3.11193543902616E-4,0.00193834841954349
423.552948,4.20986707665996E-4,0.0020527886354946
423.7704773,4.11200815187153E-4,0.00204258855007792
423.9880371,3.9362844510023E-4,0.00202427242037923
424.2056274,4.4230955271947E-4,0.00207501398094389
424.4232178,3.99143839820543E-4,0.0020300212570209
424.6408081,2.54021272315876E-4,0.00187875630212439
424.8584595,3.2850010015196E-4,0.00195638748469706
425.0761108,5.91734001334912E-5,0.00167566139342659
425.2937622,-1.55252375418123E-4,0.00145215993651898
425.5114441,-2.74235551172441E-4,0.00132814073658757
425.7291565,-2.37516883179843E-4,0.00136641354110904
425.9468689,-3.60301922747576E-4,0.00123843156152077
426.1646118,-3.61377667061521E-4,0.00123731028577485
426.3823853,-4.20102034536255E-4,0.00117610037921013
426.6001587,-5.37499463610333E-4,0.00105373404350369
426.8179626,-7.8441971557869E-4,7.96362764733908E-4
427.0357666,-7.91586524200671E-4,7.88892617246881E-4
427.2536011,-6.88777474408139E-4,8.96053113007272E-4
427.4714661,-5.11778501416323E-4,0.00108054365866604
427.6893311,-7.65504484951192E-4,8.16078592236985E-4
427.9072266,-6.06165701927782E-4,9.82161471293867E-4
428.1251221,-5.4152370356742E-4,0.00104953947551837
428.3430481,-4.08087495410333E-4,0.00118862343989073
428.5610046,-3.67146086503288E-4,0.0012312977150101
428.7789612,-2.76896605063728E-4,0.00132536705222018
428.9969482,-3.85068172757645E-4,0.00121261706722712
429.2149658,-3.66191612673367E-4,0.00123229258743633
429.4329834,-5.35832431246062E-4,0.00105547163387112
429.651001,-5.86321292560447E-4,0.00100284580550537
429.8690796,-6.61376792712926E-4,9.24613542663582E-4
430.0871277,-7.1962023541521E-4,8.63904916259936E-4
430.3052368,-8.14181271829425E-4,7.65341535290922E-4
430.5233459,-8.63713348110816E-4,7.13712988377331E-4
430.7414856,-7.69605668485625E-4,8.11803823997797E-4
430.9596252,-7.2066780329853E-4,8.62813009526572E-4
431.1777954,-6.4280192326549E-4,9.43974603024402E-4
431.3959961,-5.86157962535222E-4,0.00100301604855801
431.6141968,-5.89726686857038E-4,9.99296276141771E-4
431.8323975,-5.7315027865865E-4,0.00101657428935219
432.0506592,-4.73337047360733E-4,0.00112061216705766
432.2689209,-3.00941670757432E-4,0.00130030426674042
432.4871826,-4.00928068010188E-5,0.00157219369317236
432.7054749,-1.27890186991898E-4,0.00148068024365887
432.9237976,-2.42829393668737E-4,0.00136087617587835
433.1421509,-9.86195133977183E-5,0.00151118981358412
433.3604736,6.95084518489444E-5,0.00168643388152731
433.5788574,-1.42595405577289E-4,0.00146535261912528
433.7972412,-6.80821191994977E-5,0.00154301971871519
434.0156555,-2.89707832576813E-5,0.00158378646208879
434.2340698,-2.67726720144425E-4,0.00133492505724018
434.4525146,-3.71410391184E-4,0.00122685292143813
434.67099,-6.13432759885024E-4,9.74586831366846E-4
434.8894653,-7.3261211706087E-4,8.50363146534229E-4
435.1079712,-7.38956500091111E-4,8.4375023422557E-4
435.3264771,-7.60961127621082E-4,8.20814249505423E-4
435.5450134,-8.41739857116754E-4,7.36616518691656E-4
435.7635803,-8.52688106280847E-4,7.25204879244545E-4
435.9821472,-8.02057868476421E-4,7.77978067933065E-4
436.2007446,-7.99301998880827E-4,7.80850581128263E-4
436.419342,-7.22046680153272E-4,8.61375770998983E-4
436.63797,-7.14931675562103E-4,8.6879192182292E-4
436.8565979,-6.26456047150508E-4,9.61012326762285E-4
437.0752869,-4.76863502568151E-4,0.00111693645281785
437.2939453,-1.71442945762209E-4,0.00143528409194871
437.5126648,-1.52113686514624E-4,0.0014554314720464
437.7313843,2.50933595337528E-5,0.00164013889756098
437.9501038,2.9198216552182E-4,0.00191832390968097
438.1688538,5.86817295238178E-4,0.00222563808807034
438.3876343,8.25157534349415E-4,0.00247406620052106
438.6064148,0.00106918675247988,0.00272842408095719
438.8252258,0.0010173210756412,0.00267436316264118
439.0440674,0.0013568153523055,0.00302822670936763
439.2629089,0.00136010460657886,0.00303165518302172
439.481781,0.00129401959167598,0.00296277308583653
439.7006531,0.00133651934182281,0.00300707165979104
439.9195557,0.00156796169970202,0.00324830993463494
440.1384583,0.00196561394873637,0.00366279301985698
440.3574219,0.00217130095405862,0.00387718583358576
440.576355,0.00235794962791187,0.00407173450866345
440.7953491,0.00276974727515725,0.00450096170335914
441.0143127,0.00302106595780495,0.00476291757865148
441.2333374,0.00317605167311178,0.00492446314415932
441.4523621,0.00354797424745531,0.00531212753296129
441.6714172,0.00366997040463545,0.00543928724030873
441.8904724,0.00379645895109907,0.00557112947962916
442.1095581,0.00407982792334985,0.00586649218953441
442.3286438,0.00478071333451763,0.00659704293660902
442.54776,0.0051401253024453,0.006971667201137
442.7669067,0.00539959224354358,0.00724211621411429
442.9860535,0.00601253366984657,0.0078810007018832
443.2052307,0.00664409822846957,0.00853929655563643
443.424408,0.00694103230980792,0.00884879852485594
443.6436157,0.00729666144622937,0.00921947984758644
443.862854,0.00786602685900329,0.00981294394461679
444.0820923,0.00828752139420947,0.0102522784530491
444.3013611,0.00887897422653991,0.0108687648310412
444.5206299,0.00941390090994203,0.011426332561747
444.7399292,0.0102226676755034,0.0122693307970869
444.9592285,0.0109712819115192,0.0130496305160964
445.1785889,0.0118615394178073,0.0139775686297232
445.3979187,0.0126777395866137,0.0148283148909279
445.6172791,0.0134637769486041,0.0156476216889876
445.8366699,0.0145472351901038,0.016776937858421
446.0560913,0.015721221764772,0.0180006140193364
446.2755127,0.0167359701964781,0.0190583122008987
446.4949341,0.017851314657719,0.0202208641907418
446.7144165,0.0191313092015623,0.0215550351627101
446.9338989,0.0201384274686195,0.022604780228976
447.1533813,0.0216645554008939,0.0241955023117725
447.3728943,0.0232468292982079,0.025844746766488
447.5924072,0.0251280119073287,0.0278055513981426
447.8119812,0.0266202120486725,0.0293609096787882
448.0315247,0.0285770926193411,0.0314006162271894
448.2511292,0.0308561633978261,0.0337761498498454
448.4707336,0.033159103673229,0.0361765632581665
448.6903381,0.035688492197915,0.0388130094545176
448.9099731,0.0384424342577623,0.0416835135300263
449.1296387,0.0416691547232213,0.0450468066005931
449.3493042,0.0446818804434957,0.0481870474882016
449.5690002,0.0482856713400522,0.0519433706900122
449.7886963,0.0517342590266686,0.0555379216261093
450.0084229,0.0555970363166899,0.0595641929538375
450.2281799,0.0596639140309372,0.0638032033613366
450.447937,0.0639039864053082,0.0682227389821253
450.6677246,0.0685251051111788,0.0730394489165914
450.8875122,0.073588081016031,0.0783167178834941
451.1073303,0.0788100422384367,0.0837597013033757
451.3271484,0.0841707291536503,0.0893472820524418
451.5470276,0.0899540792473237,0.0953754154166213
451.7668762,0.0964238163506455,0.102118987474047
451.9867554,0.102986596784895,0.108959540969288
452.206665,0.109986492388143,0.116255710758123
452.4266052,0.117435648845969,0.124020156598525
452.6465454,0.125258087857105,0.132173684368506
452.8664856,0.133827970995082,0.141106292222848
453.0864563,0.143061169755874,0.150730290875276
453.3064575,0.152942129174491,0.161029466988897
453.5264587,0.163492961095482,0.172026868303466
453.7464905,0.174671542688972,0.183678589118644
453.9665527,0.186793721717127,0.196313845615759
454.186615,0.199054760147256,0.209093838810534
454.4066772,0.212280240932638,0.22287909487983
454.62677,0.226217787471961,0.237406555252739
454.8468933,0.240822373345817,0.252629287743466
455.0670471,0.256779482259517,0.269261789508101
455.2871704,0.273691850396638,0.286889982334641
455.5073547,0.291777834978802,0.305741465526545
455.7275391,0.310019249216019,0.324754957013681
455.9477539,0.328994502830319,0.344533348007381
456.1679688,0.347506699526358,0.363829082960332
456.3882141,0.367501095221082,0.384669751747758
456.6084595,0.389185282121063,0.407271733023259
456.8287354,0.412336181827188,0.431402506479622
457.0490417,0.436094294227208,0.456166193219796
457.2693481,0.460907197507749,0.482029315407611
457.4896545,0.486763092467324,0.508979574434301
457.710022,0.512866353889971,0.53618766983698
457.9303589,0.539963991732522,0.56443222915353
458.1507568,0.567555879442106,0.59319195771722
458.3711548,0.595448805718725,0.622265466460296
458.5915527,0.622869900442416,0.650847173137025
458.8119812,0.650864323626164,0.680026474696085
459.0324402,0.678823413417643,0.709168947358854
459.2528992,0.706076436906435,0.737575469099129
459.4733887,0.732808536935208,0.765439019025721
459.6939087,0.759180550172812,0.792927241302302
459.9144287,0.784875912409102,0.819710172975538
460.1349487,0.80938040019913,0.845251825828405
460.3554993,0.832899723983981,0.869766617102323
460.5760803,0.854109064492677,0.891873653868534
460.7966614,0.87327149033258,0.91184713924866
461.0172729,0.890695055858647,0.930008166156845
461.237915,0.90549372387801,0.945433195419818
461.4585571,0.918074589620599,0.95854655278273
461.6791992,0.930694475527556,0.971700581858556
461.8998718,0.940709206314976,0.982139191283043
462.120575,0.948028307565643,0.989768077262678
462.3412781,0.953546707828019,0.995520046657531
462.5620117,0.957104790969411,0.999228727499905
462.7827454,0.957844744553082,1
463.0035095,0.955944810114106,0.998019649857636
463.2243042,0.952316820407962,0.994238103619162
463.4450989,0.947152711413933,0.988855421053011
463.6659241,0.940013460798957,0.981413997979825
463.8867493,0.931410502691575,0.972446915240968
464.107605,0.921490794867111,0.962107350675272
464.3284607,0.910268906661855,0.950410490273686
464.5493469,0.897102033876483,0.936686322818177
464.7702332,0.883468935114377,0.922476196131413
464.9911499,0.868592399196966,0.906970003171513
465.2120972,0.852945631165952,0.890660977627215
465.4330444,0.836246232337565,0.873254768145057
465.6540222,0.818910807258531,0.85518561227371
465.875,0.801428802990686,0.836963673173912
466.0960083,0.783291731542164,0.818058940837728
466.3170471,0.765674563909372,0.799696117513968
466.5380859,0.746863473883614,0.78008883841722
466.7591248,0.728184040015285,0.760618787892554
466.9802246,0.710127809265063,0.741798317878849
467.2012939,0.691496205108387,0.722378121483007
467.4224243,0.673271323749874,0.70338186263718
467.6435242,0.655678083605121,0.68504397954471
467.8646851,0.638199040987672,0.666825127448686
468.0858459,0.620617598707324,0.648499541571307
468.3070068,0.603129684717082,0.63027144261707
468.5281982,0.586788632448,0.613238746896848
468.7494202,0.571123907666222,0.596911004573065
468.9706421,0.555688909148483,0.580822711795731
469.1918945,0.540660455404078,0.565158171008587
469.413147,0.525919761451614,0.549793569594744
469.6344299,0.511759004707401,0.535033451530095
469.8557434,0.497822146997391,0.520506709141555
470.0770569,0.484766161724155,0.506898122569227
470.2983704,0.471614800744966,0.493190123465085
470.5197144,0.458710279244522,0.479739411447721
470.7410889,0.446317685281643,0.466822294564535
470.9624634,0.434548530694512,0.45455500444968
471.1838684,0.422975179670145,0.442491805384199
471.405304,0.411199745285855,0.430217969676537
471.6267395,0.40008176104858,0.418629411031875
471.848175,0.389194229379266,0.407281058978772
472.0696411,0.378562313332309,0.396199141610857
472.2911377,0.368512594269565,0.385724063014279
472.5126343,0.35827770477886,0.375055976556033
472.7341614,0.348602526154937,0.364971291015197
472.9556885,0.339269148263382,0.355242873098714
473.1772461,0.330655705493875,0.346264861929009
473.3988037,0.32139990398887,0.336617303859582
473.6203918,0.312632298478995,0.327478604932146
473.8420105,0.304668117092928,0.319177335468233
474.0636292,0.296923651450531,0.311105081329971
474.2852478,0.289667832954821,0.303542156580479
474.506897,0.282803659925971,0.296387453893886
474.7285767,0.27621715816228,0.289522175051721
474.9502563,0.269757881217701,0.282789505884642
475.1719666,0.264123636747073,0.276916789115777
475.3937073,0.258213117235188,0.270756103822282
475.615448,0.252252775754957,0.264543487819977
475.8371887,0.246781600913043,0.258840742685825
476.05896,0.241721103969546,0.253566057603593
476.2807617,0.236627674721527,0.248257046340093
476.5025635,0.231726002700213,0.243147908526653
476.7243958,0.226806907236908,0.23802060981507
476.946228,0.222270666492367,0.233292370345349
477.1680908,0.217774963473739,0.228606384381663
477.3899536,0.213091632198396,0.223724828698689
477.6118469,0.208551405025565,0.218992434073049
477.8337708,0.204095979367459,0.214348430229908
478.0556946,0.200088324131672,0.210171148922762
478.2776184,0.195907628580155,0.205813503279428
478.4995728,0.192031024872348,0.201772820323662
478.7215576,0.187558599208657,0.197111096940946
478.9435425,0.183424321270222,0.192801833560067
479.1655579,0.179423347735304,0.188631516760221
479.3875732,0.175381426735266,0.18441851937271
479.6096191,0.171797043815961,0.180682425600782
479.8316956,0.16805019108999,0.176776985403966
480.053772,0.164224663237565,0.172789540115459
480.2758484,0.160411742811652,0.168815235869283
480.4979553,0.156988116690184,0.165246703009431
480.7200928,0.153201191290531,0.161299494042387
480.9422302,0.149712963293411,0.157663624999233
481.1643982,0.146510492553333,0.154325608036161
481.3865662,0.143300155858493,0.15097939218774
481.6087646,0.140005413869932,0.147545198548083
481.8309631,0.137339473331092,0.144766420703268
482.0531921,0.134393179230667,0.141695423188024
482.2754517,0.13182490309784,0.139018443445495
482.4977112,0.12898806265241,0.13606153226755
482.7199707,0.126243991802104,0.13320131720561
482.9422607,0.123880677028624,0.130737973917494
483.1645813,0.121092829189892,0.127832128983551
483.3869019,0.118334890248193,0.124957458856109
483.6092529,0.11578402603498,0.122298628001656
483.831604,0.113432026428052,0.119847078800343
484.0539856,0.110908971991507,0.117217234785675
484.2763672,0.108712555582363,0.114927853921101
484.4987793,0.10648811712743,0.11260926496322
484.7212219,0.104328812199998,0.110358566342929
484.9436646,0.102500466037635,0.108452834487846
485.1661072,0.100244136626093,0.106101004772198
485.3885803,0.0982526734277527,0.104025251868603
485.611084,0.0962873228571478,0.101976716823157
485.8335876,0.0944138482081527,0.10002394639501
486.0561218,0.0926571205958454,0.0981928643819892
486.278656,0.0908295585634918,0.0962879498456221
486.5012207,0.0890476928118783,0.094430665708606
486.7237854,0.0872147471475015,0.0925201396752184
486.9463806,0.0855156345738918,0.0907491112870739
487.1690063,0.0840908102312406,0.0892639805204917
487.3916321,0.0824608648037024,0.0875650468134898
487.6142578,0.0809638271875691,0.0860046463094433
487.8369141,0.0791504614698068,0.0841145289539921
488.0596008,0.0775644695221353,0.0824614090805234
488.2822876,0.0758589296659614,0.0806836813717709
488.5049744,0.073983564867372,0.0787289407924739
488.7277222,0.0722742417715768,0.0769472697165352
488.9504395,0.070839862838201,0.0754521799562563
489.1732178,0.0693799526750609,0.0739304783437676
489.3959961,0.0679645607271401,0.0724551792028794
489.6187744,0.0667510704979034,0.0711903273748758
489.8415833,0.0653791687133121,0.0697603591408726
490.0643921,0.0639446696137894,0.0682651441283529
490.2872314,0.0626629003836019,0.0669291233555271
490.5101013,0.0612298672818512,0.0654354363898898
490.7329712,0.0599992269714995,0.0641527085947576
490.9558411,0.0588814619542512,0.0629876335976278
491.1787415,0.0575618252075246,0.0616121425461278
491.4016724,0.0566622223159575,0.0606744634989782
491.6246033,0.0553375334146184,0.0592937064578203
491.8475647,0.054163736703285,0.0580702281963031
492.0705261,0.0530185842290396,0.0568766065539573
492.2935181,0.0520334185635015,0.0558497432443729
492.51651,0.0509085172959324,0.0546772299514531
492.7395325,0.0501872494739382,0.0539254340975192
492.9625854,0.0492002071638705,0.0528966147134593
493.1856384,0.0483985419069932,0.052061018561815
493.4086914,0.0477031922130319,0.0513362378340278
493.6317749,0.0467183518174763,0.0503097135616456
493.8548889,0.0457561860081468,0.0493068235890263
494.0780029,0.0447786865931034,0.0482879510079361
494.3011169,0.0441386270609739,0.0476208006265487
494.524292,0.0434013075975961,0.0468522737372448
494.7474365,0.04272149765457,0.0461436904883525
494.9706116,0.0421780583692734,0.0455772498554941
495.1938171,0.0414459982463981,0.0448142049109873
495.4170227,0.0406460981254918,0.0439804486056028
495.6402588,0.0398313439335691,0.0431312095229978
495.8635254,0.0391685915765217,0.0424404058311936
496.0867615,0.0385715179606454,0.0418180607670979
496.3100586,0.0377955027900135,0.0410092003548063
496.5333557,0.0371395642381295,0.0403254988659773
496.7566528,0.0366399176400889,0.0398047044684114
496.9799805,0.035903847852458,0.0390374801480237
497.2033386,0.0353062056548097,0.0384145424366397
497.4266968,0.0346631843354589,0.037744304908862
497.6500549,0.0341397843036773,0.0371987517012416
497.8734436,0.0335629072080309,0.0365974579854935
498.0968628,0.0334079212117913,0.0364359121271622
498.320282,0.0326963731004599,0.0356942473756495
498.5437317,0.032323940630315,0.0353060515094438
498.7671814,0.0318063602390435,0.0347665642616145
498.9906616,0.0310377903616309,0.0339654642684112
499.2141418,0.0304944839142512,0.0333991620959029
499.4376526,0.0301034080525449,0.0329915337469887
499.6611633,0.0298146769868734,0.0326905819902978
499.8847046,0.0292330543447266,0.0320843418703502
500.1082764,0.0285709030213643,0.0313941646512912
500.3318176,0.0279531285404348,0.0307502425473703
500.5554199,0.0271911005929816,0.0299559613746803
500.7790222,0.0265878556715865,0.0293271838013821
501.0026245,0.0259759006787787,0.0286893274984141
501.2262573,0.0254056849222473,0.0280949770663889
501.4499207,0.0247929605565217,0.027456318826398
501.673584,0.0244734515612715,0.0271232864484117
501.8972778,0.0242823117935498,0.0269240565916051
502.1209717,0.023930129363629,0.0265569678590026
502.3446655,0.0237376288273816,0.0263563196384419
502.5683899,0.0233447420127343,0.025946803687071
502.7921448,0.0231398153345198,0.0257332033816863
503.0158997,0.0228819941779826,0.025464469811949
503.2396851,0.0226530544190744,0.0252258400598661
503.4634705,0.0225336133613198,0.025101343597843
503.6872864,0.0221980407859729,0.0247515677404615
503.9111023,0.0220856283487478,0.0246343973889508
504.1349487,0.0219226298490899,0.0244644998938684
504.3588257,0.0216631613610995,0.0241940492685261
504.5826721,0.0213890072391015,0.0239082914321551
504.8065796,0.0211822427221778,0.0236927755005916
505.0304871,0.0207936498722184,0.0232877352581749
505.2543945,0.0201655966358493,0.0226330993451979
505.4783325,0.0195512148705855,0.0219927135553801
505.702301,0.0190850101035092,0.0215067764314929
505.9262695,0.0186199810797295,0.0210220648148428
506.150238,0.0181812979613005,0.0205648142075526
506.3742371,0.017936184949571,0.0203093266613953
506.5982666,0.0174453314352831,0.0197976975193794
506.8222961,0.0172656596853739,0.0196104210701441
507.0463257,0.0169716937304444,0.019304012854812
507.2703857,0.0165115152884309,0.0188243571232988
507.4944763,0.0162053969625391,0.0185052821816462
507.7185669,0.0159818535739034,0.0182722772039861
507.942688,0.0155584803581932,0.0178309844989303
508.1668091,0.0154464875802493,0.0177142515689958
508.3909607,0.0152821925118184,0.0175430026271996
508.6151123,0.0150959979770821,0.0173489273129109
508.8392944,0.0149542005812792,0.0172011282693205
509.0634766,0.0148731488557643,0.0171166459877904
509.2876892,0.0146775775425681,0.0169127970180654
509.5119019,0.014400045510373,0.016623518299709
509.736145,0.0142520118920174,0.0164692190822355
509.9603882,0.0142458843349815,0.016462832173193
510.1846619,0.0140904023345476,0.0163007693170346
510.4089355,0.0139699902151739,0.0161752606927093
510.6332397,0.0137533058133121,0.01594940501197
510.8575439,0.0135753307170773,0.0157638970281494
511.0818787,0.0132868411264889,0.0154631969670988
511.3062439,0.0132038492792841,0.0153766924472294
511.5306091,0.0130699312518068,0.015237106270286
511.7549744,0.0131129051947778,0.0152818991075201
511.9793701,0.0129010801541726,0.0150611084630046
512.2037964,0.0127667343877977,0.0149210764428946
512.4282227,0.0123447810777803,0.014481263741771
512.6526489,0.0122283455848044,0.0143599000566034
512.8770752,0.0120575358776721,0.0141818607406684
513.1015625,0.0120228836645301,0.0141457418547631
513.3260498,0.0118043023473784,0.0139179089708175
513.5505371,0.0118436662524437,0.0139589389734328
513.7750854,0.0117564754620021,0.0138680577878921
513.9996338,0.0114268985211857,0.0135245313333596
514.2241821,0.0113757626910044,0.0134712311528366
514.4487305,0.0111225924610199,0.0132073453625131
514.6733398,0.0108791464784885,0.012953595403423
514.8978882,0.0108189891520234,0.0128908918871408
515.1224976,0.0109709061887272,0.0130492388906437
515.347168,0.0108788660578945,0.012953303113883
515.5717773,0.0108038264108387,0.0128750873751283
515.7964478,0.010606584407858,0.0126694970028135
516.0211182,0.0102586011787672,0.0123067852043782
516.2457886,0.010095229461287,0.0121364986948371
516.47052,0.00990285702884464,0.0119359840001409
516.6952515,0.00965584976365141,0.0116785220252667
516.9199829,0.00963660827247189,0.0116584661280658
517.1447144,0.00969885974441933,0.0117233524256161
517.3695068,0.00958257712314474,0.0116021480825232
517.5942993,0.00933630555815556,0.011345452946743
517.8190918,0.00919474417410647,0.0111978999042255
518.0438843,0.00929516685422222,0.0113025730259838
518.2687378,0.00894148087617932,0.0109339171068107
518.4935913,0.00900157094232599,0.0109965505159469
518.7184448,0.00866616653396348,0.0106469499433039
518.9432983,0.00858748091376078,0.0105649339137116
519.1682129,0.0081967026434572,0.0101576157519095
519.3931274,0.0080318073107886,0.00998574113938267
519.618042,0.00779364263118358,0.00973749601708467
519.8429565,0.00746404715470764,0.00939395024236134
520.0679321,0.00731473677746512,0.00923832022652356
520.2929077,0.00716034920829759,0.00907739812399833
520.5178833,0.00706434926866821,0.0089773349374947
520.7428589,0.00695376701200619,0.00886207222988171
520.9678955,0.00701400214759614,0.0089248568486
521.1929321,0.00673012207945044,0.00862896141040292
521.4179688,0.00663291864751343,0.00852764379316007
521.6430054,0.0066179423348713,0.0085120336003742
521.868103,0.00654434667896329,0.00843532297043618
522.0932007,0.00644503177180696,0.00833180450869817
522.3182983,0.0065163804913973,0.00840617309958194
522.543396,0.00650633028481527,0.00839569751283157
522.7685547,0.00636998337496599,0.00825357964981922
522.9937134,0.00628702650844541,0.00816711159120946
523.2188721,0.00633920599371691,0.00822149960006179
523.4440308,0.00633047983144618,0.00821240409847994
523.6692505,0.00590577327025256,0.00776972161340648
523.8944702,0.0059954423515256,0.00786318598471415
524.1196899,0.00581086928145817,0.0076708007644212
524.3449097,0.00590385102121005,0.00776771800418349
524.5701904,0.00570744501173952,0.00756299900923455
524.7954712,0.00554289726985507,0.0073914866994508
525.020752,0.00528905865764251,0.00712690423727728
525.2460327,0.00506377347410841,0.00689208374235292
525.4713745,0.00512419442856444,0.00695506204481648
525.6967163,0.00491006522358976,0.00673186971098817
525.9220581,0.00493059290792387,0.00675326624013123
526.1474609,0.00497528460156483,0.00679984953271687
526.3728027,0.00496216558503845,0.00678617524706116
526.5982056,0.00475548995227846,0.0065707519617293
526.8236084,0.00455446991935324,0.00636122365240724
527.0490723,0.00461706493783362,0.00642646803727438
527.2744751,0.00439045199247903,0.00619026358232683
527.499939,0.00432574809656174,0.00612282106069943
527.7254028,0.00427354051525817,0.006068403766636
527.9509277,0.00407145099670087,0.00585776070515181
528.1763916,0.00411074306965295,0.0058987158353227
528.4019165,0.00419837535265623,0.00599005719982512
528.6274414,0.00418656466657643,0.00597774662037578
528.8530273,0.00413606521621218,0.00592510975477318
529.0785522,0.00387086999243961,0.00564869000660797
529.3041382,0.00397779673608406,0.00576014247973272
529.5297241,0.00395741396772019,0.00573889700020296
529.7553101,0.00396778810359131,0.00574971022671636
529.980957,0.00372542492683787,0.00549708890371637
530.206604,0.00355927659941372,0.00532390826278582
530.432251,0.00350098761310396,0.00526315216511806
530.6578979,0.00358310755641469,0.00534874787731218
530.883606,0.00367099365276019,0.00544035379793721
531.109314,0.00343828863611131,0.00519779942164109
531.335022,0.00354799652322589,0.00531215075156534
531.56073,0.00366565851668406,0.00543479284947965
531.786499,0.00378942401585353,0.00556379678712713
532.0122681,0.00383440196387208,0.00561067844995428
532.2380371,0.00402997635896019,0.00581453063201387
532.4638062,0.00419395051987246,0.00598544508371547
532.6895752,0.00411766434315923,0.00590593005529383
532.9154053,0.00422719195108928,0.00602009347562423
533.1412354,0.00430997021175826,0.00610637536879776
533.3671265,0.00434444481308986,0.00614230912538135
533.5929565,0.00447877164488406,0.00628232140949484
533.8188477,0.00435468568617662,0.00615298344869444
534.0447388,0.00413435238799556,0.00592332443022037
534.2706299,0.0042442852992972,0.00603791030859625
534.496582,0.00413504124768135,0.00592404244624706
534.7224731,0.00395026662140947,0.00573144713877954
534.9484253,0.00384570130800425,0.00562245604464477
535.1744385,0.00380513357308792,0.00558017125946017
535.4003906,0.00370133280960348,0.00547197707521523
535.6264038,0.00354776636530473,0.00531191085209166
535.852417,0.00357352378584019,0.00533875846871353
536.0784302,0.00363499009871633,0.00540282637493056
536.3044434,0.00335584007910338,0.00511186118700584
536.5305176,0.00330190177091942,0.00505563991215567
536.7565918,0.00318622755890686,0.00493506972956014
536.982666,0.00313491584927208,0.00488158622539516
537.2088013,0.003106616806783,0.00485208941136182
537.4348755,0.00322159561958319,0.00497193476161527
537.6610107,0.00338404045019511,0.00514125515332412
537.887146,0.00339763758380642,0.00515542779261656
538.1133423,0.00336803281790178,0.0051245699897518
538.3394775,0.00332568236768448,0.00508042703492322
538.5656738,0.00336234672805231,0.00511864323322174
538.7919312,0.0033019305514982,0.00505566991088727
539.0181274,0.00308444582316207,0.00482898002944351
539.2443237,0.00305031282706787,0.00479340233671487
539.4705811,0.0030152810459696,0.0047568878174441
539.6968384,0.00313550701993511,0.0048822024176609
539.9231567,0.00295515236453444,0.00469421415860751
540.1494141,0.00281842079305144,0.00455169535295973
540.3757324,0.00279275550361347,0.00452494376693148
540.6020508,0.00275947987545202,0.0044902597306748
540.8283691,0.00277882590346016,0.00451042458927946
541.0547485,0.00256974305522276,0.00429249220183568
541.2811279,0.0024451054934532,0.00416257929108953
541.5075073,0.00218032222488441,0.00388658893434421
541.7338867,0.00199910233016566,0.00369769881427311
541.9603271,0.00181786739896904,0.00350879302129747
542.1867065,0.00160730140487272,0.00328931471308261
542.413147,0.00157510679552962,0.00325575745032238
542.6395874,0.00178158610480097,0.00347097610267284
542.8660889,0.00194669146409894,0.00364306963131426
543.0925903,0.00206248536903103,0.00376376457289378
543.3190918,0.00197255153157032,0.00367002423945647
543.5455933,0.00194265115145931,0.00363885831036184
543.7720947,0.00190368828911505,0.00359824632480726
543.9986572,0.00185077785169969,0.00354309642588522
544.2252197,0.00194961609981389,0.00364611805374172
544.4517822,0.00186535901120443,0.00355829474047369
544.6783447,0.00189370116860732,0.00358783649428177
544.9049683,0.00182141230448327,0.00351248796676282
545.1315918,0.00201837418831617,0.00371778636374274
545.3582153,0.00202575277347859,0.00372547725132132
545.5848389,0.00207363689265579,0.00377538809049776
545.8115234,0.00195600961599743,0.00365278217878969
546.038147,0.00198703571371376,0.0036851214720669
546.2648315,0.00217595357710642,0.00388203538129964
546.4915771,0.00220721578120273,0.00391462077428093
546.7182617,0.00219592282441183,0.00390284983727922
546.9450073,0.00199313782057385,0.00369148185374176
547.1717529,0.0018420862826727,0.00353403698172395
547.3984985,0.00149766512923202,0.00317503802562476
547.6253052,0.00138267390220294,0.0030551797357038
547.8520508,0.00121669566811704,0.00288217638739962
548.0788574,0.00134121856655598,0.00301196978163063
548.3056641,0.00136586175528249,0.00303765600600853
548.5325317,0.00133036621644868,0.00300065810021726
548.7593384,0.00121612994290286,0.00288158671757446
548.9862061,0.00138021394169921,0.00305261565610514
549.2130737,0.00142455552051275,0.00309883401507302
549.4400024,0.0014764188185624,0.00315289245391653
549.6668701,0.00164755665724006,0.00333127378973345
549.8937988,0.0015602543637074,0.00324027638167591
550.1207275,0.00154109011416885,0.00322030099540815
550.3476562,0.00153352110248228,0.00321241162140474
550.574646,0.00172691910973909,0.00341399529889747
550.8016357,0.00176367796166686,0.00345230998815986
551.0286255,0.0018636965735674,0.00355656193930771
551.2556152,0.00185653084342676,0.0035490929159493
551.482605,0.00192953603484348,0.0036251880896824
551.7096558,0.00212154374163936,0.00382532262153134
551.9367065,0.00202792901335867,0.00372774560167485
552.1637573,0.00169245854868203,0.00337807617685025
552.3908691,0.00147116340195268,0.00314741459909285
552.6179199,0.00104273808911895,0.00270085596430136
552.8450317,7.66181162043544E-4,0.00241259362289098
553.0721436,7.62850282286452E-4,0.00240912176193313
553.2993164,8.96064204713187E-4,0.00254797403221714
553.5264282,0.00112364313334423,0.0027851853561807
553.7536011,0.00119723657935485,0.00286189368268627
553.9807739,0.00116900082360294,0.00283246283403384
554.2079468,0.00149199567689187,0.00316912861079517
554.4351807,0.00159594554535068,0.00327747821095929
554.6623535,0.00158664674691495,0.0032677858360919
554.8895874,0.0015472215263555,0.0032266919227726
555.1168823,0.00162578161004078,0.0033085771024497
555.3441162,0.00166055888860612,0.00334482634723681
555.5714111,0.00175920010772078,0.00344764260673991
555.7987061,0.00191374683249598,0.00360873060121584
556.026001,0.00217165310754115,0.00387755289214575
556.2532959,0.00241315933126728,0.00412928099114033
556.4806519,0.00241571203243367,0.00413194173669794
556.7080078,0.00250173083854454,0.00422160133306771
556.9353638,0.00256226795282362,0.00428470071187863
557.1627197,0.00256795314909637,0.00429062653701087
557.3900757,0.00245175276427805,0.00416950791107466
557.6174927,0.00240514488872763,0.00412092733319363
557.8449097,0.00205483477591256,0.00375579016448235
558.0723267,0.00169009833798993,0.00337561606902536
558.2998047,0.00164214342768945,0.00332563144245489
558.5272217,0.00166494426438616,0.00334939733630472
558.7546997,0.0016106439929795,0.00329279877795208
558.9822388,0.00140139694203834,0.00307469523784055
559.2097168,0.00131586560168307,0.00298554373946548
559.4372559,0.00131234260579975,0.00298187163096744
559.6647339,0.00123856988332361,0.00290497644002763
559.8922729,0.00102287312662406,0.00268015020704058
560.119873,0.00113510839863015,0.00279713589472319
560.3474121,0.00122416186957246,0.00288995859967592
560.5750122,0.00130305774585882,0.00297219378454882
560.8026123,0.00129066878002767,0.00295928044935991
561.0302124,0.00110045821105183,0.00276101912011457
561.2578735,9.71440040061295E-4,0.00262654018860665
561.4854736,0.00121899223945898,0.00288457016230609
561.7131348,0.00115466082631814,0.00281751588898044
561.9407959,0.00101090575804839,0.00266767631342807
562.1685181,0.00119110174648713,0.00285549918985866
562.3961792,0.0010928740236296,0.00275311392805468
562.6239014,0.00110274054442897,0.00276339805442705
562.8516235,0.00107800263330767,0.00273761309848024
563.0793457,7.55741966051266E-4,0.00240171258255328
563.3071289,4.69381151287981E-4,0.00210323139886071
563.5349121,4.51535740585952E-4,0.00208463067196229
563.7626953,4.82352354070648E-4,0.00211675161447991
563.9904785,5.45651225830551E-4,0.00218272964357903
564.2182617,3.62105491855768E-4,0.00199141524190783
564.446106,3.1216669083316E-4,0.00193936275541893
564.6739502,5.68581781829689E-4,0.00220663074716755
564.9017944,7.67196980246249E-4,0.00241365243612215
565.1296387,7.96956981710249E-4,0.00244467204497125
565.3575439,9.80388632758872E-4,0.0026358675350977
565.5853882,0.00104252684027078,0.00270063577423691
565.8132935,9.41090295596823E-4,0.00259490587558093
566.0412598,7.30171248448901E-4,0.00237505957116228
566.269165,7.39961749363181E-4,0.00238526446006879
566.4971313,6.61981224200978E-4,0.00230398336902768
566.7250977,8.40662481810002E-4,0.00249022740286627
566.953064,0.00109395641087184,0.00275424212789425
567.1810303,9.94556649960649E-4,0.00265063522092252
567.4090576,0.00102088347423431,0.00267807634158899
567.637085,0.00116342005869951,0.00282664586038239
567.8651123,0.00125974981561557,0.00292705282385919
568.0931396,0.00129919693313836,0.00296816956094207
568.321167,0.00118414167434073,0.00284824452907498
568.5492554,0.00105263653883216,0.00271117337099529
568.7773438,9.71075011277693E-4,0.00262615970979183
569.0054321,8.81217516156157E-4,0.00253249894992252
569.2335815,7.70795895418195E-4,0.00241740367723179
569.4616699,4.74742658337799E-4,0.002108819834457
569.6898193,3.92496578445036E-4,0.00202309264688507
569.9179688,5.19390217597819E-4,0.0021553571246513
570.1461182,6.78103480508224E-4,0.00232078800813432
570.3743286,8.04908231690951E-4,0.00245295983570141
570.6025391,6.71924618644487E-4,0.00231434762276077
570.8307495,6.53791795270951E-4,0.00229544731830153
571.05896,6.76358464898957E-4,0.0023189691338409
571.2871704,8.14291845237537E-4,0.00246274061552288
571.5154419,9.0158180836087E-4,0.00255372517128017
571.7437134,0.00110191560233713,0.00276253819623642
571.9719849,0.00115526447275382,0.00281814508506232
572.2002563,0.00108814709512749,0.00274818692986986
572.4285889,0.00117337147102539,0.00283701847135885
572.6568604,0.00136668773155077,0.00303851694214766
572.8851929,0.00148955228546388,0.00316658180156692
573.1135864,0.00162652101487437,0.00330934780297358
573.3419189,0.001786595555716,0.00347619758117717
573.5703125,0.00165907256782109,0.00334327711715926
573.798645,0.00164377655032452,0.00332733368784637
574.0270996,0.00140859583175148,0.00308219882426743
574.2554932,0.00113815395847233,0.00280031035945382
574.4838867,0.00115414152535593,0.00281697460833762
574.7123413,0.00102114755690715,0.00267835160169693
574.9407959,9.15386132150421E-4,0.00256811377018183
575.1692505,0.00105802289056357,0.00271678770283711
575.3977661,0.00102729726651689,0.00268476160093233
575.6262207,9.92210060687934E-4,0.0026481893110506
575.8547363,0.00105539866742854,0.00271405240810671
576.083252,9.28374410082079E-4,0.00258165178366449
576.3118286,8.87433962612427E-4,0.00253897851067584
576.5403442,8.3240965533035E-4,0.00248162527125656
576.7689209,6.68594149546881E-4,0.00231087618984378
576.9974976,3.77588589008476E-4,0.00200755366911962
577.2260742,2.16975884468736E-4,0.0018401429491623
577.4546509,2.66389455038408E-4,0.00189164797454891
577.6832886,3.0998504088727E-4,0.00193708876601577
577.9119263,4.53214399395656E-4,0.00208638038087044
578.140564,6.82067303473936E-4,0.00232491960194799
578.3692017,8.07776910352371E-4,0.00245594993266423
578.5979004,7.39226060486362E-4,0.00238449763278146
578.8265381,7.12107263753125E-4,0.00235623101901329
579.0552368,8.64767146767216E-4,0.00251535231017905
579.2839966,9.52317061584433E-4,0.00260660782021952
579.5126953,9.04682308470153E-4,0.002556956901653
579.7414551,0.0011144817373545,0.00277563619938859
579.9701538,0.00133337530243535,0.00300379454731767
580.1989136,0.00137666379711812,0.00304891524982672
580.4277344,0.00139811756270887,0.00307127705709244
580.6564941,0.00145415172604705,0.00312968289524535
580.8853149,0.00151550427324538,0.00319363222059369
581.1141357,0.00156650476061018,0.00324679132984587
581.3429565,0.00161449353253226,0.0032968112512485
581.5717773,0.00129349792304531,0.00296222933731247
581.8006592,9.89637332499291E-4,0.0026455076908167
582.029541,9.10655959029291E-4,0.00256318339004783
582.2584229,7.11312072969552E-4,0.00235540217137036
582.4873047,5.85032254415571E-4,0.00222377749447582
582.7161865,6.25987793822479E-4,0.00226646649817574
582.9451294,6.99124917866779E-4,0.00234269918865282
583.1740723,6.28479112661185E-4,0.00226906326336705
583.4030151,4.71609073551592E-4,0.00210555361908127
583.631958,4.32590385041013E-4,0.00206488344448913
583.8609619,2.18222966058336E-4,0.00184144281412229
584.0899658,-3.21540830785237E-5,0.00158046842746398
584.3189697,6.3414542936945E-5,0.00168008204478292
584.5479736,1.47435230465902E-4,0.00176765895117298
584.7769775,9.76287363397045E-5,0.00171574437153801
585.0060425,3.68941170274435E-5,0.00165243912819169
585.2351074,2.86937691271299E-4,0.00191306592546044
585.4641724,4.59657585878767E-4,0.00209309627853899
585.6932373,5.14254532198004E-4,0.00215000406872263
585.9223022,7.06347220943675E-4,0.00235022717942614
586.1514282,9.28568491388821E-4,0.00258185407956247
586.3805542,0.00103674505673849,0.00269460927373964
586.6096802,0.00117508913864316,0.00283880884014295
586.8388062,0.00130992562236332,0.00297935234746258
587.0679932,0.00113425728625367,0.00279624875857715
587.2971802,0.00125555493847281,0.00292268039638146
587.5263672,0.00142359708975396,0.00309783501823887
587.7555542,0.00139744457643221,0.00307057558632511
587.9847412,0.00152209727815609,0.00320050427783192
588.2139893,0.00144991672281782,0.00312526864332388
588.4432373,0.0013378596632952,0.00300846871105987
588.6724854,0.00126029797759672,0.00292762418707843
588.9017334,9.61041769409802E-4,0.00261570180579586
589.1310425,7.80701089379572E-4,0.00242772811362767
589.3602905,6.63206487702646E-4,0.00230526049243793
589.5895996,4.23659143216167E-4,0.00205557418325544
589.8189087,3.19663061815355E-4,0.00194717641416276
590.0482788,8.20789874269037E-5,0.00169953647149606
590.2775879,1.15878458921229E-4,0.00173476652302441
590.506958,1.18493378477385E-4,0.00173749212039717
590.7363281,1.59833597541341E-4,0.00178058208551869
590.9656982,3.49249416231858E-5,0.00165038660642453
591.1951294,-5.69884335311882E-5,0.00155458295034144
591.4244995,-8.43870635690538E-5,0.00152602465917993
591.6539307,-9.1271498237333E-5,0.00151884883726959
591.8833618,-1.81188310340184E-4,0.00142512624979718
592.112854,-1.51557630715122E-4,0.00145601106319392
592.3422852,-2.34200670259033E-4,0.00136987011444921
592.5717773,-5.31238620277963E-4,0.00106025988025375
592.8012695,-4.16472591070561E-4,0.00117988344073928
593.0307617,-4.84053887068112E-4,0.00110944173159167
593.2602539,-3.99867256933668E-4,0.00119719160419344
593.4898071,-4.50239515216583E-4,0.00114468731414251
593.7192993,-5.18154433632007E-4,0.00107389786183642
593.9488525,-5.47118943152518E-4,0.0010437074145369
594.1784058,-4.94828548544955E-4,0.00109821102702005
594.40802,-4.49672586965254E-4,0.00114527823792398
594.6375732,-2.85989994769032E-4,0.0013158887801135
594.8671875,-2.79232335446684E-4,0.00132293246084612
595.0968018,-2.96411746349786E-4,0.00130502592253103
595.326416,-7.87863669203671E-6,0.00160577134461797
595.5560913,1.44053232751103E-4,0.00176413380866355
595.7857056,5.21493607578098E-4,0.00215754954169551
596.0153809,5.91004086835032E-4,0.00223000208777727
596.2450562,4.35164173196684E-4,0.00206756616955371
596.4747925,4.98832194642433E-4,0.0021339289727892
596.7044678,6.08556111961979E-4,0.00224829701140509
596.9342041,7.88143792492075E-4,0.00243548583298159
597.1639404,8.07781745401098E-4,0.00245595497235888
597.3936768,7.95858113116895E-4,0.00244352666619888
597.6234131,7.8541422316562E-4,0.00243264073322796
597.8532104,9.08811746193687E-4,0.00256126111995439
598.0829468,7.69932813444634E-4,0.00241650406486931
598.3127441,8.01819313745842E-4,0.00244974017771382
598.5426025,6.67305771590025E-4,0.00230953328062653
598.7723999,8.24510141755523E-4,0.0024733914067023
599.0022583,7.11792740059629E-4,0.00235590318294252
599.2320557,6.86480704265069E-4,0.00232951980220003
599.4619141,6.8077962997646E-4,0.00232357742700673
599.6918335,7.54726575341416E-4,0.00240065421490883
599.9216919,6.10612673179165E-4,0.0022504406176347
600.1516113,5.02063052650692E-4,0.0021372965785262
600.3814697,3.42695285036054E-4,0.00197118348809034
600.6113892,3.08275608291368E-4,0.00193530698080508
600.8413696,3.13466177185349E-4,0.00194071724320007
601.0712891,3.06531623243948E-4,0.00193348918069256
601.3012695,4.06863524047359E-4,0.00203806768085741
601.53125,2.75357444034054E-4,0.00190099553829633
601.7612305,2.66089248870744E-4,0.00189133506200062
601.9912109,3.96631332831227E-4,0.0020274024068796
602.2211914,5.8979251025144E-4,0.00222873923059095
602.4512329,6.31845077324E-4,0.00227257169421732
602.6812744,7.13266627647942E-4,0.0023574394535819
602.9113159,9.23072089434126E-4,0.00257612503956499
603.1413574,9.96763591398114E-4,0.00265293557229265
603.37146,0.00102709608324828,0.00268455190247828
603.6015625,9.10749674346655E-4,0.00256328107191425
603.831665,8.1931090915224E-4,0.00246797211390204
604.0617676,9.20260588895873E-4,0.00257319454081885
604.2918701,9.20084503322636E-4,0.00257301100233306
604.5220337,7.45152260485979E-4,0.00239067466224741
604.7521362,7.61280931469051E-4,0.00240748598753434
604.9822998,8.8840304653966E-4,0.00253998861157926
605.2125244,6.47054272474385E-4,0.00228842462638351
605.442688,4.450782136968E-4,0.00207789982692264
605.6729126,3.78106571422655E-4,0.00200809357540619
605.9030762,3.24100352813849E-4,0.00195180151578748
606.1333008,3.14491862945917E-4,0.00194178634163857
606.3635864,3.32410673387376E-4,0.00196046357495819
606.593811,2.99446594037241E-4,0.00192610427397667
606.8240967,3.80911735097405E-4,0.00201101746907782
607.0543213,3.39590934900738E-4,0.00196794774473715
607.2846069,4.26896674522197E-4,0.00205894874474097
607.5149536,4.81088155260854E-4,0.00211543390780456
607.7452393,6.33068940044902E-4,0.00227384735755804
607.9755859,5.90145823855231E-4,0.00222910749837494
608.2058716,7.22176192959956E-4,0.00236672612083319
608.4362183,7.67849518489588E-4,0.00241433259338262
608.666626,7.35623787847183E-4,0.00238074289209806
608.8969727,7.52010251490856E-4,0.00239782292125268
609.1273804,5.69004386826788E-4,0.00220707123913875
609.3577881,3.31605356327223E-4,0.00195962417243881
609.5881958,5.38992748653861E-4,0.00217578934292745
609.8186035,4.30831897440248E-4,0.00206305052799524
610.0490112,4.48379211176624E-4,0.00208134054082045
610.27948,5.16989805253368E-4,0.00215285511361843
610.5099487,4.28694008838653E-4,0.0020608221521578
610.7404175,3.65133280495049E-4,0.00199457118326025
610.9708862,2.73762538783735E-4,0.00189933312786009
611.201416,4.4833610763016E-4,0.00208129561289419
611.4318848,6.18200122677339E-4,0.00225834920983958
611.6624146,5.72389368623671E-4,0.00221059949203308
611.8929443,6.36626096755749E-4,0.00227755507275822
612.1234741,7.3955340595287E-4,0.00238483883331339
612.3540649,8.00148554505816E-4,0.0024479987027287
612.5846558,6.68461511764657E-4,0.00231073793809913
612.8152466,6.59688652132985E-4,0.00230159376266649
613.0458374,5.98892202988812E-4,0.00223822407250878
613.2764282,4.75339051332406E-4,0.00210944147009219
613.507019,3.97564274023265E-4,0.00202837483528795
613.7376709,2.28451111582995E-4,0.00185210387117266
613.9683228,2.66092802017546E-4,0.00189133876553619
614.1989746,8.33905945298357E-5,0.00170090359304496
614.4296265,-3.28506980569758E-5,0.00157974232789789
614.6603394,-2.49579519574222E-4,0.00135384034741834
614.8909912,-2.6764485084287E-4,0.00133501039170208
615.1217041,-1.12538452601565E-4,0.00149668174811174
615.352417,-2.51137213365575E-4,0.00135221672343522
615.5831909,-2.12026442104406E-4,0.00139298287822778
615.8139038,-1.62152090696947E-4,0.00144496818723838
616.0446777,-9.97616296101064E-5,0.00150999935671497
616.2754517,1.0071201163743E-4,0.00171895814805026
616.5062256,1.77072889267903E-4,0.00179855103914393
616.7369995,5.78611168203072E-4,0.00221708463248322
616.9678345,5.95559315704386E-4,0.00223475011905397
617.1986084,4.4250710775144E-4,0.0020752198975943
617.4294434,5.13437544017971E-4,0.00214915250109721
617.6602783,4.34809907850106E-4,0.00206719690974393
617.8911133,3.17314080942473E-4,0.00194472801146496
618.1220093,3.68056657075111E-4,0.00199761829325928
618.3529053,4.36961018544085E-4,0.00206943906730562
618.5837402,3.82390873068472E-4,0.00201255921232511
618.8146362,2.87035009175699E-4,0.00191316736239526
619.0455933,4.60223347366597E-4,0.00209368598617309
619.2764893,3.89292127635699E-4,0.00201975256604528
619.5074463,6.20103025842365E-4,0.00226033265436086
619.7384033,4.78719787388047E-4,0.00211296529754209
619.9693604,4.93279571444588E-4,0.00212814133195552
620.2003174,5.70589607120047E-4,0.00220872355469713
620.4312744,4.99362097472501E-4,0.00213448130402939
620.6622925,7.21138415275061E-4,0.00236564441867344
620.8933105,7.33818924963573E-4,0.00237886163746359
621.1243286,7.9479479143823E-4,0.00244241833888268
621.3553467,7.39321758960926E-4,0.00238459738174324
621.5864258,7.72417410182984E-4,0.0024190938234439
621.8174438,7.54136270647254E-4,0.00240003892526454
622.0485229,7.10839981740935E-4,0.00235491009863742
622.2796021,4.12463807782945E-4,0.00204390499948564
622.5106812,1.00508561902346E-4,0.00171874608720039
622.7418213,-2.19812414641614E-4,0.00138486736039401
622.9729004,-3.19117692158493E-4,0.0012813589358749
623.2040405,-6.46740869412512E-4,9.39868938953582E-4
623.4351807,-7.42359120208657E-4,8.40203596459573E-4
623.6663208,-7.14186110248377E-4,8.69569043572434E-4
623.897522,-7.87109825922473E-4,7.93558794084712E-4
624.1286621,-8.37853696173757E-4,7.40667163397512E-4
624.3598633,-6.58728457149074E-4,9.27373970393776E-4
624.5910645,-3.87583006444273E-4,0.00120999579190984
624.8222656,-4.02847404087896E-4,0.00119408532077646
625.0535278,-1.49499738612195E-4,0.0014581560566397
625.284729,-1.01676691436102E-4,0.00150800323891115
625.5159912,8.82404322719138E-5,0.0017059587026666
625.7472534,3.78499818470459E-4,0.00200850346683777
625.9785156,4.56844123088343E-4,0.00209016373448733
626.2097778,7.07052229662827E-4,0.00235096202800233
626.4411011,6.29796484491108E-4,0.00227043639363798
626.6724243,6.25396789280083E-4,0.00226585047906178
626.9036865,7.64708167738757E-4,0.00241105828334381
627.1350708,9.19313023836889E-4,0.00257220686958085
627.366394,8.36260078840643E-4,0.00248563866592447
627.5977173,7.7305605825197E-4,0.00241975950262124
627.8291016,6.40629493210696E-4,0.00228172791502943
628.0604858,5.63154894205074E-4,0.00220097416372997
628.2918701,3.87752038912706E-4,0.00201814729227411
628.5232544,2.15721811205662E-4,0.00183883579660266
628.7546997,-4.56948182600317E-5,0.00156635457369392
628.986084,-7.20677812728191E-5,0.00153886536144243
629.2175293,-7.11810588931054E-5,0.00153978961480343
629.4489746,-1.5811570943376E-4,0.00144917541041683
629.6804199,-8.20791852703003E-5,0.00152843021961598
629.9119263,5.29649380605204E-5,0.0016691901549997
630.1433716,-9.07654670964185E-6,0.00160452273244208
630.3748779,1.28809238242973E-4,0.00174824460423888
630.6063843,1.70819512274621E-4,0.0017920329847496
630.8378906,1.22772958216142E-4,0.00174195283555189
631.069458,2.1725745160313E-4,0.00184043643377064
631.3009644,-1.09265994814493E-5,0.00160259437523413
631.5325317,-4.50982547918261E-5,0.00156697638701808
631.7640991,-1.7175745940647E-4,0.00143495626635252
631.9956665,-1.79495860701465E-4,0.00142689033323828
632.2272949,-1.59609428733465E-4,0.00144761846867866
632.4588623,-7.62138147764019E-5,0.00153454384493606
632.6904907,-4.23639414883633E-5,0.00156982643153999
632.9221191,-1.38281918379861E-4,0.00146984867688931
633.1537476,-1.85078791264557E-4,0.00142107110226451
633.385376,-2.19172396329252E-4,0.00138553446781098
633.6170654,-2.79671451055474E-4,0.00132247475944309
633.8486938,-3.51616766558122E-4,0.00124748432141785
634.0803833,-3.20012989068576E-4,0.00128042574506212
634.3120728,-4.10997395528425E-4,0.00118559037675186
634.5437622,-2.66009993910261E-4,0.00133671444479613
634.7755127,-1.4488916878742E-4,0.00146296177120624
635.0072021,1.00562222344733E-5,0.00162446530568303
635.2389526,3.81757378315748E-5,0.00165377499425625
635.4707031,9.07420435060864E-6,0.0016234417233866
635.7024536,5.85183139847728E-5,0.00167497858041933
635.9342651,1.80976690032541E-4,0.00180262007028596
636.1660156,6.76355962782608E-5,0.00168448175638029
636.3978271,-5.47575711911884E-5,0.00155690823507863
636.6296387,3.98714023648503E-5,0.00165554242866398
636.8614502,-3.21395255354202E-5,0.00158048360116259
637.0932617,2.16417980085952E-4,0.00183956143118926
637.3251343,2.14548507285063E-4,0.0018376128319895
637.5570068,2.40418656084676E-4,0.00186457794815734
637.7888184,3.44144056163015E-4,0.00197269357920121
638.020752,3.18497716054916E-4,0.00194596174454298
638.2526245,3.60141460443776E-4,0.00198936808185506
638.4844971,2.60565944860926E-4,0.00188557798130469
638.7164307,1.81905839127836E-4,0.00180358854609512
638.9483643,1.83196853830676E-4,0.00180493420365999
639.1802979,1.78866903451218E-4,0.00180042098590127
639.4122314,1.15019517729884E-4,0.00173387122670488
639.644165,8.2079404255256E-5,0.00169953690596689
639.8761597,8.25735570947832E-6,0.00162259030120615
640.1081543,8.63902001441256E-5,0.00170403015851134
640.3400879,-1.37228768799129E-5,0.001599679743955
640.5721436,-1.88922373245034E-4,0.00141706483869769
640.8041382,-3.42810388583797E-4,0.00125666343387425
641.0361328,-3.40274823611643E-4,0.00125930631793939
641.2681885,-4.28236258571179E-4,0.0011676218699547
641.5002441,-5.27053023658908E-4,0.00106462263440483
641.7322998,-6.47873702795565E-4,9.38688157814306E-4
641.9643555,-7.80070753220918E-4,8.00895799162711E-4
642.1964722,-6.2956001310915E-4,9.57776983846242E-4
642.4285278,-5.73429055661536E-4,0.00101628371296912
642.6606445,-6.38996818861961E-4,9.47940760431022E-4
642.8927612,-4.96362647895411E-4,0.0010966119961247
643.1248779,-4.43419604021961E-4,0.00115179588158995
643.3569946,-1.93042860648396E-4,0.00141276994954338
643.5891724,-1.51111527540261E-4,0.00145647604791536
643.8213501,4.28018144744367E-5,0.00165859687197494
644.0535278,1.62304442215702E-4,0.00178315750996611
644.2857056,2.02851341065876E-4,0.00182542057718732
644.5178833,9.19588532610434E-5,0.00170983450773868
644.750061,1.58066139866802E-4,0.00177873981928803
644.9822998,1.82662443165604E-5,0.001633022821177
645.2145386,4.88598220580677E-5,0.00166491128784876
645.4467773,-3.33356409550532E-5,0.00157923685954195
645.6790161,-1.02930135096483E-4,0.00150669674260245
645.9112549,-9.5925564739401E-5,0.00151399778500648
646.1435547,-6.45735474102607E-5,0.00154667679261193
646.3758545,-1.02811795211015E-5,0.00160326711292662
646.6080933,-1.24782004337237E-4,0.00148391998174477
646.8404541,-3.28321940627072E-4,0.00127176511285071
647.0727539,-3.87093405310199E-4,0.00121050611566401
647.3050537,-5.49702316563388E-4,0.00104101469851626
647.5374146,-5.73518237974344E-4,0.001016190755969
647.7697754,-5.50257166967106E-4,0.00104043636378352
648.0021362,-5.06115040485577E-4,0.00108644682849674
648.2344971,-3.56830234364306E-4,0.0012420501909024
648.4668579,-8.21386553831993E-5,0.00152836823239993
648.6992798,-4.0979219841482E-5,0.00157126976224355
648.9317017,1.00627029422526E-4,0.00171886956891936
649.1641235,1.80335794663666E-4,0.0018019520486906
649.3965454,2.75924402710538E-4,0.00190158649379071
649.6289673,2.28147554276279E-4,0.00185178746564663
649.8613892,3.20369245537569E-4,0.00194791248747462
650.0938721,1.62118328793381E-4,0.00178296351919736
650.326355,2.0922983110961E-4,0.00183206904010638
650.5588379,1.1149539441843E-4,0.00173019794305973
650.7913208,-2.60369437073675E-5,0.00158684447790868
651.0238037,-3.41588110514526E-4,0.00125793744549215
651.2563477,-6.34137468284262E-4,9.53005785523956E-4
651.4888916,-7.98330883275321E-4,7.81862799701791E-4
651.7214355,-7.4818322454747E-4,8.34132983905845E-4
651.9539795,-8.34220570104091E-4,7.44454063398738E-4
652.1865234,-7.87371283886557E-4,7.93286269777676E-4
652.4190674,-8.1498435244706E-4,7.64504463872647E-4
652.6516724,-8.25997232545117E-4,7.53025457954013E-4
652.8842773,-8.14022220292908E-4,7.65507318765615E-4
653.1168823,-7.10692401906338E-4,8.73210624918926E-4
653.3494873,-6.78748606760696E-4,9.06506457641661E-4
653.5820923,-6.05471951881894E-4,9.82884584667653E-4
653.8147583,-5.9268080398916E-4,9.96217124480986E-4
654.0474243,-5.78161078293411E-4,0.00101135140504287
654.2800293,-7.44915938123073E-4,8.37538559910449E-4
654.5127563,-6.44419858416425E-4,9.42288187935145E-4
654.7454224,-5.14949103580058E-4,0.00107723885913321
654.9780884,-4.9813189418371E-4,0.00109476786557627
655.2108154,-4.69513832466106E-4,0.00112459720149124
655.4435425,-3.73698117848657E-4,0.00122446836556446
655.6762085,-5.57807596966532E-4,0.00103256635794673
655.9089966,-5.74273400315904E-4,0.00101540363099251
656.1417236,-7.84932609496019E-4,7.95828162317443E-4
656.3744507,-0.00107327980460472,4.95276523708575E-4
656.6072388,-0.00135999716061258,1.9642370797967E-4
656.8400269,-0.00154844472826166,0
657.0728149,-0.00151976717154021,2.98913490754827E-5
657.305603,-0.00123064975786437,3.31245806148933E-4
657.5384521,-0.0011219630016633,4.44532785267971E-4
657.7712402,-0.00104781495014696,5.21819191242867E-4
658.0040894,-9.37753469785701E-4,6.3653908043001E-4
658.2369385,-7.93480518400677E-4,7.8691845876716E-4
658.4697876,-7.55085445611111E-4,8.26938622781798E-4
658.7026367,-7.2589244579772E-4,8.57367231343485E-4
658.9354858,-7.64082683610068E-4,8.17560572051944E-4
659.168396,-7.60958745720019E-4,8.20816732221674E-4
659.4013062,-7.08718438209681E-4,8.75268137645419E-4
659.6342163,-5.95929948918937E-4,9.92830457819102E-4
659.8671265,-6.43294518151094E-4,9.43461158806633E-4
660.1000366,-4.90339591106369E-4,0.00110288998189355
660.3330078,-4.27986555898495E-4,0.00116788214142157
660.565918,-4.61317212830195E-4,0.0011331407472736
660.7988892,-2.63543414956118E-4,0.00133928542297453
661.0318604,-3.34027002845712E-4,0.00126581858093618
661.2648315,-3.48204164650939E-4,0.00125104136345787
661.4978638,-4.56641940093635E-4,0.00113801390333599
661.730835,-5.38943285212833E-4,0.00105222911140845
661.9638672,-6.57454908029248E-4,9.28701423135837E-4
662.1968994,-7.7475979830006E-4,8.06431542985154E-4
662.4299316,-7.34467127537799E-4,8.48429621783737E-4
662.6629639,-6.97649202470785E-4,8.86805884486408E-4
662.8960571,-4.15250538976891E-4,0.00118115721681704
663.1290894,-4.63575516130321E-4,0.00113078686012352
663.3621826,-4.81311759802611E-4,0.00111229992080558
663.5952759,-3.498515972835E-4,0.00124932420239089
663.8283691,-3.94503713977471E-4,0.0012027821618669
664.0614624,-4.2810255785633E-4,0.00116776122962114
664.2946167,-3.81929707737084E-4,0.00121588836939564
664.52771,-3.45237469552891E-4,0.00125413362545346
664.7608643,-2.80672099422031E-4,0.0013214317581192
664.9940186,-2.7015714398636E-4,0.00133239176445773
665.2271729,-4.5049098725919E-4,0.00114442519841622
665.4603882,-5.87002632774189E-4,0.00100213562721627
665.6935425,-6.0982741043727E-4,9.78344779086337E-4
665.9267578,-5.22653932653782E-4,0.0010692079192018
666.1599731,-5.6291914153182E-4,0.00102723846462583
666.3931885,-6.07763472418999E-4,9.80496074343933E-4
666.6264038,-8.76992993437598E-4,6.99871275224531E-4
666.8596191,-8.8555071628754E-4,6.90951342348676E-4
667.0928955,-9.46260129636361E-4,6.27672371821173E-4
667.3261108,-9.87679928082188E-4,5.84499459079471E-4
667.5593872,-9.62626802317328E-4,6.10612971291943E-4
667.7926636,-8.32852729717859E-4,7.45879798333605E-4
668.0259399,-9.58482350956787E-4,6.14932838690257E-4
668.2592773,-9.19191859081492E-4,6.5588632086447E-4
668.4925537,-8.60867967521762E-4,7.16678801164875E-4
668.7258911,-8.52372684142168E-4,7.25533651787651E-4
668.9592285,-7.22394607979888E-4,8.6101311694796E-4
669.1925659,-6.08850972310381E-4,9.79362545459705E-4
669.4259033,-5.892927668927E-4,9.99748561992021E-4
669.6593018,-4.58111011539888E-4,0.00113648265268436
669.8926392,-4.33568669958149E-4,0.00116206376151017
670.1260376,-5.28732319556893E-4,0.00106287226144331
670.359436,-4.05505719906632E-4,0.00119131449037196
670.5928345,-3.95294657121859E-4,0.00120195774164667
670.8262329,-3.84607923127308E-4,0.00121309679716004
671.0596924,-3.84824824055154E-4,0.00121287071578874
671.2930908,-2.84149987033643E-4,0.00131780666712369
671.5265503,-3.54244554549449E-4,0.00124474531094676
671.7600098,-3.12303737882203E-4,0.00128846129427437
671.9934692,-4.95771851685295E-4,0.0010972277980886
672.2269287,-5.16081036313739E-4,0.00107605901676375
672.4604492,-4.13884112432193E-4,0.0011825814780688
672.6939697,-3.04082118090512E-4,0.00129703089835698
672.9274292,-1.97352961314532E-4,0.00140827742164732
673.1609497,-1.91445629060135E-4,0.00141443478478101
673.3944702,-4.19578533729372E-4,0.00117664603745821
673.6280518,-7.12261432583336E-4,8.71575184210646E-4
673.8615723,-7.4792571045172E-4,8.34401397418289E-4
674.0951538,-8.53579070698686E-4,7.24276204298971E-4
674.3287354,-8.57644124800609E-4,7.20039094689128E-4
674.5622559,-8.53687864565333E-4,7.24162805675901E-4
674.7958984,-9.50104577129807E-4,6.23665206108099E-4
675.02948,-0.00106909476974873,4.99638692319669E-4
675.2630615,-9.66924378802039E-4,6.06133497669735E-4
675.4967041,-0.00110295159036166,4.64348864341749E-4
675.7303467,-0.00115124187185021,4.14014671824993E-4
675.9639893,-9.30724460263729E-4,6.43865596399169E-4
676.1976318,-9.2754076259021E-4,6.47184045715975E-4
676.4312744,-9.36254306124363E-4,6.38101696965219E-4
676.664978,-8.8765844099906E-4,6.88754407103494E-4
676.8986206,-7.30026466773877E-4,8.53058235800944E-4
677.1323242,-6.04017356492216E-4,9.84400746556156E-4
677.3660278,-4.05681951787504E-4,0.00119113079938599
677.5997314,-2.9501414070187E-4,0.00130648268255761
677.8334961,-6.37822488391761E-5,0.00154750158330247
678.0671997,2.41230627210084E-4,0.00186542428637871
678.3009644,4.7098009693704E-4,0.00210489802070765
678.534668,4.98470741565307E-4,0.00213355222102448
678.7684326,3.52231577790343E-4,0.0019811234093456
679.0021973,2.71834956841481E-4,0.00189732396001963
679.2360229,1.22463579494953E-4,0.00174163036221703
679.4697876,1.0647769504936E-5,0.0016250818904963
679.7036133,-5.05838162148862E-5,0.00156125864638333
679.937439,-4.38140665344012E-5,0.00156831492920472
680.1712646,6.50984412537515E-5,0.00168183721496301
680.4050903,6.557845539191E-5,0.00168233754594672
680.638916,1.01220845423157E-5,0.00162453395564696
680.8727417,-1.28717496365292E-4,0.00147981791799028
681.1066284,-3.96347098722488E-4,0.00120086075491341
681.3405151,-5.5288265961621E-4,0.0010376997458062
681.5744019,-7.14821220217839E-4,8.68907052246503E-4
681.8082886,-6.94858973669985E-4,8.89714211157864E-4
682.0421753,-7.99727824925217E-4,7.8040673177729E-4
682.276123,-6.19252703280676E-4,9.6852055587034E-4
682.5100098,-6.42176775906937E-4,9.44626210066789E-4
682.7439575,-6.97400021132677E-4,8.87065612552952E-4
682.9779053,-8.29656378354841E-4,7.49211436913834E-4
683.211853,-8.2966934131059E-4,7.49197925294308E-4
683.4458008,-0.00102272133480334,5.4797490677636E-4
683.6798096,-8.90260740843053E-4,6.86041963578705E-4
683.9137573,-7.69286227921797E-4,8.12136785047966E-4
684.1477661,-8.96650719801971E-4,6.79381525470212E-4
684.3817749,-9.83851336936984E-4,5.88490097316201E-4
684.6157837,-0.00110097266110799,4.66411552795015E-4
684.8497925,-0.00110438917627604,4.62850431863349E-4
685.0838623,-0.00109124718420217,4.76548665518425E-4
685.3178711,-8.76125277576752E-4,7.00775717605966E-4
685.5519409,-7.14741743483969E-4,8.68989892874055E-4
685.7860107,-6.25601641002395E-4,9.61902896090544E-4
686.0200806,-6.22544175083235E-4,9.65089770828991E-4
686.2541504,-7.63205896765815E-4,8.18474469350829E-4
686.4882202,-8.97065118627563E-4,6.78949587000956E-4
686.7223511,-9.03061227995999E-4,6.72699689216163E-4
686.9564209,-0.00101727836406629,5.53648254052394E-4
687.1905518,-8.98005236578742E-4,6.77969678073436E-4
687.4246826,-5.44476468122732E-4,0.00104646173368291
687.6588135,-4.86709392998336E-4,0.00110667383000566
687.8930054,-3.60658010374307E-4,0.00123806040230189
688.1271362,-4.23357993448829E-4,0.00117270661016012
688.3613281,-5.70340091395177E-4,0.00101950341923853
688.59552,-5.90801649049564E-4,9.98175815620959E-4
688.8297119,-5.21291914067815E-4,0.0010706275859257
689.0639038,-3.41628825553467E-4,0.00125789500716822
689.2980957,-1.54063557156897E-4,0.00145339907212523
689.5323486,-4.21905080921334E-5,0.00157000720559401
689.7665405,-2.12693223233623E-4,0.00139228787524395
690.0007935,-2.68706807277614E-4,0.00133390348741444
690.2350464,-1.56703413113596E-4,0.00145064748290592
690.4692993,-1.63504440676514E-4,0.00144355859834962
690.7035522,-1.24241545572514E-4,0.00148448331570498
690.9378662,-1.07371093489596E-4,0.00150206781835874
691.1721191,-2.23617431216456E-4,0.00138090129453347
691.4064331,-3.92624708362717E-4,0.00120474069736178
691.6407471,-3.98963517129461E-4,0.00119813359525019
691.875061,-5.05375898056475E-4,0.00108721725550973
692.109375,-4.59907848196437E-4,0.00113460976399115
692.343689,-4.35743904696243E-4,0.00115979645884177
692.578064,-5.35140489078195E-4,0.00105619286284751
692.812439,-3.96085185537635E-4,0.00120113375370866
693.0467529,-3.63895434337171E-4,0.00123468595270288
693.2811279,-2.64742449223741E-4,0.00133803563896415
693.515564,-1.94064908904746E-4,0.00141170464256834
693.749939,-1.48202701183606E-4,0.00145950799184528
693.984314,-1.83559881623499E-5,0.00159485053385199
694.21875,1.37226179478481E-4,0.00175701779684598
694.453186,2.12520892741515E-4,0.00183549939761639
694.6876221,2.75776164288162E-4,0.00190143198110078
694.9220581,2.47344447577167E-4,0.00187179687734078
695.1564941,1.83164877035293E-4,0.00180490087343028
695.3909302,1.33224502736877E-4,0.00175284674707586
695.6254272,1.43434271571865E-4,0.0017634886496337
695.8599243,1.95484788266918E-4,0.00181774223124818
696.0944214,-1.28533285599942E-4,0.00148000992557112
696.3289185,-5.93787349179324E-5,0.00155209147821776
696.5634155,-3.40190703497353E-4,0.00125939399848083
696.7979126,-4.87104213567942E-4,0.00110626229845215
697.0324707,-4.93699365435807E-4,0.0010993880033857
697.2669678,-4.9009829155542E-4,0.00110314149457223
697.5015259,-5.11985526413739E-4,0.00108032787122901
697.736084,-5.23977771718975E-4,0.00106782804796654
697.9706421,-5.26075027483586E-4,0.00106564202477183
698.2052612,-5.18277293704017E-4,0.0010737698016486
698.4398193,-5.00584570378493E-4,0.00109221137859869
698.6744385,-4.7299685750346E-4,0.0011209667556258
698.9089966,-4.35514155086025E-4,0.00116003593272254
699.1436157,-3.88136463124411E-4,0.00120941890989075
699.3782349,-3.30863781613289E-4,0.00126911568713598
699.612854,-2.6369611056154E-4,0.00133912626444898
699.8475342,-1.86633449963836E-4,0.00141945064183531
700.0821533,-9.96757998166231E-5,0.00151008881929866
