400.1708374,-7.64957730748872E-4,0
400.3862915,-4.92567161039647E-4,3.09179864817347E-4
400.6017761,-2.43594660177132E-4,5.91778797086115E-4
400.8172913,-1.80402281613291E-5,8.47796796806307E-4
401.0328369,1.84096135007763E-4,0.00107723386397792
401.2483826,3.62814429330143E-4,0.00128008999860096
401.4639587,5.18114654805813E-4,0.00145636520067542
401.6795349,6.49996811434771E-4,0.0016060594702013
401.8951416,7.58460899217018E-4,0.0017291728071786
402.1107788,8.43506918152553E-4,0.00182570521160733
402.326416,9.05134868241377E-4,0.00189565668348748
402.5420837,9.43344749483491E-4,0.00193902722281905
402.7577515,9.58136561878892E-4,0.00195581682960205
402.9734802,8.28531895966304E-4,0.00180870765056796
403.1891785,6.94280723029115E-4,0.00165632440343646
403.4049377,5.93658320655289E-4,0.00154211185636941
403.620697,5.38177126237888E-4,0.00147913732605367
403.8364868,5.72965358359173E-4,0.00151862408551078
404.0522766,3.45031262875685E-4,0.00125990502301137
404.2680969,2.27587988906014E-4,0.00112659976355099
404.4839478,2.64435568150274E-4,0.00116842400725278
404.6997986,3.12306706712584E-4,0.0012227606612902
404.9156799,3.05561913112516E-4,0.00121510491030104
405.1315918,2.60001053306149E-4,0.00116339056317466
405.3475037,1.685462014907E-4,0.00105958374360901
405.563446,2.57608576540719E-4,0.00116067495652314
405.7793884,2.91336851251202E-4,0.00119895859984692
405.9953613,4.04475401091328E-4,0.00132737773558478
406.2113647,4.5827797274554E-4,0.00138844692696182
406.4273682,5.72312079167656E-4,0.0015178825738926
406.6434021,6.33240158557567E-4,0.00158703964995974
406.8594666,7.37215483652582E-4,0.00170505796825737
407.075531,7.81361624249838E-4,0.0017551665230309
407.291626,7.33862558545838E-4,0.00170125219431904
407.5077515,6.33170937536736E-4,0.00158696107989072
407.723877,6.36506556872021E-4,0.00159074721072582
407.940033,6.26958286719132E-4,0.00157990934332732
408.156189,6.73540166612502E-4,0.00163278261035614
408.3723755,6.51237796545836E-4,0.00160746806378546
408.5885925,6.29238272073604E-4,0.0015824972653851
408.8048096,5.56256960863246E-4,0.00149965903806211
409.0210571,6.19642408251517E-4,0.00157160537627717
409.2373352,3.8681087220572E-4,0.00130732742085198
409.4536133,4.12933416459169E-4,0.00133697809748733
409.6699219,5.50334177520445E-4,0.00149293631871384
409.8862305,5.37355110483536E-4,0.00147820428817324
410.1025696,4.49331059428019E-4,0.00137829163614909
410.3189392,4.45182088187961E-4,0.00137358230142982
410.5353088,4.41595541395246E-4,0.00136951135266784
410.751709,5.32868687674937E-4,0.00147311192539814
410.9681396,4.98504439368135E-4,0.00143410641335935
411.1845703,5.631402079543E-4,0.00150747194218499
411.4010315,4.61323732748889E-4,0.00139190404982443
411.6174927,6.26568925604773E-4,0.00157946739477957
411.8340149,6.01584219590667E-4,0.00155110823375506
412.0505066,5.21888408165449E-4,0.00146064864027772
412.2670593,4.45259981926048E-4,0.00137367071556045
412.4836121,4.85547016439942E-4,0.00141939895019865
412.7001648,4.52502305371324E-4,0.00138189119318625
412.9167786,5.49373752341276E-4,0.00149184617771748
413.1333618,3.97285013537855E-4,0.00131921620835518
413.3500061,4.62526469015826E-4,0.00139326922864402
413.5666504,2.92310291942686E-4,0.00120006351424143
413.7833252,4.0407306037629E-4,0.00132692105440077
414,3.61761290937855E-4,0.00127889462246841
414.2167053,3.80606898433024E-4,0.00130028553326234
414.4334412,1.98532180626319E-4,0.00109361965382963
414.650177,2.18134902893082E-4,0.00111586993594094
414.8669434,3.14175691760232E-4,0.00122488207300058
415.0837097,3.30464424228425E-4,0.00124337077511658
415.3005371,3.61631499259034E-4,0.00127874730101835
415.517334,4.15853726349623E-4,0.00134029282684129
415.7341919,4.68202642709218E-4,0.00139971203104014
415.9510498,5.4988858063229E-4,0.00149243053914229
416.1679077,6.34992339737391E-4,0.00158902848217553
416.3847961,7.52734132073411E-4,0.00172267257813914
416.6017151,7.6924783419144E-4,0.00174141663449152
416.8186646,8.20220969466319E-4,0.00179927424347712
417.035614,6.88249785991208E-4,0.00164947892306579
417.252594,6.84637279073044E-4,0.00164537850798239
417.469574,7.13939692455326E-4,0.00167863852949499
417.6865845,7.34070228515161E-4,0.00170148791236578
417.903595,5.54781688254243E-4,0.00149798451391721
418.1206665,4.91768309236514E-4,0.00142646049593383
418.3377075,5.0006625854236E-4,0.00143587917311998
418.5548096,6.5894304682608E-4,0.00161621399152655
418.7719116,6.41693860123732E-4,0.00159663511543501
418.9890442,7.85700962345461E-4,0.00176009193571032
419.2061768,6.84836281951268E-4,0.00164560438835356
419.4233398,7.27264858905422E-4,0.0016937634039211
419.6405029,6.09484124334302E-4,0.00156007510615198
419.8577271,5.76037060818833E-4,0.00152211065463925
420.0749207,5.91884507377606E-4,0.00154009847040678
420.2921753,5.10652840483451E-4,0.00144789558755356
420.5094299,5.9362803588748E-4,0.00154207748131587
420.7266846,6.65735419035239E-4,0.00162392374713101
420.9439697,6.64558650831867E-4,0.00162258804364307
421.1612854,6.72246585065789E-4,0.00163131431661833
421.3786316,6.88665107374978E-4,0.00164995033809835
421.5959778,6.98970487335316E-4,0.00166164757117962
421.8133545,6.71126059211074E-4,0.00163004245161708
422.0307312,7.08220241369809E-4,0.00167214660462645
422.2481384,7.0485001092093E-4,0.0016683211880722
422.4655457,7.51315083114137E-4,0.0017210618712565
422.6829834,6.85840000940872E-4,0.00164674367045812
422.9004517,6.4153811387028E-4,0.00159645833396405
423.1179504,6.73652660795556E-4,0.00163291029809639
423.3354492,8.70186057567498E-4,0.00185598765760596
423.552948,0.0010339126903961,0.00204182734456349
423.7704773,0.00102689101069422,0.00203385731100714
423.9880371,0.00109558489624166,0.0021118290494194
424.2056274,0.00128289017345718,0.00232443193193068
424.4232178,0.00119125361722162,0.002220418866796
424.6408081,0.00122493863177793,0.00225865340721349
424.8584595,0.00108109160482162,0.00209537828210103
425.0761108,0.00109266461159289,0.0021085143487163
425.2937622,0.00109018561079769,0.00210570053202815
425.5114441,0.00103489910326651,0.00204294698317013
425.7291565,0.00110075922566996,0.00211770222804989
425.9468689,0.00101273950224563,0.00201779448815035
426.1646118,8.56657538497712E-4,0.00184063196558755
426.3823853,7.14579989052137E-4,0.0016793653050785
426.6001587,5.80285557109905E-4,0.00152693295634505
426.8179626,4.90747282761799E-4,0.00142530156878094
427.0357666,4.387488081432E-4,0.00136628013727379
427.2536011,3.30209174023577E-4,0.00124308105060845
427.4714661,1.24893270147625E-4,0.0010100350113385
427.6893311,-3.21447528587233E-6,8.64624928098599E-4
427.9072266,-5.50615331494376E-5,8.05775363818359E-4
428.1251221,-8.78509871005004E-5,7.68557339160434E-4
428.3430481,-1.69376788715633E-5,8.49048257312918E-4
428.5610046,-2.59711157739304E-5,8.38794756968573E-4
428.7789612,-1.38962579807614E-5,8.52500455018861E-4
428.9969482,-2.03339359298361E-6,8.659655276595E-4
429.2149658,8.07254781275092E-5,9.5990188088308E-4
429.4329834,1.78206944898688E-4,0.00107054927499325
429.651001,2.55514557109874E-5,8.97276009472115E-4
429.8690796,1.03330694428891E-4,9.8556017635083E-4
430.0871277,2.77449187776541E-5,8.99765723470503E-4
430.3052368,7.50276667236541E-5,9.53434518369469E-4
430.5233459,1.13982180206628E-4,9.97650260586786E-4
430.7414856,3.2884625067942E-5,9.05599602733388E-4
430.9596252,2.43400704402705E-5,8.9590101350716E-4
431.1777954,-6.92866097868406E-5,7.89629036592481E-4
431.3959961,-1.86080931099092E-4,6.57060377870914E-4
431.6141968,-2.50180228857758E-4,5.84303776065399E-4
431.8323975,-3.13319075137044E-4,5.12637345108588E-4
432.0506592,-2.28172051695256E-4,6.09284395795526E-4
432.2689209,-1.72076512142898E-4,6.72956245207083E-4
432.4871826,-2.12372197474985E-4,6.27218191364042E-4
432.7054749,-2.20103394680193E-4,6.18442812284899E-4
432.9237976,-2.6350972626372E-4,5.69173985740948E-4
433.1421509,-1.50163510357469E-4,6.97828835095175E-4
433.3604736,-1.11148431015816E-4,7.4211332324602E-4
433.5788574,8.71284922225509E-5,9.67169691345248E-4
433.7972412,2.29547811250908E-4,0.00112882428111894
434.0156555,3.42123924696793E-4,0.00125660501733905
434.2340698,5.96370920597653E-4,0.00154519082229829
434.4525146,8.87668835033082E-4,0.00187583167342197
434.67099,0.00118021273996289,0.00220788679954432
434.8894653,0.00139747805578611,0.00245449614819919
435.1079712,0.00173197464083501,0.00283417011803479
435.3264771,0.00204180666735335,0.00318584831371273
435.5450134,0.00236198734159427,0.00354927285401384
435.7635803,0.00263501505519959,0.00385917591590764
435.9821472,0.00283862205172695,0.00409028224139237
436.2007446,0.00297215937058651,0.00424185522072548
436.419342,0.00311548723577771,0.00440454106565645
436.63797,0.00318870217094245,0.00448764447037788
436.8565979,0.00347216504794803,0.00480939207745134
437.0752869,0.00358510457927161,0.00493758531506759
437.2939453,0.0037873530998735,0.00516714968774742
437.5126648,0.00378658734562363,0.00516628051009671
437.7313843,0.00372949242040645,0.00510147429716779
437.9501038,0.00367112987243903,0.00503522925531401
438.1688538,0.00367174854612908,0.00503593148758314
438.3876343,0.00367318922160792,0.00503756674188092
438.6064148,0.00361969814892,0.00497685112077759
438.8252258,0.00359594646025488,0.00494989150944264
439.0440674,0.00359425051437952,0.00494796650771794
439.2629089,0.00353777857116039,0.00488386741724979
439.481781,0.00372838054166261,0.00510021224716333
439.7006531,0.0037079601426773,0.00507703385224116
439.9195557,0.00371259366909082,0.00508229318655546
440.1384583,0.00373914885186358,0.00511243493422552
440.3574219,0.00376914779666087,0.00514648556126078
440.576355,0.00374591526382686,0.00512011522337187
440.7953491,0.00370026787228986,0.00506830265746792
441.0143127,0.0037097122990315,0.00507902265627836
441.2333374,0.00367304641353372,0.00503740464603038
441.4523621,0.00365829784441778,0.00502066412299985
441.6714172,0.00373404368784464,0.00510664026254166
441.8904724,0.00374915565034126,0.00512379325916271
442.1095581,0.00389681851607169,0.00529139959338277
442.3286438,0.0037747157612116,0.00515280553969813
442.54776,0.00385529415452039,0.00524426691729651
442.7669067,0.00390389212651401,0.00529942857148822
442.9860535,0.00387245680903652,0.00526374757409336
443.2052307,0.00390665235058126,0.00530256159369559
443.424408,0.0039342458604628,0.00533388190579054
443.6436157,0.00396172688562377,0.00536507454088572
443.862854,0.00396302911688,0.00536655265256996
444.0820923,0.00391072347719845,0.005307182570033
444.3013611,0.00393073719629488,0.00532989935854492
444.5206299,0.00389432658204677,0.00528857109669222
444.7399292,0.00395829177490783,0.005361175481282
444.9592285,0.00392319204002415,0.00532133514724238
445.1785889,0.00401809932329353,0.0054290606865029
445.3979187,0.00396975228789913,0.00537418386061456
445.6172791,0.00385531149540889,0.00524428660025972
445.8366699,0.00385942586706435,0.00524895666234594
446.0560913,0.00376426332860792,0.00514094139292218
446.2755127,0.00378120100363961,0.00516016668431978
446.4949341,0.00379586301949314,0.00517680896413285
446.7144165,0.00373868157556116,0.00511190454720013
446.9338989,0.00377883016547034,0.00515747563879107
447.1533813,0.00381353619384618,0.00519686909199705
447.3728943,0.00366041777573275,0.00502307037398749
447.5924072,0.00375233555277952,0.00512740264184818
447.8119812,0.00388534505680329,0.00527837651923825
448.0315247,0.00389207687609391,0.00528601754359703
448.2511292,0.00380243910201585,0.00518427321778733
448.4707336,0.00384755435578435,0.00523548177495668
448.6903381,0.00392487931206609,0.00532325030363855
448.9099731,0.00391909497483788,0.00531668472905135
449.1296387,0.00390724075688696,0.00530322947064246
449.3493042,0.00388576474737971,0.00527885289357023
449.5690002,0.00397940874457063,0.00538514452629214
449.7886963,0.00413661558124638,0.0055635838480486
450.0084229,0.00426448537190087,0.0057087238381407
450.2281799,0.00430343123784619,0.00575292976487679
450.447937,0.00436701139406261,0.00582509710945499
450.6677246,0.00432472557635208,0.00577710013431232
450.8875122,0.0044054813538315,0.00586876285373377
451.1073303,0.00453920040390725,0.00602054210905108
451.3271484,0.00452946177481739,0.00600948817268052
451.5470276,0.0047772365403714,0.0062907276025217
451.7668762,0.00475774198878106,0.00626860010070764
451.9867554,0.00476491941056387,0.00627674691099888
452.206665,0.00489113651394203,0.00642001100050739
452.4266052,0.00472096359890957,0.00622685439115239
452.6465454,0.00452815950095826,0.0060080100126394
452.8664856,0.00473180110318532,0.00623915561769819
453.0864563,0.00458625379378628,0.0060739505685933
453.3064575,0.0044594352900485,0.00593000385309636
453.5264587,0.00426076033458242,0.0057044956942083
453.7464905,0.00426403968552541,0.00570821795699561
453.9665527,0.00432650794153218,0.00577912322720436
454.186615,0.00424066870647672,0.00568169047423203
454.4066772,0.00413716496011362,0.00556420742647898
454.62677,0.00403246712770203,0.00544536901843041
454.8468933,0.0041282699729229,0.00555411107497857
455.0670471,0.00401963084389585,0.0054307990555415
455.2871704,0.00392414814735034,0.00532242038721297
455.5073547,0.00381037363155884,0.00519327939143758
455.7275391,0.00383786764455594,0.00522448676851677
455.9477539,0.00386721763750126,0.00525780079572744
456.1679688,0.00389073573128792,0.0052844952626669
456.3882141,0.00405568240955884,0.00547171977541091
456.6084595,0.00407434198515981,0.00549289952868949
456.8287354,0.00418779202736928,0.00562167222721312
457.0490417,0.00416718558168541,0.00559828265797178
457.2693481,0.004394522624177,0.00585632402900954
457.4896545,0.0043393788704485,0.00579373251440058
457.710022,0.00438309669694532,0.00584335490661783
457.9303589,0.0045494623938029,0.00603219009176973
458.1507568,0.0046362793970514,0.00613073267111406
458.3711548,0.00459191259110377,0.00608037364774585
458.5915527,0.00458291379218512,0.00607015946361989
458.8119812,0.00460540219356367,0.00609568516704494
459.0324402,0.00479783853713372,0.00631411212196649
459.2528992,0.00466769740418957,0.00616639402022088
459.4733887,0.00447759297287981,0.00595061392755368
459.6939087,0.00441591211706377,0.00588060240445514
459.9144287,0.00443679543762647,0.00590430624352493
460.1349487,0.00430706100474802,0.00575704977109149
460.3554993,0.00407542787878841,0.0054941320840076
460.5760803,0.00403173168850319,0.00544453425020653
460.7966614,0.00391289101798918,0.00530964286067147
461.0172729,0.00398468259398358,0.00539113066615852
461.237915,0.00400478283760193,0.00541394566526569
461.4585571,0.00406314971260522,0.00548019561856837
461.6791992,0.00429612400333527,0.00574463560924326
461.8998718,0.00426791181911015,0.0057126130641374
462.120575,0.00423621691781391,0.00567663742331903
462.3412781,0.0042824959486228,0.00572916693821613
462.5620117,0.00440915433529816,0.00587293191110809
462.7827454,0.00438340817089024,0.00584370844849078
463.0035095,0.00444723922895614,0.00591616058192927
463.2243042,0.00443770825136889,0.0059053423426446
463.4450989,0.00449851952130667,0.00597436683287862
463.6659241,0.00455050935049295,0.00603337845129423
463.8867493,0.00474457241469604,0.00625365183307981
464.107605,0.00482406055078415,0.00634387570241765
464.3284607,0.00489920938166203,0.00642917419640299
464.5493469,0.00471870081293217,0.00622428599143375
464.7702332,0.00475280116722415,0.00626299196771433
464.9911499,0.0047218417932085,0.00622785119509799
465.2120972,0.00462048824217566,0.00611280874983072
465.4330444,0.00461234605598957,0.00610356687325981
465.6540222,0.00475099713826899,0.00626094428511988
465.875,0.00477336008622763,0.00628632759128262
466.0960083,0.00488681446196831,0.00641510520862776
466.3170471,0.00508216675942048,0.00663684194856885
466.5380859,0.00520379361560348,0.00677489582830838
466.7591248,0.00510788261365759,0.00666603100729866
466.9802246,0.00513934820341198,0.00670174636556913
467.2012939,0.00505491069618164,0.00660590465893862
467.4224243,0.00495333649979575,0.00649061176777486
467.6435242,0.00502202171652754,0.00656857366655408
467.8646851,0.00491898952297797,0.00645162585992665
468.0858459,0.00485349712088425,0.00637728799996507
468.3070068,0.00474459839300271,0.00625368132003801
468.5281982,0.00473703157030725,0.00624509251602554
468.7494202,0.00476390690134242,0.00627559765144651
468.9706421,0.00492192708245198,0.00645496016860715
469.1918945,0.00509500298315691,0.00665141184327493
469.413147,0.0051180754655973,0.00667760051423199
469.6344299,0.00518021495485101,0.00674813261417874
469.8557434,0.00525994103748773,0.00683862656732238
470.0770569,0.00547878544926725,0.0070870282859364
470.2983704,0.00561937475546957,0.00724660569984173
470.5197144,0.0058589640488885,0.00751855412092703
470.7410889,0.00604037682568251,0.00772446865704767
470.9624634,0.00630920365167034,0.00802960345597598
471.1838684,0.00639932165249836,0.00813189286835674
471.405304,0.00659296936494667,0.00835169480063681
471.6267395,0.00678399531622454,0.00856852087451941
471.848175,0.00688164117839613,0.00867935486740842
472.0696411,0.00695801867344155,0.00876604796995759
472.2911377,0.00716705957679092,0.00900332211020352
472.5126343,0.00713050187663788,0.0089618268969022
472.7341614,0.0071149746118485,0.00894420250691805
472.9556885,0.00717428461315266,0.00901152296593802
473.1772461,0.00706170848758705,0.00888374221596129
473.3988037,0.00704145246794841,0.00886075040159598
473.6203918,0.00703807357815556,0.00885691515615961
473.8420105,0.00699156523691266,0.00880412535997208
474.0636292,0.00716345573645372,0.00899923153221667
474.2852478,0.00729328537581295,0.00914659606979674
474.506897,0.00737363014176406,0.00923779226613372
474.7285767,0.00750891101764464,0.00939134428873781
474.9502563,0.00778978674108213,0.00971015531914748
475.1719666,0.00810366821530223,0.0100664298842752
475.3937073,0.00830803665830531,0.010298400497825
475.615448,0.0084793647331287,0.0104928682838054
475.8371887,0.00875373360017121,0.0108042936364263
476.05896,0.00900604239653024,0.0110906794670143
476.2807617,0.0094766028912087,0.0116247942503872
476.5025635,0.00970816678309411,0.0118876333525857
476.7243958,0.010061370502011,0.0122885410572257
476.946228,0.0104197572265648,0.0126953317885207
477.1680908,0.0108498835786398,0.0131835513606259
477.3899536,0.0112361752882924,0.0136220159473329
477.6118469,0.0115071133841996,0.0139295471660381
477.8337708,0.0116544994266278,0.0140968392889723
478.0556946,0.011972317890428,0.0144575825767414
478.2776184,0.0122217755271119,0.0147407321676758
478.4995728,0.012372453903406,0.0149117612898045
478.7215576,0.012624018518057,0.015197302428889
478.9435425,0.0129426330311065,0.0155589492809758
479.1655579,0.013152963174056,0.0157976867865861
479.3875732,0.0134709460529507,0.016158616695488
479.6096191,0.013785835674887,0.0165160355695943
479.8316956,0.0143102030712754,0.0171112244592209
480.053772,0.0147277354938261,0.0175851491552884
480.2758484,0.0153565584190628,0.018298901423681
480.4979553,0.0158450516890667,0.0188533709978121
480.7200928,0.0166092896877527,0.0197208276112119
480.9422302,0.0172845777450454,0.0204873206307368
481.1643982,0.0180976904966957,0.0214102530615653
481.3865662,0.0187531551009662,0.0221542452561455
481.6087646,0.0194220746724058,0.022913509656863
481.8309631,0.0199982112827903,0.0235674597532454
482.0531921,0.0206195063589816,0.024272667455089
482.2754517,0.0211861898628193,0.0249158877005542
482.4977112,0.022014782307287,0.025856390524285
482.7199707,0.0225380075449353,0.0264502829942696
482.9422607,0.023168483164228,0.0271659111709413
483.1645813,0.0238764177900696,0.0279694600315015
483.3869019,0.0246454663927981,0.0288423769730953
483.6092529,0.0253326215622415,0.0296223398867302
483.831604,0.026021766914686,0.0304045617791244
484.0539856,0.0268588087355285,0.0313546551589753
484.2763672,0.02775462840097,0.0323714649676173
484.4987793,0.0287236716694126,0.0334713880195021
484.7212219,0.0296675874462976,0.0345427898400858
484.9436646,0.0307609833143266,0.0357838606562668
485.1661072,0.0318364722313546,0.0370046059938688
485.3885803,0.0331234379704309,0.0384653903876051
485.611084,0.0346347251923788,0.0401807933087884
485.8335876,0.0359242261745488,0.0416444553576426
486.0561218,0.037633742913743,0.0435848608382409
486.278656,0.0391890378830802,0.0453502152294891
486.5012207,0.0410341813386415,0.0474445652826794
486.7237854,0.0427321722084812,0.0493718882004974
486.9463806,0.044490355919573,0.0513675336543753
487.1690063,0.0462563358952,0.0533720283427097
487.3916321,0.048217455797229,0.0555980187169256
487.6142578,0.0502646097326589,0.0579216629520847
487.8369141,0.0528390819494416,0.0608438455107928
488.0596008,0.0551388258094493,0.0634541946741677
488.2822876,0.0576908352715401,0.0663508806400002
488.5049744,0.0603448820423266,0.0693633851576369
488.7277222,0.0631076329034821,0.0724992754297852
488.9504395,0.0661351479470164,0.0759356891532545
489.1732178,0.0695074564726957,0.0797634644510738
489.3959961,0.0729440504395614,0.0836642076348113
489.6187744,0.0765518724243807,0.0877593050338961
489.8415833,0.0802801792982377,0.0919911601105503
490.0643921,0.0842261456830551,0.0964700719713169
490.2872314,0.0885420931372889,0.101368934850025
490.5101013,0.093039747150916,0.106474045725974
490.7329712,0.09787031884263,0.111957038416319
490.9558411,0.102812103816178,0.11756626494611
491.1787415,0.108170893918033,0.12364881766093
491.4016724,0.114195830313158,0.130487486937059
491.6246033,0.120042304250101,0.137123590468146
491.8475647,0.126524566254354,0.144481352127535
492.0705261,0.132949464596446,0.151774002541218
492.2935181,0.139694068988808,0.159429538768125
492.51651,0.146791404312385,0.167485446056873
492.7395325,0.154952202273519,0.176748448124524
492.9625854,0.163289260369789,0.186211516166604
493.1856384,0.172093369890348,0.196204715983723
493.4086914,0.181252089232081,0.206600419517073
493.6317749,0.190896926437604,0.217547896394015
493.8548889,0.201008659075246,0.229025327985397
494.0780029,0.212081149875691,0.24159327852982
494.3011169,0.223528091978821,0.254586254078849
494.524292,0.235207087155246,0.26784262398073
494.7474365,0.247404534307478,0.281687468410071
494.9706116,0.260607971941739,0.296674173226037
495.1938171,0.273995414802841,0.311869735166613
495.4170227,0.288215993117024,0.328010956522026
495.6402588,0.302527943461217,0.344255890689218
495.8635254,0.317351729270164,0.361081789241374
496.0867615,0.332587016346957,0.378374766762161
496.3100586,0.34818433594771,0.396078673218328
496.5333557,0.364687777235729,0.414811082904528
496.7566528,0.381056164225179,0.433390197747154
496.9799805,0.397789105503382,0.452383103881585
497.2033386,0.415325868488657,0.472288396546119
497.4266968,0.43256606770887,0.491857071298771
497.6500549,0.450448203637855,0.512154383261777
497.8734436,0.468484719498145,0.532626925836996
498.0968628,0.48682800667028,0.553447672510571
498.320282,0.504692084945758,0.573724487938487
498.5437317,0.523115390204754,0.59463606000776
498.7671814,0.541693029615208,0.615722810726337
498.9906616,0.55984055402058,0.636321354752336
499.2141418,0.577940955875517,0.656866411817355
499.4376526,0.595723230840329,0.677050375511966
499.6611633,0.613022283729488,0.696685852758656
499.8847046,0.630714902531246,0.716768051254852
500.1082764,0.648079356821894,0.736477763070281
500.3318176,0.664909670064155,0.755581192306581
500.5554199,0.681032563029469,0.773881656499603
500.7790222,0.697475430253295,0.792545310938517
501.0026245,0.712978795340831,0.810142573307384
501.2262573,0.728563158067169,0.827831772922985
501.4499207,0.743578758509218,0.844875392750866
501.673584,0.758170080373836,0.861437430586555
501.8972778,0.771972231282454,0.877103711385741
502.1209717,0.785154691609024,0.892066605681531
502.3446655,0.79738314559457,0.905946644752679
502.5683899,0.80964329837401,0.91986266388298
502.7921448,0.820499762375652,0.9321854108709
503.0158997,0.830788628597662,0.943863899854716
503.2396851,0.840029493372155,0.954352843450755
503.4634705,0.847787482764232,0.963158633291635
503.6872864,0.855365853172522,0.971760544660564
503.9111023,0.861665346657063,0.978910852933157
504.1349487,0.867659715809043,0.98571482652906
504.3588257,0.872221223910937,0.990892415679126
504.5826721,0.875230052174609,0.994307618770825
504.8065796,0.877687310643304,0.99709675659591
505.0304871,0.879194468028,0.998807471900615
505.2543945,0.880245097274435,1
505.4783325,0.879407448118126,0.999049217257453
505.702301,0.878004073272445,0.997456301447119
505.9262695,0.875477252441681,0.994588206109945
506.150238,0.872636545705391,0.991363831177842
506.3742371,0.868963445911749,0.98719463949521
506.5982666,0.864329559490087,0.981934896549786
506.8222961,0.858839887846029,0.975703785323676
507.0463257,0.852753021096116,0.968794821327939
507.2703857,0.845153810298242,0.960169254849212
507.4944763,0.837292041418029,0.951245668976896
507.7185669,0.828099419837024,0.940811484339865
507.942688,0.818808928458493,0.930266211529697
508.1668091,0.807939518255672,0.917928769815984
508.3909607,0.796686229621875,0.90515560273365
508.6151123,0.784396586782705,0.891206110591819
508.8392944,0.771738554193372,0.87683847367619
509.0634766,0.759404897834493,0.862839023512358
509.2876892,0.746166691220232,0.847812853789263
509.5119019,0.733343970468425,0.833258285792044
509.736145,0.719194840654512,0.817198162830304
509.9603882,0.704949532555285,0.801028871664673
510.1846619,0.690715969231324,0.784872911533347
510.4089355,0.676383578185159,0.768604775926109
510.6332397,0.661917359092116,0.752184737345552
510.8575439,0.647262066885817,0.73555008928105
511.0818787,0.632617424603556,0.718927529528114
511.3062439,0.618078764321372,0.702425265791637
511.5306091,0.604228911036754,0.686704839894186
511.7549744,0.59059993525086,0.671235123392694
511.9793701,0.576777511103614,0.655545831234542
512.2037964,0.563298297782319,0.640246104239695
512.4282227,0.550488550739459,0.625706262191258
512.6526489,0.537010154960386,0.61040746315656
512.8770752,0.524084121941855,0.595735629452624
513.1015625,0.511285381771845,0.581208280874367
513.3260498,0.498483887128425,0.566677805801247
513.5505371,0.486165123859517,0.552695260200408
513.7750854,0.473193861219672,0.537972088125182
513.9996338,0.46052952803799,0.523597299654003
514.2241821,0.448472022245797,0.509911297180261
514.4487305,0.436229448440039,0.496015231254332
514.6733398,0.424121892083169,0.482272418345348
514.8978882,0.412126744349701,0.468657196061196
515.1224976,0.400821823706686,0.455825423507876
515.347168,0.389537951047768,0.443017541696752
515.5717773,0.378234765490821,0.430187738571656
515.7964478,0.368131375297546,0.41871977616206
516.0211182,0.357620402198029,0.406789182362589
516.2457886,0.347675610630126,0.395501239039575
516.47052,0.337781497629005,0.384270818972392
516.6952515,0.328551700888406,0.373794438268037
516.9199829,0.319512276698087,0.363534141987689
517.1447144,0.310904751786454,0.353764077658988
517.3695068,0.302555432813024,0.344287092775562
517.5942993,0.294484052446628,0.335125585116778
517.8190918,0.287217313879517,0.32687739484264
518.0438843,0.279433234034821,0.318041990751083
518.2687378,0.2721404766543,0.309764267541127
518.4935913,0.264937443865237,0.301588387199987
518.7184448,0.257774835901894,0.293458391494886
518.9432983,0.250879726985411,0.285632023478641
519.1682129,0.243561492099691,0.277325381750611
519.3931274,0.236864062652502,0.269723391955899
519.618042,0.230323806746899,0.262299803690989
519.8429565,0.223882064181217,0.254988034058981
520.0679321,0.217611287215749,0.247870320782222
520.2929077,0.211726278707981,0.241190478169377
520.5178833,0.206190921114957,0.234907510612337
520.7428589,0.200436127802667,0.228375470166719
520.9678955,0.195004395854358,0.222210124019475
521.1929321,0.190039257898647,0.216574390434481
521.4179688,0.184739405959672,0.210558736119452
521.6430054,0.179528295746203,0.204643809060603
521.868103,0.174664311758242,0.199122891381709
522.0932007,0.170131552970435,0.193977934451813
522.3182983,0.165756373305044,0.189011839410633
522.543396,0.161488361151729,0.18416738601414
522.7685547,0.156923457976483,0.178985943249313
522.9937134,0.152679674274686,0.174168990618991
523.2188721,0.148537364804754,0.169467217414021
523.4440308,0.144380835453623,0.164749303778965
523.6692505,0.140505865445005,0.16035097712355
523.8944702,0.136780336363981,0.156122275010721
524.1196899,0.133317572673173,0.152191827598532
524.3449097,0.130105214005322,0.148545605118321
524.5701904,0.126457731996129,0.144405491179246
524.7954712,0.123300348404935,0.140821668754909
525.020752,0.120210291592959,0.137314266320145
525.2460327,0.117216188299803,0.13391577696563
525.4713745,0.11413974680708,0.130423828746373
525.6967163,0.111359066995482,0.127267588024942
525.9220581,0.108415561399229,0.123926530134024
526.1474609,0.105628250414035,0.120762762627218
526.3728027,0.102956998029401,0.117730728691331
526.5982056,0.100474660015287,0.114913124056728
526.8236084,0.0978167454875459,0.111896229399691
527.0490723,0.0954166988829971,0.109172030520333
527.2744751,0.0932323865271363,0.106692703135303
527.499939,0.0909361725414783,0.10408636059402
527.7254028,0.0887624419770338,0.101619044185887
527.9509277,0.0865756976783227,0.0991369563977992
528.1763916,0.0841530636011749,0.0963871193631543
528.4019165,0.0823201636004754,0.0943066663759421
528.6274414,0.0802793000575613,0.0919901621189027
528.8530273,0.078449303392715,0.0899130045944797
529.0785522,0.0767535143127092,0.0879881808420472
529.3041382,0.0750888967896425,0.0860987387027553
529.5297241,0.073389387292085,0.0841696920501067
529.7553101,0.0719314395809469,0.0825148327180761
529.980957,0.0701033248327691,0.0804398112835397
530.206604,0.0688755569286918,0.0790462200332446
530.432251,0.0671242043625643,0.0770583283444066
530.6578979,0.0657853958026184,0.075538699195636
530.883606,0.0641130429843382,0.0736404770257762
531.109314,0.0627152663630628,0.0720539155406554
531.335022,0.0609364201368213,0.070034816875282
531.56073,0.0595266593464213,0.0684346526292659
531.786499,0.0581560305604445,0.0668789055884801
532.0122681,0.0567476892871459,0.0652803525807164
532.2380371,0.0552785796210319,0.0636128237508606
532.4638062,0.0539960181889237,0.0621570385134258
532.6895752,0.0524745901990764,0.0604301252038627
532.9154053,0.0511204578981082,0.058893102676963
533.1412354,0.0501715147307826,0.0578159944624375
533.3671265,0.0490558901565565,0.0565496927126584
533.5929565,0.0479889112402976,0.0553386067435514
533.8188477,0.0470294941306551,0.0542496099674172
534.0447388,0.0458579817776348,0.052919872189324
534.2706299,0.0449764478664831,0.0519192775807341
534.496582,0.0439755712199652,0.0507832217084638
534.7224731,0.0429449335433527,0.0496133852568168
534.9484253,0.0419839675305932,0.0485226303814326
535.1744385,0.0412193403222087,0.0476547319913512
535.4003906,0.0401407322468734,0.0464304462193472
535.6264038,0.0393470795413082,0.0455296021244855
535.852417,0.0384440521447015,0.0445046111025596
536.0784302,0.0375638333985411,0.0435055092862299
536.3044434,0.0365902128819131,0.0424003907792427
536.5305176,0.0357276064923845,0.0414212800589645
536.7565918,0.0347708542971227,0.0403353081227461
536.982666,0.0342308169534068,0.0397223328897758
537.2088013,0.0333794679772831,0.038756000018446
537.4348755,0.032609034612972,0.0378815112882276
537.6610107,0.0316352583029701,0.0367762159462848
537.887146,0.0308362278144599,0.0358692677406762
538.1133423,0.0300541955395014,0.0349816135413676
538.3394775,0.0295358157517024,0.0343932209516871
538.5656738,0.0288467871235111,0.03361113154842
538.7919312,0.0282619934929836,0.0329473552076107
539.0181274,0.0276032104802415,0.0321995964175727
539.2443237,0.0269115775116406,0.0314145509295312
539.4705811,0.0263318629304986,0.0307565396187084
539.6968384,0.0257916523623478,0.0301433677654683
539.9231567,0.025086278723285,0.0293427257806743
540.1494141,0.0245137545610802,0.0286928760327035
540.3757324,0.0241012624225121,0.0282246723655324
540.6020508,0.0236921491623788,0.0277603039309054
540.8283691,0.0231614004213102,0.0271578718269206
541.0547485,0.0227403422114261,0.0266799451477732
541.2811279,0.0222608218023459,0.0261356603165662
541.5075073,0.0218089339152696,0.0256227400785858
541.7338867,0.0213053936195536,0.025051191215034
541.9603271,0.0209089306970242,0.0246011816830462
542.1867065,0.020530638521743,0.0241717970544236
542.413147,0.0200676405142821,0.0236462661540321
542.6395874,0.0195117037237237,0.0230152440818093
542.8660889,0.0191406754053063,0.0225941043725523
543.0925903,0.0185033512592406,0.0218707027014307
543.3190918,0.0181621401458802,0.0214834073335493
543.5455933,0.0177010370780135,0.0209600273048572
543.7720947,0.0175399149047246,0.0207771438378939
543.9986572,0.0170530223536618,0.020224491177125
544.2252197,0.0169963513786841,0.0201601661735046
544.4517822,0.0166418366635807,0.0197577704084514
544.6783447,0.0163349508423807,0.0194094363350132
544.9049683,0.0160520243602879,0.019088297568792
545.1315918,0.0156987686914415,0.0186873308978222
545.3582153,0.0156156420658126,0.0185929771215438
545.5848389,0.0155200641396831,0.0184844903618451
545.8115234,0.0153758450448773,0.0183207929170924
546.038147,0.0152242451825932,0.0181487178523156
546.2648315,0.014956002483229,0.0178442460726346
546.4915771,0.0147258490250358,0.0175830078984666
546.7182617,0.0145193000914358,0.0173485622954606
546.9450073,0.0141812343422164,0.0169648371071966
547.1717529,0.0138049538292444,0.0165377358376546
547.3984985,0.0136862515926253,0.0164030015790105
547.6253052,0.0133667760787585,0.0160403774386255
547.8520508,0.0130150389471387,0.0156411343997732
548.0788574,0.0125556577730441,0.0151197088252467
548.3056641,0.0122057896190912,0.0147225871897271
548.5325317,0.0117246598571395,0.0141764756451218
548.7593384,0.0115014717654756,0.0139231435856339
548.9862061,0.0113037616314184,0.0136987305577304
549.2130737,0.0110809715295084,0.0134458502408211
549.4400024,0.0106448747648247,0.0129508538872538
549.6668701,0.0103317114302984,0.0125953944543595
549.8937988,0.00988039890670764,0.0120831272889319
550.1207275,0.00950219748130841,0.0116538456669452
550.3476562,0.00929822707764503,0.0114223268522567
550.574646,0.00913380824998048,0.0112357014820576
550.8016357,0.00884971803763401,0.0109132418112144
551.0286255,0.00859072935434454,0.0106192739026552
551.2556152,0.00825618954225237,0.0102395508674962
551.482605,0.0082341554277142,0.0102145408072671
551.7096558,0.0081250923081171,0.0100907475327437
551.9367065,0.0080799121390914,0.010039465292809
552.1637573,0.00798159136072696,0.00992786522898921
552.3908691,0.00790743760268676,0.0098436962032001
552.6179199,0.00787261043439807,0.00980416524882468
552.8450317,0.0078757427103372,0.00980772057253675
553.0721436,0.00765659542840792,0.00955897507788063
553.2993164,0.00738898001362686,0.00925521530435627
553.5264282,0.00712973604124908,0.00896095762715387
553.7536011,0.00717700149620927,0.0090146067934621
553.9807739,0.00707422891897855,0.00889795366714776
554.2079468,0.00702946409552812,0.0088471428697044
554.4351807,0.00681496765826261,0.00860367636662998
554.6623535,0.00675175958785334,0.00853193136207507
554.8895874,0.00680372778759981,0.00859091842976088
555.1168823,0.00673396961143807,0.00851173865676575
555.3441162,0.00666748220456174,0.00843627140585459
555.5714111,0.00652365681076019,0.00827302083568862
555.7987061,0.00635567305030686,0.00808234904993659
556.026001,0.00621690517529952,0.00792483907122639
556.2532959,0.00594068030467556,0.00761130704164889
556.4806519,0.00597231466242125,0.00764721396185482
556.7080078,0.00587390738229082,0.00753551571326917
556.9353638,0.00594908648062493,0.00762084856265834
557.1627197,0.00578701681946628,0.00743688963933176
557.3900757,0.00558119040757643,0.00720326414241431
557.6174927,0.00540291857907498,0.00700091477365438
557.8449097,0.00526901350314879,0.00684892436768178
558.0723267,0.00504116161147672,0.00659029861150839
558.2998047,0.0048818867729685,0.00640951198188555
558.5272217,0.00467519507291266,0.00617490433026842
558.7546997,0.00443372378623923,0.00590081973236674
558.9822388,0.00430429648307382,0.00575391187083882
559.2097168,0.00424076393458145,0.00568179856392317
559.4372559,0.0041088273538773,0.00553204251976158
559.6647339,0.00403885288366261,0.00545261723986024
559.8922729,0.00399622096964174,0.00540422742435397
560.119873,0.00411045410250686,0.00553388897840337
560.3474121,0.00408278706558879,0.00550248520864968
560.5750122,0.00407335561253739,0.00549177993576679
560.8026123,0.00399527785637276,0.00540315693342866
561.0302124,0.00404179050394937,0.00545595161756691
561.2578735,0.00390102816359575,0.00529617779937502
561.4854736,0.00398862389350396,0.00539560428084429
561.7131348,0.00395462738908908,0.00535701618049091
561.9407959,0.00399505718381739,0.00540290645665589
562.1685181,0.00387822391599652,0.00527029359127811
562.3961792,0.00375236154737372,0.00512743214729373
562.6239014,0.00361717154237082,0.00497398326866305
562.8516235,0.00353908081423266,0.00488534554234595
563.0793457,0.00349671280767382,0.00483725527786129
563.3071289,0.00361242551664955,0.00496859624079167
563.5349121,0.00361398298941341,0.00497036406711217
563.7626953,0.00357018294472124,0.00492064835224225
563.9904785,0.00340246306754095,0.00473027609005586
564.2182617,0.0033274483688681,0.00464512984428184
564.446106,0.00316450912952143,0.00446018389681964
564.6739502,0.00315233909470732,0.00444637016706143
564.9017944,0.00294106581569689,0.00420656214465561
565.1296387,0.00295310609076124,0.00422022858920519
565.3575439,0.00292682780060066,0.00419040113149198
565.5853882,0.00298849569116433,0.00426039793824046
565.8132935,0.00294527971877225,0.00421134518095743
566.0412598,0.00302752376070655,0.00430469717105909
566.269165,0.00312695641654618,0.00441755928344332
566.4971313,0.00320015838209449,0.00450064796686121
566.7250977,0.00312552873543237,0.00441593877854022
566.953064,0.00325900980563903,0.00456744791223096
567.1810303,0.00310336048668531,0.00439077646782525
567.4090576,0.00301509847779053,0.0042905937191797
567.637085,0.00283668818693188,0.00408808718722236
567.8651123,0.00287160621588396,0.00412772127397733
568.0931396,0.00276696895036164,0.00400895161303208
568.321167,0.0026343574658144,0.00385842951195746
568.5492554,0.00250848645235391,0.00371555825555649
568.7773438,0.0026000927119744,0.00381953693219026
569.0054321,0.00238942942131152,0.00358042128366155
569.2335815,0.00227957457263461,0.00345572934847556
569.4616699,0.00216111892670456,0.00332127498526247
569.6898193,0.00209189291059345,0.00324269924629352
569.9179688,0.0020076068196178,0.00314702940632199
570.1461182,0.00205547795142533,0.00320136605269234
570.3743286,0.00188119933143229,0.00300354921847696
570.6025391,0.00213192466511687,0.00328813772261509
570.8307495,0.00208881251848953,0.00323920281389025
571.05896,0.00228716297830228,0.00346434265047428
571.2871704,0.00227514867341455,0.00345070568365481
571.5154419,0.00238114441375774,0.00357101729615118
571.7437134,0.00253098776802479,0.00374109861748885
571.9719849,0.00245406514972052,0.00365378676688367
572.2002563,0.00243736109318671,0.00363482664669104
572.4285889,0.00248645658712645,0.00369055301855346
572.6568604,0.00240485284882926,0.00359792781202648
572.8851929,0.00238932122325283,0.00358029847228378
573.1135864,0.00239170504981644,0.00358300426043008
573.3419189,0.00237921485884572,0.00356882713396057
573.5703125,0.00220284228973876,0.00336863354013613
573.798645,0.00211731888351809,0.00327155927210161
574.0270996,0.00202303027700021,0.00316453596858515
574.2554932,0.0020776072605749,0.00322648416459565
574.4838867,0.00202141222422186,0.00316269938026341
574.7123413,0.00202065079079248,0.00316183510700677
574.9407959,0.00186744585660137,0.00298793818798669
575.1692505,0.00181665010566147,0.00293028192101071
575.3977661,0.00184947417372852,0.00296753923479569
575.6262207,0.00190161542474334,0.00302672272619695
575.8547363,0.00186982968440624,0.0029906439775419
576.083252,0.00196449036504634,0.00309808960781855
576.3118286,0.00191593566171983,0.00304297706619583
576.5403442,0.00187996632464987,0.00300214968078109
576.7689209,0.00189082980825641,0.00301448039544753
576.9974976,0.0018652956604538,0.00298549758457319
577.2260742,0.00192559209132868,0.00305393770115566
577.4546509,0.00181829845065534,0.00293215289283959
577.6832886,0.00194194572587283,0.00307250007107555
577.9119263,0.00202260199246462,0.00316404983958678
578.140564,0.00194676961290023,0.00307797547626531
578.3692017,0.00200877495665115,0.00314835531290696
578.5979004,0.00208401029814145,0.00323375200169941
578.8265381,0.00203806439019799,0.00318160060151682
579.0552368,0.00203613916928986,0.00317941535868424
579.2839966,0.00193126395612715,0.00306037561269395
579.5126953,0.00181918968899208,0.00293316450256149
579.7414551,0.00179676617974686,0.00290771245565484
579.9701538,0.00181430089853136,0.00292761542802716
580.1989136,0.00174926277419714,0.00285379320095412
580.4277344,0.00164625655346091,0.00273687487504963
580.6564941,0.00157105581908584,0.00265151746743794
580.8853149,0.00159444843390941,0.00267806950812202
581.1141357,0.00166042535851444,0.00275295733060508
581.3429565,0.00162842762380348,0.00271663795544112
581.5717773,0.00158108430843024,0.00266290041282822
581.8006592,0.00170010669928043,0.002797998065998
582.029541,0.00167474992313279,0.00276921658274072
582.2584229,0.00178657326471444,0.00289614287710745
582.4873047,0.00169404980044027,0.00279112311740264
582.7161865,0.00170671304322044,0.00280549666820179
582.9451294,0.00163287511776518,0.00272168613160714
583.1740723,0.00167091677301349,0.00276486572420337
583.4030151,0.00157737229544885,0.00265868705231059
583.631958,0.00160186812431215,0.00268649130803292
583.8609619,0.00166393403861637,0.00275693989593677
584.0899658,0.00151980147014091,0.00259334066383197
584.3189697,0.00149637857725467,0.0025667542557051
584.5479736,0.00147068435031865,0.0025375897452775
584.7769775,0.00130765425272649,0.00235254066818019
585.0060425,0.00131333043402611,0.00235898347920984
585.2351074,0.00134982324989229,0.00240040504489897
585.4641724,0.0013174448042263,0.00236365353964424
585.6932373,0.00122997885139069,0.00226437436304608
585.9223022,0.00119796380825273,0.00222803534176469
586.1514282,0.00114914952310481,0.00217262815898557
586.3805542,0.00137796620069158,0.00243234900585537
586.6096802,0.00136323063278636,0.00241562323998982
586.8388062,0.00158289706730464,0.00266495800441199
587.0679932,0.0015499259097142,0.00262753373507122
587.2971802,0.00167311025253304,0.00276735545687679
587.5263672,0.00161618837359919,0.00270274566200502
587.7555542,0.00160158691651813,0.00268617212008219
587.9847412,0.00158533712144044,0.00266772761427279
588.2139893,0.00168558312826392,0.00278151292949588
588.4432373,0.00157602247722955,0.00265715492652878
588.6724854,0.00153526819050346,0.00261089633220905
588.9017334,0.00149345395412056,0.00256343463055725
589.1310425,0.00160461968038417,0.00268961449153847
589.3602905,0.00141553193969556,0.00247498840456662
589.5895996,0.00147519671767517,0.00254271155669257
589.8189087,0.00157289017372531,0.00265359957152865
590.0482788,0.00150775254699787,0.00257966440318706
590.2775879,0.00135669347956968,0.00240820317346556
590.506958,0.00136854337181799,0.00242165352193887
590.7363281,0.00127359283054688,0.00231387888221521
590.9656982,0.00129326477494858,0.00233620773566012
591.1951294,0.0013679420105884,0.0024209709403654
591.4244995,0.0012724420184491,0.00231257264048591
591.6539307,0.00121812461591458,0.00225091908474505
591.8833618,0.00128154900735469,0.00232290962682772
592.112854,0.00117932585947802,0.00220688013624936
592.3422852,0.00127987470997917,0.00232100919746712
592.5717773,0.00106112547108517,0.00207271550586707
592.8012695,0.001103666531272,0.00212100219674551
593.0307617,0.00111122900268989,0.00212958606179327
593.2602539,0.00111847997715757,0.0021378163588557
593.4898071,0.00109818504334712,0.00211478037453844
593.7192993,0.00122505112046107,0.00225878108871099
593.9488525,0.00112150842430326,0.00214125383057181
594.1784058,0.00128696560224362,0.00232905779149185
594.40802,0.00137627025904533,0.00243042400893098
594.6375732,0.00147011758536879,0.00253694643258585
594.8671875,0.00143437322896753,0.00249637441391456
595.0968018,0.00171950175733366,0.00282001263659575
595.326416,0.00155641974609487,0.00263490463435186
595.5560913,0.00155564965503824,0.00263403053416168
595.7857056,0.00154361373467727,0.00262036903246531
596.0153809,0.00154077131713478,0.00261714271566411
596.2450562,0.00150019441730509,0.00257108546626138
596.4747925,0.00144849446447515,0.00251240287514199
596.7044678,0.00144841659208817,0.00251231448524617
596.9342041,0.00130014370278352,0.00234401573716459
597.1639404,0.001301882894764,0.00234598982584905
597.3936768,0.00134730098797592,0.00239754212420693
597.6234131,0.00137062870397254,0.00242402050077493
597.8532104,0.0013966647118967,0.00245357295341294
598.0829468,0.00137495072892187,0.00242892626198024
598.3127441,0.00139507261329192,0.00245176582465689
598.5426025,0.00141922666123285,0.00247918213824344
598.7723999,0.00134849938249961,0.00239890237488385
599.0022583,0.00128694830827362,0.002329038161784
599.2320557,0.00128940134249169,0.00233182250482768
599.4619141,0.00123814267097256,0.00227364079483707
599.6918335,0.00142294732421927,0.00248340531704291
599.9216919,0.0012971758143651,0.00234064700328743
600.1516113,0.00127541856925648,0.00231595120670144
600.3814697,0.00134107535535994,0.00239047565251275
600.6113892,0.00138905032260008,0.00244493015841491
600.8413696,0.00125769780825302,0.00229583706509456
601.0712891,0.00122982309536288,0.00226419757048064
601.3012695,0.00111381184335656,0.00213251774305161
601.53125,0.00104200297325637,0.00205101030770257
601.7612305,9.67109414208E-4,0.00196600156277068
601.9912109,8.42826176297758E-4,0.00182493252819591
602.2211914,8.39161743569353E-4,0.0018207731741595
602.4512329,9.27051676063208E-4,0.00192053359345839
602.6812744,9.13973100805624E-4,0.00190568861503473
602.9113159,0.00111703930029376,0.00213618110298589
603.1413574,0.00116996361840929,0.00219625342317663
603.37146,0.00120941998892439,0.00224103880365093
603.6015625,0.00124803272529845,0.002284866608061
603.831665,0.00109495325176091,0.00211111209451388
604.0617676,0.00114074773585683,0.00216309161941913
604.2918701,0.00117900138248141,0.00220651183512184
604.5220337,0.00103953262062566,0.00204820630720715
604.7521362,9.11065785876387E-4,0.00190238863575217
604.9822998,9.41376252447884E-4,0.00193679285894951
605.2125244,0.00104754937200779,0.00205730580764597
605.442688,0.00102920562414286,0.00203648453805805
605.6729126,0.00116559834223909,0.00219129856920487
605.9030762,0.0013458343541548,0.00239587740561174
606.1333008,0.00131889413065625,0.00236529861329774
606.3635864,0.00123512288569612,0.00227021315486941
606.593811,0.00121824144193897,0.0022510516893887
606.8240967,0.00118900392175315,0.00221786532560122
607.0543213,0.00119457626672533,0.00222419027608337
607.2846069,0.00108619237798816,0.00210116796990035
607.5149536,9.24165997094008E-4,0.00191725817230649
607.7452393,9.99587370490636E-4,0.00200286601862805
607.9755859,0.00109985934298456,0.00211668080646646
608.2058716,8.81992685447544E-4,0.00186938889838973
608.4362183,9.84107675404772E-4,0.00198529562315081
608.666626,7.99657785005805E-4,0.00177593377835565
608.8969727,8.45227302858781E-4,0.00182765795289156
609.1273804,8.757540724208E-4,0.0018623076931398
609.3577881,9.58339894523902E-4,0.00195604762452187
609.5881958,9.81113837570597E-4,0.00198189743510838
609.8186035,0.00117762561047157,0.00220495025020914
610.0490112,0.00114329164538582,0.00216597911146822
610.27948,0.00135563355631076,0.0024070000960967
610.5099487,0.0015428436571975,0.00261949494768569
610.7404175,0.00177728026374091,0.00288559475575432
610.9708862,0.00195743841001752,0.00309008520992461
611.201416,0.00225982044662485,0.0034333072139068
611.4318848,0.00245729698990936,0.00365745510207517
611.6624146,0.00241097035926203,0.00360487155846617
611.8929443,0.00239221127535898,0.00358357885721211
612.1234741,0.00247346025223579,0.00367580138794852
612.3540649,0.00238999185592367,0.00358105968115651
612.5846558,0.00228750478685183,0.00346473062396857
612.8152466,0.00219521494709254,0.0033599760422984
613.0458374,0.00197722714999293,0.00311254663344979
613.2764282,0.00188361344671341,0.00300628938615996
613.507019,0.00178880566946974,0.00289867679229108
613.7376709,0.00164263538725843,0.00273276463115184
613.9683228,0.00165739690882537,0.00274951985600209
614.1989746,0.00151659563438315,0.00258970184525147
614.4296265,0.00162760562424989,0.00271570493594955
614.6603394,0.00151105357462323,0.00258341127032734
614.8909912,0.00152272609046817,0.00259666028579388
615.1217041,0.00142331939777407,0.00248382764315904
615.352417,0.00151392195293542,0.00258666705418122
615.5831909,0.00158107565840949,0.00266289059452852
615.8139038,0.00160443798235693,0.00268940825322574
616.0446777,0.00149705348803867,0.00256752032049649
616.2754517,0.00159851520809003,0.00268268554417917
616.5062256,0.00159000527182665,0.00267302624890208
616.7369995,0.0016007822214767,0.00268525874226447
616.9678345,0.00139825681717072,0.00245538008973901
617.1986084,0.00131588731107306,0.00236188569018056
617.4294434,0.00126635485605845,0.00230566334091996
617.6602783,0.0012612670604468,0.0022998883834348
617.8911133,0.00115236400925424,0.00217627679628677
618.1220093,0.00106604021287598,0.00207829403673955
618.3529053,0.00107625041702758,0.00208988323948881
618.5837402,9.92769043028155E-4,0.00199512680223234
618.8146362,0.00107042281338844,0.00208326855489353
619.0455933,0.00112546272104265,0.00214574219789171
619.2764893,0.00104589669918443,0.00205542992346738
619.5074463,0.00112445900652555,0.00214460292086371
619.7384033,0.0010475536911047,0.00205731071008367
619.9693604,0.00104775270689299,0.00205753660510854
620.2003174,9.35795244850203E-4,0.00193045807586052
620.4312744,0.00106788756708493,0.0020803908961323
620.6622925,0.00102837062674914,0.00203553676522734
620.8933105,0.00105488686690019,0.00206563431065308
621.1243286,0.00117403473502881,0.00220087438816606
621.3553467,0.00107109773780535,0.0020840346351591
621.5864258,9.39498629028387E-4,0.00193466164216166
621.8174438,0.00101888726927158,0.00202477257766366
622.0485229,8.11771605715575E-4,0.00178968370168621
622.2796021,8.15738875594512E-4,0.00179418679430859
622.5106812,6.25309958207942E-4,0.00157803839020729
622.7418213,5.588441464463E-4,0.00150259565106483
622.9729004,4.77318284191305E-4,0.00141005883858257
623.2040405,4.02922254391421E-4,0.00132561481961
623.4351807,3.97012448733256E-4,0.00131890683072317
623.6663208,2.59239620603111E-4,0.00116252629074246
623.897522,2.93893735504116E-4,0.00120186081899685
624.1286621,2.87304696310203E-4,0.00119438185873246
624.3598633,3.87360344984155E-4,0.00130795110587727
624.5910645,2.95109439582416E-4,0.0012032407170711
624.8222656,3.05990230097295E-4,0.00121559107613121
625.0535278,5.13659673648715E-4,0.00145130852608721
625.284729,5.44177794623788E-4,0.00148594844966322
625.5159912,6.91356121525933E-4,0.00165300480284103
625.7472534,6.94414855921797E-4,0.00165647665242831
625.9785156,9.05099772899246E-4,0.00189561684813948
626.2097778,9.35899105056638E-4,0.00193057596351213
626.4411011,0.00102500907165807,0.00203172119573188
626.6724243,0.00106982579821695,0.00208259090636034
626.9036865,0.00109562386294164,0.00211187327899404
627.1350708,0.00118404160999751,0.00221223279992521
627.366394,0.00109231851963235,0.00210812151328998
627.5977173,9.50024654654763E-4,0.00194660932149468
627.8291016,8.9818191926713E-4,0.00188776466348754
628.0604858,7.99666447067382E-4,0.00177594361032241
628.2918701,9.31914518304193E-4,0.00192605321518502
628.5232544,9.03165868741971E-4,0.00189342174929096
628.7546997,8.62922095631961E-4,0.00184774261897755
628.986084,9.41172908884677E-4,0.00193656205163687
629.2175293,8.21034317388986E-4,0.00180019744284136
629.4489746,9.77592187114338E-4,0.00197790014763561
629.6804199,0.00103053381230827,0.00203799211241304
629.9119263,0.00121177786848837,0.00224371514037443
630.1433716,0.00102306219021985,0.00202951136688014
630.3748779,0.00114622059254114,0.00216930364464316
630.6063843,0.00123941031895876,0.00227507965240629
630.8378906,0.00114001660559807,0.00216226174210433
631.069458,0.00112996215550763,0.00215084932968825
631.3009644,0.00100118382820375,0.00200467809523721
631.5325317,0.00110443665131038,0.00212187632983173
631.7640991,0.00117304834026558,0.00219975477011219
631.9956665,0.00106035541069279,0.00207184144048268
632.2272949,0.00109324869856054,0.00210917732295176
632.4588623,0.00101736872823672,0.00202304894122361
632.6904907,9.5155618753316E-4,0.00194834770446738
632.9221191,7.39404637882783E-4,0.00170754279146429
633.1537476,8.02469935561586E-4,0.00177912574028595
633.385376,7.21216628139509E-4,0.00168689829411724
633.6170654,7.17379147481471E-4,0.00168254252015503
633.8486938,7.16704232830215E-4,0.00168177645097407
634.0803833,6.14117661668157E-4,0.00156533445286151
634.3120728,6.03972357459548E-4,0.00155381891549509
634.5437622,6.43346530969761E-4,0.0015985109973692
634.7755127,5.42230923817074E-4,0.00148373863287889
635.0072021,6.37488638476427E-4,0.00159186193308208
635.2389526,6.41421293727277E-4,0.00159632573599614
635.4707031,6.31985511484369E-4,0.00158561554921756
635.7024536,5.23441550476572E-4,0.00146241155127096
635.9342651,6.27533693991751E-4,0.00158056246558097
636.1660156,5.70884382145016E-4,0.00151626205093202
636.3978271,5.6349928986006E-4,0.00150787952198924
636.6296387,6.73574779648881E-4,0.00163282189825778
636.8614502,7.6655683265892E-4,0.00173836218407153
637.0932617,7.98935287611992E-4,0.00177511369986766
637.3251343,9.01374759030688E-4,0.00189138873082414
637.5570068,7.85285633969616E-4,0.00175962051274133
637.7888184,9.37975729827229E-4,0.00193293305893777
638.020752,8.34454665885461E-4,0.00181543035467958
638.2526245,8.28635714374649E-4,0.0018088254907762
638.4844971,6.6228297259462E-4,0.00162000501042533
638.7164307,7.16591727200526E-4,0.0016816487502412
638.9483643,5.79043875394369E-4,0.00152552357207244
639.1802979,5.71624172416176E-4,0.00151710175788764
639.4122314,7.01938359266678E-4,0.00166501628634297
639.644165,7.10664621375481E-4,0.00167492112461267
639.8761597,6.42476916869036E-4,0.00159752393247047
640.1081543,7.09656582828118E-4,0.00167377693954732
640.3400879,5.92784390989809E-4,0.00154111989304219
640.5721436,6.48079559025645E-4,0.00160388327209978
640.8041382,6.39145636205287E-4,0.00159374272629147
641.0361328,6.12793801996408E-4,0.00156383179161011
641.2681885,4.96289352917461E-4,0.00143159215550487
641.5002441,5.67462246058727E-4,0.00151237771832214
641.7322998,6.12724589806872E-4,0.00156375323156515
641.9643555,6.42719218629104E-4,0.00159779895970619
642.1964722,7.22921215272147E-4,0.00168883310419455
642.4285278,7.66422730023152E-4,0.00173820996942312
642.6606445,7.41277946017152E-4,0.00170966911014104
642.8927612,8.16279659741896E-4,0.00179480061720915
643.1248779,6.96863563381442E-4,0.00165925608433801
643.3569946,7.15631293832678E-4,0.00168055859995019
643.5891724,5.23385309462002E-4,0.00146234771429855
643.8213501,4.57728519312736E-4,0.001387823263895
644.0535278,2.48025686012321E-4,0.00114979779289265
644.2857056,2.59503514998707E-4,0.00116282582693287
644.5178833,2.02689800984599E-4,0.00109833880582416
644.750061,3.57782617043208E-4,0.00127437858559455
644.9822998,3.60531560630821E-4,0.0012774988037714
645.2145386,2.80883933486957E-4,0.00118709390238421
645.4467773,1.91825801643053E-4,0.00108600750576711
645.6790161,2.17918140941179E-4,0.00111562389794095
645.9112549,1.3159987855515E-4,0.00101764741981151
646.1435547,2.69680071561952E-4,0.00117437683762274
646.3758545,2.81354190927846E-4,0.0011876276731831
646.6080933,2.8651483313857E-4,0.00119348531598911
646.8404541,2.70142758820966E-4,0.00117490201580474
647.0727539,5.22402386912986E-4,0.00146123203741901
647.3050537,4.83512707369101E-4,0.00141708988566609
647.5374146,4.72542958928387E-4,0.00140463855394928
647.7697754,5.62654476057372E-4,0.00150692060693726
648.0021362,7.59588903129683E-4,0.00173045316023049
648.2344971,8.61597307469674E-4,0.00184623890383291
648.4668579,0.00101174845024176,0.00201666958384508
648.6992798,9.95720280665751E-4,0.00199847663646048
648.9317017,9.97768995383983E-4,0.00200080205227906
649.1641235,8.59654835092379E-4,0.00184403407953351
649.3965454,8.52728957502959E-4,0.00183617278720197
649.6289673,7.46424868299084E-4,0.00171551117999336
649.8613892,8.33264551619983E-4,0.00181407950259938
650.0938721,8.52382399439219E-4,0.00183577942272018
650.326355,9.08587697569239E-4,0.00189957585479347
650.5588379,7.32046425076128E-4,0.00169919077236433
650.7913208,7.30726079333799E-4,0.00169769209963656
651.0238037,6.11808935341596E-4,0.00156271390805224
651.2563477,7.13784590332137E-4,0.00167846247915106
651.4888916,8.04526284501635E-4,0.00178145982141063
651.7214355,9.38405867173645E-4,0.00193342129098912
651.9539795,7.93715198508611E-4,0.00176918858122262
652.1865234,7.83593497774495E-4,0.00175769983523543
652.4190674,7.03897022349983E-4,0.0016672394880785
652.6516724,7.49914285074611E-4,0.00171947188027788
652.8842773,6.55006561029654E-4,0.00161174584071026
653.1168823,7.19774594711751E-4,0.00168526149846484
653.3494873,7.48792070934234E-4,0.00171819809896971
653.5820923,8.18421806612891E-4,0.00179723208420413
653.8147583,8.53595931645063E-4,0.00183715685558709
654.0474243,9.66760097639768E-4,0.0019656050672185
654.2800293,8.60996266270719E-4,0.00184555668551368
654.5127563,8.4562959770725E-4,0.00182811458201422
654.7454224,7.20275993478352E-4,0.00168583061656258
654.9780884,7.06454319147405E-4,0.00167014217549154
655.2108154,6.93592030829501E-4,0.0016555426959001
655.4435425,7.22683315943251E-4,0.00168856307398599
655.6762085,6.28072252935086E-4,0.00158117376273959
655.9089966,6.51807844333395E-4,0.00160811510269759
656.1417236,5.33625130533415E-4,0.00147397053405327
656.3744507,5.41016997298767E-4,0.00148236075244335
656.6072388,4.44400519671154E-4,0.00137269517362422
656.8400269,5.57080053791308E-4,0.00150059329860021
657.0728149,4.82185786114555E-4,0.001415583749332
657.305603,4.44353448088951E-4,0.00137264174451529
657.5384521,2.75505210575018E-4,0.00118098872471753
657.7712402,3.73082655393646E-4,0.00129174505974943
658.0040894,3.31608453459289E-4,0.00124466931787936
658.2369385,3.92247868676255E-4,0.00131349874255217
658.4697876,3.02397426887907E-4,0.00121151302595576
658.7026367,3.12351743721337E-4,0.00122281178103452
658.9354858,1.03414501817434E-4,9.85655302834423E-4
659.168396,1.79966269046497E-4,0.00107254621491217
659.4013062,2.68248068141299E-4,0.00117275142663848
659.6342163,2.3031440015927E-4,0.00112969440615781
659.8671265,3.57945962146512E-5,9.08902596984335E-4
660.1000366,2.47612633741063E-5,8.96379093106187E-4
660.3330078,1.63939263649952E-5,8.86881656656314E-4
660.565918,-1.17922434977681E-5,8.54888639434056E-4
660.7988892,-1.96978967256329E-5,8.45915242157883E-4
661.0318604,-1.04741088363614E-4,7.49386046883851E-4
661.2648315,-1.64107352855874E-4,6.82001725723167E-4
661.4978638,-2.49492325330899E-4,5.85084588410221E-4
661.730835,-2.88260806971797E-4,5.41080003649073E-4
661.9638672,-4.36819243268039E-4,3.72457142363606E-4
662.1968994,-4.70409074409778E-4,3.343306409112E-4
662.4299316,-4.71983867887942E-4,3.32543154526433E-4
662.6629639,-5.28602897260483E-4,2.68277112327621E-4
662.8960571,-4.45160460877584E-4,3.62989353020955E-4
663.1290894,-3.15023652112348E-4,5.10702546560467E-4
663.3621826,-1.3250764509171E-4,7.17869316092472E-4
663.5952759,-9.60061728122705E-5,7.59300707337178E-4
663.8283691,1.78842937075749E-4,0.00107127116479853
664.0614624,2.0383196808058E-4,0.00109963523495058
664.2946167,3.02563750908734E-4,0.00121170181383608
664.52771,3.15365432963034E-4,0.00122623250163195
664.7608643,5.85481510003111E-4,0.00153283067892345
664.9940186,6.85294884716754E-4,0.00164612493038697
665.2271729,7.57086445410958E-4,0.00172761271850737
665.4603882,7.37648124372301E-4,0.00170554904178969
665.6935425,9.67390641705567E-4,0.00196632077308612
665.9267578,0.00101434026646142,0.00201961145290201
666.1599731,9.23672808551132E-4,0.00191669837331206
666.3931885,8.52737865431722E-4,0.00183618289824294
666.6264038,9.28198177506601E-4,0.00192183494233277
666.8596191,8.79362265227239E-4,0.00186640321144398
667.0928955,7.7433563244064E-4,0.00174719159497045
667.3261108,8.29449084623722E-4,0.00180974871548227
667.5593872,7.03050248705181E-4,0.00166627834848652
667.7926636,7.48451036733789E-4,0.00171781100440875
668.0259399,6.30912581323326E-4,0.00158439770822364
668.2592773,5.65346647871239E-4,0.00150997638569776
668.4925537,5.05612646817722E-4,0.00144217466117242
668.7258911,4.66294723637191E-4,0.00139754642684392
668.9592285,5.17445235068717E-4,0.00145560536855626
669.1925659,4.50858276219258E-4,0.00138002512010033
669.4259033,5.57208772907616E-4,0.00150073940262658
669.6593018,4.86208931630311E-4,0.00142015026420081
669.8926392,5.40193206982475E-4,0.00148142570032719
670.1260376,5.55015300754679E-4,0.00149824967831472
670.359436,5.78182942292794E-4,0.00152454636063576
670.5928345,5.25016345322234E-4,0.00146419903920792
670.8262329,3.51062198502997E-4,0.00126675050178094
671.0596924,2.59166058313507E-4,0.00116244279306932
671.2930908,2.88118039203865E-4,0.00119530505238847
671.5265503,2.70077131275594E-4,0.00117482752454894
671.7600098,2.41397714190706E-4,0.00114227464172773
671.9934692,2.05458671502821E-4,0.00110148164227931
672.2269287,2.13163917707266E-4,0.00111022756539411
672.4604492,1.55433013730029E-4,0.00104469947788903
672.6939697,1.38227094447768E-4,0.00102516971295104
672.9274292,2.94356647154686E-4,0.00120238625187692
673.1609497,1.79946147464812E-4,0.00107252337569306
673.3944702,1.25758531240271E-4,0.00101101713530829
673.6280518,8.968104390286E-5,9.70066992761738E-4
673.8615723,1.30880937257662E-4,0.00101683137770915
674.0951538,1.52979915049276E-5,8.85637703929734E-4
674.3287354,5.02289922782609E-5,9.25286514490844E-4
674.5622559,1.22708440455208E-4,0.00100755509674502
674.7958984,1.47892159234145E-4,0.00103614014936259
675.02948,2.20709067634512E-4,0.00111879176949642
675.2630615,2.82883137481913E-4,0.00118936312052037
675.4967041,2.52676514843092E-4,0.00115507676650294
675.7303467,1.45032433389237E-4,0.00103289418658537
675.9639893,1.94482691823324E-4,0.00108902323772746
676.1976318,1.3890631679001E-4,0.00102594067162328
676.4312744,1.91571058249507E-4,0.00108571835652063
676.664978,2.9396727100999E-4,0.00120194428626882
676.8986206,3.32644902207961E-4,0.00124584575025126
677.1323242,3.49946006347826E-4,0.00126548355579226
677.3660278,3.49361953190957E-4,0.0012648206199341
677.5997314,3.22707272425565E-4,0.00123456593599041
677.8334961,2.39580659300464E-4,0.00114021217390467
678.0671997,3.42989233221507E-4,0.00125758719514712
678.3009644,3.43646841881797E-4,0.0012583336209757
678.534668,3.32696830832251E-4,0.00124590469239839
678.7684326,2.18026750978106E-4,0.00111574717693908
679.0021973,2.49617808209333E-4,0.00115160494842733
679.2360229,3.04320259385295E-4,0.00121369555779687
679.4697876,3.32428596414705E-4,0.00124560023001908
679.7036133,2.5356344036228E-4,0.0011560834809146
679.937439,3.67199522812638E-4,0.00128506734642756
680.1712646,3.18692410043942E-4,0.00123000882298266
680.4050903,4.13716501713797E-4,0.00133786694688261
680.638916,3.92530332910358E-4,0.00131381935663881
680.8727417,3.8571632049544E-4,0.00130608503808454
681.1066284,3.6384226078456E-4,0.00128125664981972
681.3405151,3.91444413887266E-4,0.00131258677249641
681.5744019,5.2682044485287E-4,0.00146624680190982
681.8082886,4.15170160683208E-4,0.00133951693823192
682.0421753,4.13089183018319E-4,0.00133715490200649
682.276123,3.42028776138551E-4,0.00125649701793802
682.5100098,2.98042707723614E-4,0.00120657015482784
682.7439575,1.91588378055111E-4,0.00108573801555347
682.9779053,1.64527015298416E-4,0.00105502172281316
683.211853,8.51297172004638E-5,9.64900960119387E-4
683.4458008,-1.21440848119033E-5,8.54489278141712E-4
683.6798096,-9.27570861010821E-5,7.62988618380564E-4
683.9137573,-1.36180728211807E-4,7.13700143335329E-4
684.1477661,-2.45343358478338E-4,5.8979391814941E-4
684.3817749,-5.19595464046183E-5,8.0929630745254E-4
684.6157837,1.40520007123479E-5,8.84223428592579E-4
684.8497925,2.82986922694687E-5,9.00394290067068E-4
685.0838623,2.43054662969662E-5,8.95861735699707E-4
685.3178711,7.19602817072464E-5,9.49952849801691E-4
685.5519409,1.62502268750744E-4,0.00105272351232604
685.7860107,1.38638085150454E-4,0.00102563621239716
686.0200806,2.49102946813739E-4,0.00115102054942681
686.2541504,3.50629556926667E-4,0.00126625942727632
686.4882202,4.36075099803768E-4,0.00136324531567982
686.7223511,5.01459328175285E-4,0.00143746039188702
686.9564209,4.46436724706705E-4,0.00137500639019205
687.1905518,4.78633472327672E-4,0.00141155165711386
687.4246826,3.41743227603227E-4,0.00125617290298189
687.6588135,4.21175131648019E-4,0.00134633294553024
687.8930054,4.49032541640599E-4,0.00137795280030298
688.1271362,4.97245457893507E-4,0.00143267739280791
688.3613281,4.80896156602647E-4,0.00141411994139407
688.59552,5.74946820546628E-4,0.00152087316561627
688.8297119,6.60972094492232E-4,0.00161851708404476
689.0639038,6.93337568601449E-4,0.00165525386579355
689.2980957,7.16050941589604E-4,0.00168103492567944
689.5323486,8.38491158283942E-4,0.00182001201907211
689.7665405,8.29111618504077E-4,0.00180936567091005
690.0007935,9.04147947141662E-4,0.00189453646800968
690.2350464,8.39594381996425E-4,0.00182126424508953
690.4692993,7.62187211966416E-4,0.0017334023988027
690.7035522,7.78242321248717E-4,0.00175162592439255
690.9378662,8.47602467114524E-4,0.00183035390879155
691.1721191,7.80388192443615E-4,0.0017540616187217
691.4064331,7.79644058112862E-4,0.00175321698099421
691.6407471,7.73163175976292E-4,0.00174586078556858
691.875061,7.09708507410446E-4,0.00167383587710658
692.109375,6.63079038498688E-4,0.00162090859364727
692.343689,5.09290042100514E-4,0.00144634872849651
692.578064,3.92063084515364E-4,0.00131328900129004
692.812439,3.66446729781828E-4,0.00128421288054884
693.0467529,1.34043506876949E-4,0.00102042108659081
693.2811279,1.53252525463432E-4,0.00104222449107792
693.515564,4.94675605975866E-5,9.24422243219082E-4
693.749939,-3.72499390804633E-6,8.6404545841006E-4
693.984314,6.48347777806397E-5,9.41864969435144E-4
694.21875,6.64960902097789E-6,8.75821263771286E-4
694.453186,2.93413488458378E-5,9.0157776870099E-4
694.6876221,-4.32710315245206E-8,8.6822443781626E-4
694.9220581,6.49385999720012E-6,8.7564447915584E-4
695.1564941,1.11035940489596E-4,9.94306099302481E-4
695.3909302,2.25584882296466E-4,0.00112432611570989
695.6254272,4.09705961930891E-4,0.00133331474028733
695.8599243,6.00359841299809E-4,0.00154971848992194
696.0944214,6.64986956330717E-4,0.00162307419643602
696.3289185,7.3439036881519E-4,0.0017018512910789
696.5634155,7.81335664839092E-4,0.00175513705752072
696.7979126,8.56289795991536E-4,0.00184021455547504
697.0324707,8.45305176037275E-4,0.0018277463436858
697.2669678,7.91775167983614E-4,0.0017669865285741
697.5015259,7.73965388370712E-4,0.00174677134543093
697.736084,7.38826054558217E-4,0.00170688606419849
697.9706421,6.86357166546969E-4,0.00164733068487771
698.2052612,6.1655872434585E-4,0.0015681052074787
698.4398193,5.29430727949531E-4,0.00146920963199539
698.6744385,4.24973177356236E-4,0.00135064395842577
698.9089966,3.03186072571293E-4,0.00121240818677589
699.1436157,1.6406941359115E-4,0.00105450231704172
699.3782349,7.62320041403086E-6,8.76926349221244E-4
699.612854,-1.66152566954736E-4,6.79680283320504E-4
699.8475342,-3.57257888518703E-4,4.62764119335472E-4
700.0821533,-5.65692764276093E-4,2.26177857268163E-4
