400.1708374,-4.46518222940957E-4,2.4214000388528E-4
400.3862915,-1.43854138802872E-4,5.60076183656019E-4
400.6017761,1.356315331133E-4,8.53664394106338E-4
400.8172913,3.91938792807558E-4,0.00112290463523624
401.0328369,6.25067640279902E-4,0.00136779690704572
401.2483826,8.35018075530332E-4,0.00158834120953479
401.4639587,0.00102179009855885,0.00178453754270343
401.6795349,0.00118538370936545,0.00195638590655166
401.8951416,0.00132579890795014,0.00210388630107947
402.1107788,0.00144303569431292,0.00222703872628686
402.326416,0.00153709406845378,0.00232584318217383
402.5420837,0.00160797403037272,0.00240029966874039
402.7577515,0.00165567558006976,0.00245040818598652
402.9734802,0.00167269100441055,0.00246828218985948
403.1891785,0.00162247219860783,0.00241552939854288
403.4049377,0.00147408479136943,0.00225965452651169
403.620697,0.00142154907080473,0.00220446791147143
403.8364868,0.00135193695339563,0.00213134324344936
404.0522766,0.00120797434752582,0.00198011644338012
404.2680969,0.00112440409016215,0.00189232932306709
404.4839478,0.00127249970905316,0.00204789768343293
404.6997986,0.00133713394028549,0.00211579328663589
404.9156799,0.00144427406934321,0.00222833958835438
405.1315918,0.00181971092181519,0.00262272057002921
405.3475037,0.001601828992643,0.00239384455918915
405.563446,0.00147903659267917,0.00226485619025018
405.7793884,0.00140965964925624,0.00219197856283406
405.9953613,0.0016715674052412,0.00246710189511617
406.2113647,0.00143413972522185,0.00221769387641401
406.4273682,0.00130903475634427,0.00208627624888631
406.6434021,0.00125747892370507,0.00203211896583475
406.8594666,0.00146894577751413,0.00225425620368922
407.075531,0.00125972616044749,0.0020344795956629
407.291626,0.00121064403745492,0.00198292084291648
407.5077515,0.00100728204553317,0.00176929742933474
407.723877,8.53629303125007E-4,0.00160789153913252
407.940033,9.83289724476012E-4,0.00174409448223757
408.156189,8.44810203124099E-4,0.00159862743707928
408.3723755,6.80574544444456E-4,0.00142610462833097
408.5885925,6.33800634788775E-4,0.00137697055881883
408.8048096,5.12454132358195E-4,0.00124950104580679
409.0210571,4.64639351336195E-4,0.001199273583708
409.2373352,3.23982274174388E-4,0.00105151910567704
409.4536133,2.42833459626437E-4,9.66275611511639E-4
409.6699219,6.84681436248418E-4,0.00143041874936255
409.8862305,7.812952546332E-4,0.00153190759438953
410.1025696,7.14026193642157E-4,0.00146124421082632
410.3189392,8.24341206846785E-4,0.00157712559784162
410.5353088,8.93352323221175E-4,0.0016496189389801
410.751709,0.00121992915726777,0.00199267447962703
410.9681396,0.00133235638780045,0.00211077466412548
411.1845703,0.0013751061691167,0.00215568155222365
411.4010315,0.00113117194852812,0.00189943868009646
411.6174927,0.00134019993809861,0.00211901399131469
411.8340149,0.00152842790834884,0.00231673973719491
412.0505066,0.00142594774630746,0.00220908853928517
412.2670593,0.0014765018942852,0.00226219359377282
412.4836121,0.00145551025015353,0.00224014273444692
412.7001648,0.00119618940763071,0.00196773684842504
412.9167786,0.00124050268230596,0.00201428612203146
413.1333618,0.00126398111347867,0.0020389492489278
413.3500061,0.00137638656976093,0.0021570265604712
413.5666504,0.00122290368570681,0.00199579909948808
413.7833252,0.0013685734932314,0.00214881924472335
414,0.00135081769776428,0.00213016751141418
414.2167053,0.00133465587445668,0.00211319018034042
414.4334412,0.00141901876081908,0.00220180992483662
414.650177,0.00153920244958791,0.00232805794989296
414.8669434,0.00169036406077661,0.00248684700914387
415.0837097,0.00146683790169903,0.00225204196678698
415.3005371,0.0014982948830319,0.00228508623267856
415.517334,0.00164553688180736,0.00243975790019997
415.7341919,0.00180836583054676,0.00261080301797705
415.9510498,0.00202994525402476,0.00284356309460464
416.1679077,0.00195393546410604,0.00276371793457927
416.3847961,0.00211179523591672,0.00292954313624434
416.6017151,0.00217682578188592,0.00299785505178837
416.8186646,0.00212959458220308,0.00294824061789901
417.035614,0.00213490346528198,0.00295381738135861
417.252594,0.0019190118195444,0.00272703208145858
417.469574,0.00180836582961257,0.00261080301699572
417.6865845,0.00125777506364673,0.00203243004867102
417.903595,9.50029734273942E-4,0.00170915622963924
418.1206665,7.36128389476222E-4,0.00148446165906779
418.3377075,6.96784306304397E-4,0.00144313231688351
418.5548096,0.00112019271233676,0.00188790544376477
418.7719116,0.00115499006436948,0.00192445863177492
418.9890442,0.00141285628628094,0.00219533649863486
419.2061768,0.00139022712119851,0.00217156549085838
419.4233398,0.00149541615582954,0.00228206224807885
419.6405029,0.00158030165562441,0.00237123097650451
419.8577271,0.00157210533452936,0.00236262107809335
420.0749207,0.00158014052049471,0.00237106171067402
420.2921753,0.00154801720456955,0.00233731748768204
420.5094299,0.00172312757705602,0.00252126373629336
420.7266846,0.00196485810509544,0.00277519171997759
420.9439697,0.002089967420811,0.00290661391367992
421.1612854,0.00236706146580935,0.00319768981835781
421.3786316,0.00235512845340421,0.00318515467931728
421.5959778,0.00254551656225451,0.00338514956200717
421.8133545,0.00255068172127374,0.00339057534924967
422.0307312,0.00231242656885979,0.00314029810480918
422.2481384,0.00200994220913235,0.00282255071814448
422.4655457,0.00158861119074891,0.00237995980160009
422.6829834,0.00127329232545795,0.00204873029438669
422.9004517,9.32064889058532E-4,0.00169028489816222
423.1179504,0.00109653572482957,0.00186305475077838
423.3354492,9.00237739916604E-4,0.00165685178620249
423.552948,0.001176626265264,0.00194718657148652
423.7704773,0.0015643706606258,0.00235449612108145
423.9880371,0.00154789091424751,0.00233718482488975
424.2056274,0.00181242481646223,0.00261506681584187
424.4232178,0.00174613564123059,0.00254543276199198
424.6408081,0.00191075889937436,0.00271836272804558
424.8584595,0.00182950991511333,0.00263301400971394
425.0761108,0.00194356160608165,0.00275282062312869
425.2937622,0.00207924078366566,0.00289534602226331
425.5114441,0.00217044990085094,0.00299115745083348
425.7291565,0.00223393437769122,0.00305784528430675
425.9468689,0.00223102950649411,0.00305479383651517
426.1646118,0.00213402807599694,0.00295289782089643
426.3823853,0.00213971150885494,0.00295886803350359
426.6001587,0.00203334658414407,0.00284713605208769
426.8179626,0.00199265241204225,0.00280438849697611
427.0357666,0.00190316791166272,0.00271038870747225
427.2536011,0.0016078085271379,0.002400125814395
427.4714661,0.00104042007615779,0.00180410756840995
427.6893311,0.00112217427287388,0.00188998699165952
427.9072266,9.98837488237523E-4,0.00176042676899829
428.1251221,9.49502777798093E-4,0.00170860268352123
428.3430481,0.00117541555414966,0.00194591476922562
428.5610046,9.85349733465123E-4,0.00174625843700662
428.7789612,0.00126074528751137,0.0020355501467536
428.9969482,0.00171029309009708,0.00250778163528801
429.2149658,0.00176917421371851,0.00256963383541977
429.4329834,0.00184171732398829,0.00264583739096731
429.651001,0.00163360825986804,0.00242722737316331
429.8690796,0.00163963138223374,0.00243355441563582
430.0871277,0.00144681312035032,0.00223100675707293
430.3052368,0.0014385035571909,0.00222227790252783
430.5233459,0.00150149590432949,0.00228844877397783
430.7414856,0.00140577052010238,0.00218789319251555
430.9596252,0.0012417613279927,0.00201560827759037
431.1777954,0.00106204324401142,0.0018268218174478
431.3959961,8.83152636628619E-4,0.00163890458745956
431.6141968,5.43554013803382E-4,0.00128217019294449
431.8323975,6.88034865011594E-4,0.00143394138843991
432.0506592,8.09660093741353E-4,0.00156170369197256
432.2689209,7.95174980368194E-4,0.00154648767576593
432.4871826,8.26200795434474E-4,0.001579079019217
432.7054749,6.77417073136986E-4,0.00142278783450626
432.9237976,7.29634891821044E-4,0.00147764050668786
433.1421509,9.09231026946957E-4,0.00166629886457042
433.3604736,0.0011679944029628,0.00193811915494066
433.5788574,0.00150988816776317,0.00229726450176176
433.7972412,0.00166719047972002,0.00246250411476404
434.0156555,0.00174523408818147,0.00254448571757105
434.2340698,0.00210003641493007,0.002917190978129
434.4525146,0.00207019083982688,0.00288583942824693
434.67099,0.002155542342069,0.002975497673089
434.8894653,0.00218855845589556,0.00301017974357907
435.1079712,0.00223025430511822,0.00305397951933345
435.3264771,0.00256967872886441,0.0034105309248762
435.5450134,0.00290615908966798,0.00376398971330966
435.7635803,0.00302227075649938,0.00388596024669592
435.9821472,0.00308492341450717,0.00395177428867651
436.2007446,0.00308184435070788,0.0039485398587163
436.419342,0.00301461448353339,0.00387791764664637
436.63797,0.00309765776958325,0.00396515120525471
436.8565979,0.00320857377519677,0.00408166391009254
437.0752869,0.00355600723917416,0.00444662848319693
437.2939453,0.00336861109030131,0.0042497765314827
437.5126648,0.00340964496697436,0.00429288093228322
437.7313843,0.00349038004593417,0.00437768981421934
437.9501038,0.00335183955724338,0.00423215872537755
438.1688538,0.00326273830249333,0.00413856151965463
438.3876343,0.00342144295174116,0.00430527423033982
438.6064148,0.00326255536767293,0.0041383693541451
438.8252258,0.00325691984431187,0.00413244946849521
439.0440674,0.0031449498935179,0.00401482963756637
439.2629089,0.00273030397650213,0.00357926114522626
439.481781,0.0026962295798447,0.0035434673921217
439.7006531,0.0024932377852088,0.00333023285557226
439.9195557,0.00247261631029993,0.00330857084379959
440.1384583,0.00256315475249684,0.00340367775586169
440.3574219,0.00256931724226348,0.00341015119806037
440.576355,0.00267285133568876,0.00351890950756842
440.7953491,0.00273223765527662,0.0035812923952975
441.0143127,0.00249545019283539,0.00333255689884584
441.2333374,0.00266539540206572,0.00351107735576395
441.4523621,0.00274162728908512,0.00359115581966455
441.6714172,0.00261282484222171,0.00345585414349278
441.8904724,0.00272030466779488,0.00356875728243797
442.1095581,0.00283679521926534,0.003691125818564
442.3286438,0.00280053019254534,0.00365303089862173
442.54776,0.00274168390428706,0.00359121529160709
442.7669067,0.00299291292426769,0.00385512105065232
442.9860535,0.00316116834047083,0.00403186644945211
443.2052307,0.00316563668152041,0.00403656025805931
443.424408,0.0031864192759036,0.00405839151921714
443.6436157,0.00328780629989073,0.00416489442053293
443.862854,0.00339666233865745,0.00427924321487048
444.0820923,0.00330631118271334,0.00418433303931877
444.3013611,0.00323002266607886,0.00410419508833522
444.5206299,0.00298884960297855,0.00385085269865565
444.7399292,0.00345282588524039,0.0043382407120258
444.9592285,0.00342638165862319,0.00431046213892022
445.1785889,0.00362534062948541,0.00451946035985942
445.3979187,0.00371344020544638,0.00461200534318712
445.6172791,0.00360953157408174,0.00450285359696867
445.8366699,0.00363120697205256,0.00452562271159778
446.0560913,0.00354907390349527,0.00443934529905205
446.2755127,0.00343336727112676,0.00431780023772064
446.4949341,0.00374964426721838,0.0046500362219574
446.7144165,0.00334412232993813,0.00422405209530004
446.9338989,0.00320515069198971,0.00407806810188494
447.1533813,0.00351901494049981,0.00440776959396018
447.3728943,0.0035984086301344,0.00449116940154624
447.5924072,0.00355535832353292,0.00444594682398864
447.8119812,0.00365256877657014,0.0045480624091941
448.0315247,0.0036854063172509,0.00458255689593453
448.2511292,0.00368247097171837,0.00457947343610621
448.4707336,0.00365350075481509,0.00454904141403266
448.6903381,0.00354753650191379,0.00443773032188361
448.9099731,0.00334483213017196,0.00422479771127026
449.1296387,0.00339999398989863,0.00428274297755611
449.3493042,0.0029901691798156,0.00385223885988346
449.5690002,0.0033001007769189,0.00417780926330243
449.7886963,0.00347272004566415,0.00435913870982719
450.0084229,0.003561233359823,0.00445211830812559
450.2281799,0.0030716925726293,0.00393787583312048
450.447937,0.00312958943308847,0.00399869410525716
450.6677246,0.00304128516823259,0.00390593410465882
450.8875122,0.00280781629807266,0.00366068465299222
451.1073303,0.0027952430961911,0.00364747702122087
451.3271484,0.00272276966138908,0.0035713466568883
451.5470276,0.0029479899747636,0.00380793133869809
451.7668762,0.00301326006154383,0.00387649488201809
451.9867554,0.00279498617795301,0.00364720713917204
452.206665,0.00308960952930971,0.00395669685965988
452.4266052,0.0031541958458056,0.00402454213040167
452.6465454,0.00305499943516898,0.00392034037836827
452.8664856,0.00299295213443629,0.00385516223932274
453.0864563,0.00299607909853128,0.00385844698657471
453.3064575,0.00291834033831329,0.00377678561431706
453.5264587,0.00222092998382772,0.00304418470308196
453.7464905,0.00241292948918414,0.00324587229156715
453.9665527,0.00263538864957209,0.00347955649565819
454.186615,0.00275471439168736,0.00360490328301975
454.4066772,0.0030448868449254,0.00390971751798235
454.62677,0.00303856758516644,0.00390307939535057
454.8468933,0.0033752003879874,0.00425669831785736
455.0670471,0.00325435037044678,0.00412975034181484
455.2871704,0.00339694547462427,0.00427954063756568
455.5073547,0.00345447216247007,0.00433997005858748
455.7275391,0.00363696445055297,0.00453167070610873
455.9477539,0.00362414735139084,0.00451820687026923
456.1679688,0.00347907854047857,0.00436581804727202
456.3882141,0.00381116024374137,0.00471465622676003
456.6084595,0.00386300785183258,0.00476912000793087
456.8287354,0.00393012449598775,0.00483962328387289
457.0490417,0.00373118729954369,0.00463064793606496
457.2693481,0.00384403262843386,0.00474918731570256
457.4896545,0.00373545967282806,0.0046351358885898
457.710022,0.00360869976317221,0.00450197981379873
457.9303589,0.00355559786926323,0.00444619845693211
458.1507568,0.00335409987192043,0.00423453309303846
458.3711548,0.0032921396805697,0.00416944645881818
458.5915527,0.00296163888309009,0.00382226895587432
458.8119812,0.0026572905332126,0.00350256352417391
459.0324402,0.0033246723856926,0.00420362072833495
459.2528992,0.00327428373519927,0.00415068952215211
459.4733887,0.00301753678042412,0.00388098739941283
459.6939087,0.00301326440774499,0.00387649944752377
459.9144287,0.00294518528421813,0.00380498512656326
460.1349487,0.0027998769394217,0.00365234468306648
460.3554993,0.00292418491879301,0.00378292510587707
460.5760803,0.00300747209455542,0.00387041486060368
460.7966614,0.00264996523570446,0.0034948686002385
461.0172729,0.0024996790133893,0.00333699910101751
461.237915,0.00241419685373055,0.00324720360592978
461.4585571,0.0024347355641748,0.0032687786770343
461.6791992,0.00260969351185152,0.00345256480964819
461.8998718,0.00269089459201693,0.00353786320669641
462.120575,0.00258439031567857,0.00342598484212371
462.3412781,0.00284606726377693,0.00370086572020801
462.5620117,0.00309203533245171,0.00395924506615104
462.7827454,0.00321411784932676,0.00408748773208409
463.0035095,0.00341015889282879,0.00429342079026904
463.2243042,0.00360325587467903,0.00449626123270065
463.4450989,0.00370571861271633,0.0046038941274103
463.6659241,0.0038243649420543,0.00472852721957569
463.8867493,0.00391755128609333,0.00482641564368436
464.107605,0.00403128505970338,0.00494588829798183
464.3284607,0.00397633660897044,0.00488816720907197
464.5493469,0.00387300284993971,0.00477961934261092
464.7702332,0.00375675616903787,0.00465750698249324
464.9911499,0.00372411458772773,0.00462321834301698
465.2120972,0.00354500622123169,0.00443507236603099
465.4330444,0.00355092045743188,0.00444128502806226
465.6540222,0.00346125738349739,0.00434709765437894
465.875,0.00311306175739382,0.00398133246128868
466.0960083,0.00308164396154282,0.00394832935813514
466.3170471,0.00315456597804128,0.00402493093910145
466.5380859,0.0032514323880097,0.00412668512120459
466.7591248,0.00294839928224101,0.00380836129937905
466.9802246,0.00295166126532429,0.00381178787852844
467.2012939,0.00288147428347057,0.00373805933903636
467.4224243,0.00284354560705704,0.00369821682347321
467.6435242,0.00298909348036448,0.0038511088818253
467.8646851,0.00284917242063463,0.00370412755985356
468.0858459,0.00295418288840023,0.00381443673992166
468.3070068,0.00297483048762284,0.00383612619421211
468.5281982,0.00309225304002188,0.00395947375900492
468.7494202,0.00310489595373357,0.0039727546201884
468.9706421,0.00311056196882187,0.00397870653614444
469.1918945,0.00288309879922845,0.00373976582606638
469.413147,0.00274785513047501,0.00359769791105726
469.6344299,0.00270941255910091,0.00355731556996101
469.8557434,0.00294241980426613,0.00380208010354516
470.0770569,0.00298398499434381,0.00384574262723831
470.2983704,0.00311647187628854,0.00398491465101906
470.5197144,0.00325306127951888,0.0041283962047815
470.7410889,0.00338542186129279,0.00426743555542421
470.9624634,0.00368651257816412,0.00458371897755245
471.1838684,0.00376656826752286,0.00466781418863808
471.405304,0.00397931552811078,0.00489129644118429
471.6267395,0.00405566502705975,0.00497149845158262
471.848175,0.00421207018548758,0.00513579564167899
472.0696411,0.0041851599396863,0.00510752753457565
472.2911377,0.00441364222912369,0.00534753878816019
472.5126343,0.00437196379036108,0.00530375730137847
472.7341614,0.00440902144186746,0.00534268484107901
472.9556885,0.00438871790322118,0.00532135680828183
473.1772461,0.00446363018403036,0.00540004908009931
473.3988037,0.0045328547053033,0.00547276659431199
473.6203918,0.00470276072955925,0.00565124588902514
473.8420105,0.00468194328484591,0.00562937801902797
474.0636292,0.00444411058811403,0.00537954454691699
474.2852478,0.00438410148638215,0.00531650745214428
474.506897,0.00419292074826282,0.00511567994498727
474.7285767,0.00429402903081944,0.00522189003988762
474.9502563,0.00452854749090456,0.00546824204262859
475.1719666,0.00451918836462002,0.00545841066516148
475.3937073,0.00451985905278302,0.00545911519550894
475.615448,0.00448127274190504,0.00541858186197211
475.8371887,0.00462112412206205,0.00556548998841666
476.05896,0.00494426478743896,0.00590493597511536
476.2807617,0.00519670019491133,0.00617010899463365
476.5025635,0.00513745324236812,0.00610787250625648
476.7243958,0.00524997628357913,0.00622607333593435
476.946228,0.00569269961730512,0.0066911360004426
477.1680908,0.005815914444623,0.00682056811195367
477.3899536,0.00597231089523382,0.00698485615484621
477.6118469,0.00596677557534377,0.00697904152882389
477.8337708,0.00601901078196387,0.00703391246631759
478.0556946,0.00634670689850396,0.00737814376721727
478.2776184,0.00670012430772812,0.00774939422884104
478.4995728,0.00687984241293913,0.00793818071128458
478.7215576,0.00691548029288889,0.00797561683932277
478.9435425,0.00707605331160097,0.00814429219533324
479.1655579,0.00723917841446918,0.0083156484108496
479.3875732,0.00729910041451382,0.00837859400888006
479.6096191,0.00741421909307266,0.00849952144890151
479.8316956,0.0075127491240485,0.00860302319649195
480.053772,0.00774637476184116,0.008848437326113
480.2758484,0.00811732148656966,0.00923810161315421
480.4979553,0.00805602327136502,0.00917371035766571
480.7200928,0.00861630851021392,0.00976226697127527
480.9422302,0.00907394376288348,0.0102429939936986
481.1643982,0.00958459381919787,0.0107794108882457
481.3865662,0.0100429738114182,0.0112609202289555
481.6087646,0.0103572605023378,0.011591065479418
481.8309631,0.0108295550471942,0.0120871914857323
482.0531921,0.0109410066821758,0.012204266847205
482.2754517,0.0112341449937762,0.0125121965944695
482.4977112,0.0113272355682373,0.012609984416573
482.7199707,0.0115733038121644,0.0128684689925011
482.9422607,0.0118470879544443,0.0131560679804224
483.1645813,0.0123778150009368,0.013713574927913
483.3869019,0.0130039190642827,0.0143712715112588
483.6092529,0.0133268376699733,0.0147104842333846
483.831604,0.0135824871144443,0.014979033466661
484.0539856,0.0142063613826313,0.0156343877418454
484.2763672,0.0149296977434922,0.0163942228571227
484.4987793,0.0155178426491047,0.0170120449055319
484.7212219,0.0158305048870667,0.0173404837349334
484.9436646,0.0164876391031498,0.0180307762182753
485.1661072,0.0172673436365913,0.0188498237819077
485.3885803,0.0178216797762957,0.019432131111396
485.611084,0.0184058223180638,0.0200457488410986
485.8335876,0.0190319438158319,0.0207034637385884
486.0561218,0.019875315832829,0.0215893913767262
486.278656,0.0204132550045759,0.0221544743653513
486.5012207,0.0211005614406531,0.0228764615256071
486.7237854,0.0217180467011034,0.0235251044107758
486.9463806,0.0225373130402937,0.0243857100252104
487.1690063,0.0232237835068116,0.0251068190338054
487.3916321,0.0235268165746783,0.0254251428158164
487.6142578,0.0243378779848039,0.0262771294895215
487.8369141,0.0253564736075556,0.0273471223231645
488.0596008,0.026416203184485,0.0284603246849131
488.2822876,0.0275769017339768,0.0296795908021393
488.5049744,0.0286634980020425,0.030821015518606
488.7277222,0.0295273738448309,0.0317284815829543
488.9504395,0.0302572778947285,0.0324952157856083
489.1732178,0.031411165044856,0.0337073268077761
489.3959961,0.0327416347433353,0.0351049305387897
489.6187744,0.0342293195417971,0.0366676822702114
489.8415833,0.0355412580916058,0.0380458197912456
490.0643921,0.0369172384561874,0.0394912306063427
490.2872314,0.0383932905366358,0.041041762645639
490.5101013,0.0396895810909546,0.0424034625906017
490.7329712,0.0410854948660986,0.0438698126341574
490.9558411,0.0428672151572251,0.0457414365646742
491.1787415,0.0444543618015768,0.0474086688769525
491.4016724,0.0461570366729121,0.0491972588430384
491.6246033,0.0479251249373507,0.0510545628898464
491.8475647,0.0502395971779749,0.0534858208452295
492.0705261,0.052306281121173,0.0556567873791845
492.2935181,0.0548701883122222,0.0583500664972877
492.51651,0.0572124157745411,0.0608104801722185
492.7395325,0.0596447589571691,0.0633655567072438
492.9625854,0.0623215072977469,0.066177370814737
493.1856384,0.0651841793720445,0.0691844901623478
493.4086914,0.0682042759146744,0.0723569774432123
493.6317749,0.0712392015413469,0.0755450420673332
493.8548889,0.0741027840633585,0.0785531178028448
494.0780029,0.077301958519115,0.0819137190706824
494.3011169,0.0804857727314184,0.0852581850341354
494.524292,0.0845358490572155,0.0895126237412281
494.7474365,0.0885884431072135,0.0937697072141062
494.9706116,0.0929191847810667,0.0983189733329451
495.1938171,0.0971460782937082,0.102759151226976
495.4170227,0.101593771892369,0.107431270535667
495.6402588,0.106309178298153,0.112384611144252
495.8635254,0.111487859998499,0.117824603407442
496.0867615,0.116918868729494,0.123529654844752
496.3100586,0.122130723451712,0.129004494003885
496.5333557,0.127242837176557,0.134374559345001
496.7566528,0.133367193211221,0.14080794362567
496.9799805,0.139640406354027,0.147397696179863
497.2033386,0.146333592212186,0.154428612809097
497.4266968,0.152826934978242,0.16124960248437
497.6500549,0.159794632158379,0.168568881973909
497.8734436,0.167142825873057,0.176287857433166
498.0968628,0.174955827859672,0.184495094876747
498.320282,0.182964627163749,0.192908009354328
498.5437317,0.191787802011188,0.202176391866355
498.7671814,0.200506158609469,0.211334667116059
498.9906616,0.209338388487266,0.220612561565282
499.2141418,0.218351317025469,0.230080272529876
499.4376526,0.227532348808019,0.23972456904299
499.6611633,0.237409784905275,0.250100409663902
499.8847046,0.247894049029952,0.261113698184737
500.1082764,0.258292922342029,0.272037287166816
500.3318176,0.269257057624077,0.283554660613986
500.5554199,0.280920454328135,0.295806579442739
500.7790222,0.292780554860676,0.308265127558057
501.0026245,0.304806828383343,0.320898233569176
501.2262573,0.317413259723517,0.334140771520948
501.4499207,0.329905368645044,0.347263218471007
501.673584,0.343182016330918,0.361209791145561
501.8972778,0.356866702468251,0.375584991441478
502.1209717,0.371547129107807,0.391006176206352
502.3446655,0.385792702766222,0.405970565788609
502.5683899,0.400767525512734,0.421701001563069
502.7921448,0.415563392530686,0.437243451700421
503.0158997,0.431042255592908,0.453503361108609
503.2396851,0.447224680857527,0.470502333691398
503.4634705,0.463456850309913,0.487553560498766
503.6872864,0.479343273297701,0.504241594856536
503.9111023,0.495514065752908,0.521228347651191
504.1349487,0.511586093500155,0.538111352179728
504.3588257,0.528143913577701,0.555504661583378
504.5826721,0.545375223123884,0.573605443990917
504.8065796,0.563264594763401,0.592397493578711
505.0304871,0.580824790060541,0.610843756949206
505.2543945,0.598087669026628,0.628977701734733
505.4783325,0.615560904538222,0.647332617424882
505.702301,0.633470876088522,0.66614630637222
505.9262695,0.651435796372541,0.685017716705734
506.150238,0.66929523410657,0.703778321956207
506.3742371,0.687242878601758,0.722631584783653
506.5982666,0.704660716058802,0.740928307094561
506.8222961,0.721618074225237,0.758741314838092
507.0463257,0.739281739101546,0.777296268748521
507.2703857,0.755685525625488,0.794527772235461
507.4944763,0.771927525817275,0.81158932583049
507.7185669,0.787726872914203,0.828185890544053
507.942688,0.80315603359113,0.844393589639441
508.1668091,0.817583281354145,0.8595488204011
508.3909607,0.831654429621295,0.874329983279363
508.6151123,0.844909968586242,0.888254382110229
508.8392944,0.857591134958106,0.901575426140905
509.0634766,0.869195015242087,0.913764825416713
509.2876892,0.879915872624193,0.925026645429618
509.5119019,0.890264674211749,0.93589763612322
509.736145,0.900348141920483,0.946489904483327
509.9603882,0.909903636017102,0.956527558265579
510.1846619,0.918600649812039,0.96566341377764
510.4089355,0.92469989614344,0.972070421347133
510.6332397,0.930926956843015,0.978611692656748
510.8575439,0.936057225032985,0.984000828517263
511.0818787,0.940833276226164,0.989017873982281
511.3062439,0.944820010142783,0.99320577409214
511.5306091,0.948118196444097,0.996670383233981
511.7549744,0.950309921569082,0.998972700389748
511.9793701,0.951287874741623,1
512.2037964,0.951205273965565,0.999913231279949
512.4282227,0.950657066034821,0.999337361382082
512.6526489,0.948523769532773,0.997096421093078
512.8770752,0.945584889635324,0.99400924855967
513.1015625,0.943164913412754,0.991467163007858
513.3260498,0.939435881352947,0.987549968106078
513.5505371,0.934668657772329,0.982542195685208
513.7750854,0.928614819492116,0.976182887407049
513.9996338,0.922481664030396,0.969740259689947
514.2241821,0.915405251173314,0.962306778850394
514.4487305,0.906505318119517,0.952957764997635
514.6733398,0.896748468720909,0.942708595747092
514.8978882,0.886970165165604,0.932436889786784
515.1224976,0.876141446667555,0.921061766105074
515.347168,0.864821559384348,0.909170689803413
515.5717773,0.852592916985295,0.896325003605762
515.7964478,0.839625848287672,0.882703630933522
516.0211182,0.82700944639144,0.869450619322437
516.2457886,0.8135764248103,0.855339782298454
516.47052,0.800642539990609,0.841753267926002
516.6952515,0.786878361203034,0.827294563868449
516.9199829,0.772766727877739,0.812470873100691
517.1447144,0.757964507303111,0.796921748813205
517.3695068,0.743256359688503,0.781471444303473
517.5942993,0.727823946766106,0.765260328857899
517.8190918,0.71326169152257,0.749963278287261
518.0438843,0.698201024674512,0.734142666812637
518.2687378,0.683544120167382,0.718746191081029
518.4935913,0.669300170650435,0.703783507592626
518.7184448,0.654832502774821,0.688585817164099
518.9432983,0.639779962823459,0.672773742660409
519.1682129,0.625226360504155,0.657485781631009
519.3931274,0.610670512769643,0.642195461885227
519.618042,0.596020668256541,0.626806402387154
519.8429565,0.58115315974771,0.611188695808365
520.0679321,0.566648298622203,0.595951935399605
520.2929077,0.552795565418744,0.58140020856808
520.5178833,0.538405951820638,0.566284510949754
520.7428589,0.525035765059227,0.552239679321152
520.9678955,0.511673881942358,0.538203570329831
521.1929321,0.499215415358512,0.525116463272682
521.4179688,0.486159091596348,0.511401331823856
521.6430054,0.473222216155498,0.497811675926801
521.868103,0.461031806302667,0.485006151447456
522.0932007,0.448590740467884,0.471937323161962
522.3182983,0.43696036499544,0.459720091779723
522.543396,0.42520804494029,0.447374762625728
522.7685547,0.414323639206783,0.43594114179212
522.9937134,0.403319628363111,0.424381880706498
523.2188721,0.392901872239575,0.413438456107136
523.4440308,0.382362101670647,0.402366860348135
523.6692505,0.372305673262744,0.391802995662136
523.8944702,0.362481479840135,0.381483084282469
524.1196899,0.353374094577604,0.37191615041149
524.3449097,0.343907072805295,0.361971433169383
524.5701904,0.335229619397739,0.352856125040263
524.7954712,0.32677142048858,0.343971134749534
525.020752,0.318692879380754,0.335484959373762
525.2460327,0.310279441412039,0.32664698861113
525.4713745,0.302273586996271,0.318237167617673
525.6967163,0.294746601955536,0.310330379219381
525.9220581,0.287025936060387,0.302220137044527
526.1474609,0.27969578125457,0.294520110717564
526.3728027,0.272328253503246,0.286780825647513
526.5982056,0.265046670738319,0.279131822253012
526.8236084,0.25789558077144,0.271619896179124
527.0490723,0.251405744579285,0.264802590015601
527.2744751,0.244754525193913,0.257815757441052
527.499939,0.238596608845314,0.251347119430048
527.7254028,0.232424212213449,0.244863270476666
527.9509277,0.225895997912792,0.238005649687644
528.1763916,0.220234595019961,0.23205857865338
528.4019165,0.214841531066048,0.226393386644724
528.6274414,0.209355507477256,0.220630544360613
528.8530273,0.203814924738145,0.214810389931675
529.0785522,0.198636682179111,0.209370858968383
529.3041382,0.193790870055188,0.204280532513052
529.5297241,0.18912291302914,0.199377035527533
529.7553101,0.184769942268483,0.194804418666705
529.980957,0.180625599880676,0.190450957336156
530.206604,0.176189860782918,0.185791395739288
530.432251,0.171699962425662,0.181074942066464
530.6578979,0.167680603080271,0.176852770284706
530.883606,0.163817252880966,0.172794479698358
531.109314,0.16035628421629,0.169158874374763
531.335022,0.156099601534957,0.164687404183466
531.56073,0.152286086087865,0.160681462955924
531.786499,0.149009059926184,0.157239081671007
532.0122681,0.14586095410087,0.153932125900339
532.2380371,0.142482566581623,0.150383268675627
532.4638062,0.139026710548039,0.146753033960845
532.6895752,0.135412175864947,0.142956113847038
532.9154053,0.132423684335302,0.139816826333231
533.1412354,0.129229940262274,0.136461929459241
533.3671265,0.126068050278524,0.133140493996716
533.5929565,0.123093860503177,0.130016229887944
533.8188477,0.120216258922408,0.126993427707443
534.0447388,0.11702292943462,0.123638966338207
534.2706299,0.114083821399289,0.120551554155331
534.496582,0.111561318402433,0.117901768441362
534.7224731,0.10853683595645,0.114724673949303
534.9484253,0.106012716981834,0.112073190717119
535.1744385,0.103160100537925,0.109076634395907
535.4003906,0.100747612324684,0.106542414690111
535.6264038,0.0977792416980367,0.103424263357859
535.852417,0.0952467351602938,0.100763969335371
536.0784302,0.0928885808035421,0.0982868251124925
536.3044434,0.0905322252689623,0.0958115704783677
536.5305176,0.0885218660480831,0.0936997707500537
536.7565918,0.0859898336016425,0.0910399747409917
536.982666,0.0847049533501952,0.0896902608501898
537.2088013,0.0830115464369913,0.0879114064931734
537.4348755,0.0808976529979807,0.0856908483243527
537.6610107,0.0787595406573797,0.083444849194898
537.887146,0.0773122584842126,0.0819245387606506
538.1133423,0.0756055028179652,0.0801316620872453
538.3394775,0.0740213173449585,0.0784675403637498
538.5656738,0.0723642011054029,0.0767268078677198
538.7919312,0.0705593510617952,0.0748308870829401
539.0181274,0.0689087850661179,0.0730970353488648
539.2443237,0.0676043243499285,0.071726752984681
539.4705811,0.0662058802616213,0.0702577449511526
539.6968384,0.0647634192417275,0.0687424989402517
539.9231567,0.0633346591785102,0.0672416452211791
540.1494141,0.0617983276519807,0.0656277921014833
540.3757324,0.0607749591112734,0.0645527855137126
540.6020508,0.0590799583270184,0.062772256860671
540.8283691,0.0578483803542995,0.061478534822752
541.0547485,0.056606445815801,0.0601739336381746
541.2811279,0.0553834429791614,0.058889219428237
541.5075073,0.0544939460892387,0.0579548395069941
541.7338867,0.0534497162596986,0.0568579189927809
541.9603271,0.0525446277899382,0.0559071607577903
542.1867065,0.0513801054826783,0.0546838779401994
542.413147,0.05043430136097,0.0536903495864019
542.6395874,0.049248639416201,0.0524448604485251
542.8660889,0.048282370311542,0.0514298344713246
543.0925903,0.0473033803157585,0.0504014457208734
543.3190918,0.0463273037715034,0.0493761174314994
543.5455933,0.0451395467808638,0.0481284275340497
543.7720947,0.0443342558735923,0.0472825025364038
543.9986572,0.0434169515402454,0.0463189120388329
544.2252197,0.0425217187979517,0.0453785068404391
544.4517822,0.0415275030070145,0.0443341240180158
544.6783447,0.0407311054131304,0.0434975410805352
544.9049683,0.0401740343109121,0.0429123607853431
545.1315918,0.0393318209043324,0.0420276502198255
545.3582153,0.0385968304415478,0.0412555729495042
545.5848389,0.0378807802871014,0.0405033916945752
545.8115234,0.0371965791794184,0.039784666554157
546.038147,0.0362382192898899,0.038777948882353
546.2648315,0.0354292919298957,0.0379282039405936
546.4915771,0.0347961717572831,0.0372631372228512
546.7182617,0.0337696237669913,0.0361847907539791
546.9450073,0.0331920835966667,0.0355781085440959
547.1717529,0.0322857150259768,0.0346260056156959
547.3984985,0.0316329925729874,0.033940347508144
547.6253052,0.0308984593452097,0.0331687505444032
547.8520508,0.0298862352729701,0.0321054507626788
548.0788574,0.0288872986197275,0.0310561088684487
548.3056641,0.0280675095789101,0.0301949541774399
548.5325317,0.027127776420172,0.0292078031207034
548.7593384,0.0266144435807903,0.0286685680728164
548.9862061,0.0262505390315961,0.0282863013017144
549.2130737,0.025677057849256,0.0276838828918696
549.4400024,0.0249291282000831,0.0268982135380958
549.6668701,0.0243673577675652,0.0263080967895839
549.8937988,0.0237263854163865,0.0256347816810114
550.1207275,0.0234115762264232,0.0253040875667801
550.3476562,0.0232380641814725,0.0251218202955479
550.574646,0.0227209991042841,0.0245786646852538
550.8016357,0.0222302214766029,0.0240631229601553
551.0286255,0.0215781390260077,0.0233781371488121
551.2556152,0.020952435518514,0.0227208613329246
551.482605,0.0205133877894725,0.0222596597400564
551.7096558,0.0201019471737527,0.0218274582849779
551.9367065,0.0200771230587459,0.0218013815725265
552.1637573,0.019966842836657,0.0216855367321483
552.3908691,0.0197141896698783,0.0214201349654293
552.6179199,0.0191636598400309,0.0208418260079924
552.8450317,0.0186945968015633,0.0203490945663126
553.0721436,0.0180129301657372,0.0196330317844041
553.2993164,0.0171175102205121,0.0186924299370256
553.5264282,0.0166416619257701,0.0181925708625287
553.7536011,0.0163491639128309,0.0178853137226893
553.9807739,0.0161304196390705,0.0176555318543049
554.2079468,0.015936996085428,0.0174523483616288
554.4351807,0.0156188550483227,0.0171181542789262
554.6623535,0.0152204188999034,0.016699613482215
554.8895874,0.0152082158725793,0.0166867947036007
555.1168823,0.0148355314882044,0.0162953050765253
555.3441162,0.0145554498822141,0.0160010908618251
555.5714111,0.0144618846376344,0.0159028044182727
555.7987061,0.0141025094005677,0.0155252955033892
556.026001,0.0138904066354566,0.0153024902668502
556.2532959,0.0137370238956408,0.0151413680032731
556.4806519,0.0138036483428398,0.0152113542465438
556.7080078,0.0136262776930978,0.0150250336695814
556.9353638,0.0138191351453963,0.0152276224960645
557.1627197,0.0137432124948707,0.0151478688723898
557.3900757,0.0135946465508012,0.014991806454756
557.6174927,0.0131870689397386,0.0145636629272861
557.8449097,0.0128132478328348,0.0141709792199175
558.0723267,0.0120670123690271,0.0133870895382326
558.2998047,0.0116501279037044,0.0129491695429087
558.5272217,0.011511299981898,0.0128033365173935
558.7546997,0.011375882115633,0.0126610856150587
558.9822388,0.0111982153289938,0.012474453958458
559.2097168,0.0109194881383959,0.0121816625014562
559.4372559,0.0107003475870203,0.0119514643597254
559.6647339,0.0104757500642941,0.0117155338938927
559.8922729,0.0101135570829859,0.0113350650545032
560.119873,0.0101603440851331,0.0113842128771396
560.3474121,0.00999407893574802,0.0112095581718248
560.5750122,0.00946651367447807,0.0106553725497494
560.8026123,0.00929052356974203,0.0104705021785702
561.0302124,0.00925123608879266,0.0104292322946941
561.2578735,0.00884188596056754,0.00999922681080197
561.4854736,0.00896715203254473,0.0101308136705139
561.7131348,0.00893253324000522,0.0100944480519119
561.9407959,0.00895316339437333,0.0101161191810997
562.1685181,0.00853983271301817,0.00968193228976002
562.3961792,0.00842214883625623,0.00955831021446539
562.6239014,0.00824925522646493,0.00937669258394818
562.8516235,0.00802735787235459,0.00914359853425945
563.0793457,0.00789221437097005,0.0090016358409541
563.3071289,0.00791995209716773,0.00903077318220134
563.5349121,0.00801346508533005,0.00912900473253525
563.7626953,0.00837360239484483,0.0095073141732015
563.9904785,0.00828839898486338,0.00941781149319212
564.2182617,0.00814920522341256,0.00927159416816784
564.446106,0.00787899662959981,0.00898775114694285
564.6739502,0.0079372549872601,0.00904894915703043
564.9017944,0.0077486916670771,0.00885087113982996
565.1296387,0.00763934786258261,0.00873600996764437
565.3575439,0.00741343511816406,0.0084986979154843
565.5853882,0.00773058750249449,0.00883185345908423
565.8132935,0.00747505996665875,0.00856343228581815
566.0412598,0.00719446441166338,0.00826867818881345
566.269165,0.00736454461364386,0.00844734045006689
566.4971313,0.00744904250194145,0.00853610200854692
566.7250977,0.00719142013622899,0.00826548030260063
566.953064,0.00734458072321005,0.0084263692037561
567.1810303,0.00726354081010164,0.00834124010607669
567.4090576,0.00712105024532406,0.0081915596246685
567.637085,0.00679240037662261,0.00784632644632606
567.8651123,0.00664193121568503,0.00768826477760167
568.0931396,0.00648481182710087,0.00752321731808358
568.321167,0.00635681071297024,0.00738875740900985
568.5492554,0.00603837355635015,0.00705425226492854
568.7773438,0.00626619385948676,0.0072935681291142
569.0054321,0.00625879016894145,0.00728579085651549
569.2335815,0.00606419502514474,0.00708137665653913
569.4616699,0.00565363854303362,0.00665010394747541
569.6898193,0.00546565880640754,0.00645263896081402
569.9179688,0.00539744034916502,0.00638097827551235
570.1461182,0.00535098434960812,0.00633217815749169
570.3743286,0.00520987872152445,0.00618395249515441
570.6025391,0.00527129019866783,0.00624846272765407
570.8307495,0.00523045666727865,0.00620556878133932
571.05896,0.00552896915828116,0.00651914388316701
571.2871704,0.00543443273401527,0.00641983725527332
571.5154419,0.0055420519236487,0.00653288679043543
571.7437134,0.0058825346535142,0.00689054990305623
571.9719849,0.00570095260400676,0.00669980542374432
572.2002563,0.00578402637285991,0.00678707100328456
572.4285889,0.0057870139934999,0.00679020937596459
572.6568604,0.00563202857753488,0.0066274035669687
572.8851929,0.00559794545352599,0.00659160064614016
573.1135864,0.00552405224528,0.00651397886816265
573.3419189,0.00546271919135498,0.00644955101603039
573.5703125,0.0052248385749202,0.00619966720624119
573.798645,0.005103583517343,0.0060722937522889
574.0270996,0.00485172733718377,0.00580772918725467
574.2554932,0.0052077969989685,0.00618176573117591
574.4838867,0.0050214373660228,0.0059860025968385
574.7123413,0.00504492446409488,0.00601067482795639
574.9407959,0.00470389734813585,0.00565243986012062
575.1692505,0.00431180219495131,0.00524056001826518
575.3977661,0.00422623293673469,0.00515067302972248
575.6262207,0.00426478874702029,0.00519117432364072
575.8547363,0.00408028002831401,0.00499735549863238
576.083252,0.00404450277410647,0.00495977296366519
576.3118286,0.00411890117280696,0.00503792542344995
576.5403442,0.00419668349672406,0.00511963255758289
576.7689209,0.00420626471816715,0.00512969723688512
576.9974976,0.00441603741773778,0.00535005483534815
577.2260742,0.00456111929864561,0.00550245738783847
577.4546509,0.00446987101094048,0.00540660481224726
577.6832886,0.00495916792115073,0.0059205911045055
577.9119263,0.00517552122280734,0.00614786135497271
578.140564,0.00550509437594937,0.00649406440566956
578.3692017,0.0058463000521234,0.00685248694367169
578.5979004,0.00578987522049886,0.00679321497731995
578.8265381,0.00584848197330891,0.00685477896219201
579.0552368,0.00572869894150988,0.00672895181081397
579.2839966,0.00565262820778717,0.00664904263182753
579.5126953,0.00556628809368958,0.00655834589086691
579.7414551,0.00547826254102872,0.00646587866597334
579.9701538,0.00531150093289055,0.00629070245114474
580.1989136,0.00500756632760785,0.00597143164113471
580.4277344,0.00449961212273615,0.00543784662771862
580.6564941,0.00422699512420572,0.00515147367633207
580.8853149,0.00403256545730968,0.00494723330303816
581.1141357,0.00402611552556282,0.00494045791485419
581.3429565,0.00381751432581287,0.0047213309287998
581.5717773,0.00392613954944997,0.00483543726133103
581.8006592,0.00389536632954157,0.00480311125871072
582.029541,0.0037542476025634,0.00465487183652319
582.2584229,0.0038369598882405,0.0047417576928453
582.4873047,0.00392092211417905,0.00482995656003487
582.7161865,0.00387063799012128,0.00477713515457616
582.9451294,0.00397337946630485,0.00488506085225131
583.1740723,0.00435956906448901,0.00529073715131905
583.4030151,0.00436708598666041,0.00529863336908673
583.631958,0.00451503786335045,0.0054540507341788
583.8609619,0.00437685884585132,0.00530889935596603
584.0899658,0.00427592474963619,0.00520287223665772
584.3189697,0.00416817054344441,0.00508968087215074
584.5479736,0.0040206106042016,0.00493467522123692
584.7769775,0.0039453368468989,0.00485560323322101
585.0060425,0.00378845696983407,0.00469080737070916
585.2351074,0.00351476862740132,0.00440330901658943
585.4641724,0.00326579992439677,0.00414177762762018
585.6932373,0.00290302341046412,0.00376069581119404
585.9223022,0.00301349520145757,0.00387674188683235
586.1514282,0.00286809104666249,0.00372400079887014
586.3805542,0.00283541028520423,0.00368967100225873
586.6096802,0.00281328195878771,0.00366642610491446
586.8388062,0.00280324778441621,0.00365588561717898
587.0679932,0.00277331945392974,0.00362444713616831
587.2971802,0.00275364741146839,0.00360378246415656
587.5263672,0.00285729908953592,0.00371266429149814
587.7555542,0.00302343355864945,0.00388718172255909
587.9847412,0.00313420586027815,0.00400354347226763
588.2139893,0.00328295473121988,0.00415979804706168
588.4432373,0.00346840414279177,0.00435460503125937
588.6724854,0.00367638690443747,0.00457308237350534
588.9017334,0.00381639072117689,0.00472015062831402
589.1310425,0.00408981341840114,0.00500736993306122
589.3602905,0.00402320632643621,0.00493740192075056
589.5895996,0.00433494965066667,0.0052648754690479
589.8189087,0.00422731304410497,0.00515180763811854
590.0482788,0.0040580820607812,0.00497403744615795
590.2775879,0.00389504843428738,0.00480277732281287
590.506958,0.00381813714484844,0.0047219851745965
590.7363281,0.00371825699912564,0.0046170651869591
590.9656982,0.00383822294038642,0.00474308447720845
591.1951294,0.00384672846915387,0.00475201918556989
591.4244995,0.00384524336420597,0.00475045914386544
591.6539307,0.00328156547923697,0.00415833869495703
591.8833618,0.00316004912425552,0.00403069075882186
592.112854,0.00289666061011581,0.00375401195096283
592.3422852,0.00284601934629745,0.0037008153848654
592.5717773,0.00262444862958131,0.00346806445433328
592.8012695,0.00254919225808489,0.00338901072939225
593.0307617,0.00238645909947387,0.00321806623520771
593.2602539,0.00226559165519871,0.00309109995309685
593.4898071,0.00232738635893127,0.00315601274937641
593.7192993,0.00240705443021706,0.00323970078360895
593.9488525,0.00237754854358924,0.00320870606250779
594.1784058,0.00265956823406866,0.00350495615530124
594.40802,0.00260361376631426,0.00344617828686139
594.6375732,0.00274343032166982,0.00359304983128345
594.8671875,0.00284868468398653,0.00370361521255252
595.0968018,0.00325777349787581,0.0041333461964758
595.326416,0.00309018876984419,0.00395730532803242
595.5560913,0.00329773602617782,0.00417532518984895
595.7857056,0.00348504508711183,0.00437208565926306
596.0153809,0.00381770165825318,0.00472152771382829
596.2450562,0.00408780575513347,0.00500526096532094
596.4747925,0.00441939096524603,0.00535357759916233
596.7044678,0.00428997442807994,0.00521763084636899
596.9342041,0.00405202412696321,0.0049676738356857
597.1639404,0.00371748613756078,0.00461625542857048
597.3936768,0.00398819121192367,0.0049006199822062
597.6234131,0.00401134732986995,0.00492494453230645
597.8532104,0.00390226044756445,0.00481035324631993
598.0829468,0.00376778763356522,0.00466909508254511
598.3127441,0.00400322936337082,0.00491641694217764
598.5426025,0.00402874160467515,0.00494321650302011
598.7723999,0.00391489895999679,0.00482362948414038
599.0022583,0.00392737199917931,0.00483673189911344
599.2320557,0.00391317434038597,0.00482181784212748
599.4619141,0.00370426395023612,0.00460236606426686
599.6918335,0.00368197449872877,0.00457895191163751
599.9216919,0.00329477885258491,0.0041722188005404
600.1516113,0.0033701919853479,0.00425143719674849
600.3814697,0.0033922549837024,0.00427461346964883
600.6113892,0.00344114549444412,0.0043259709416017
600.8413696,0.00329899462838035,0.00417664729972949
601.0712891,0.00343263997924559,0.00431703624749386
601.3012695,0.00305739041139438,0.00392285200061506
601.53125,0.00299108382580462,0.00385319965789959
601.7612305,0.00297480440989268,0.00383609880062846
601.9912109,0.00268601252468388,0.00353273479563412
602.2211914,0.00232574889056031,0.00315429265615875
602.4512329,0.0021241115215291,0.00294248088803512
602.6812744,0.00216106465112669,0.00298129863176671
602.9113159,0.00244568432079677,0.00328027989583117
603.1413574,0.0024356152999503,0.00326970280330605
603.37146,0.00240809098705107,0.00324078964395675
603.6015625,0.00245228667609272,0.00328721539868827
603.831665,0.0026265434302503,0.00347026495633197
604.0617676,0.00231455620801098,0.00314253520320143
604.2918701,0.00221897019686373,0.0030421260274308
604.5220337,0.00227344395494576,0.00309934847122249
604.7521362,0.00223279333984247,0.00305664667094753
604.9822998,0.0020472742478874,0.00286176649037142
605.2125244,0.00192717329845871,0.00273560537959101
605.442688,0.00189715350733706,0.00270407082294247
605.6729126,0.0024822193567521,0.00331865844937677
605.9030762,0.00297796619679925,0.00383942012781264
606.1333008,0.00320168399293627,0.00407442647702348
606.3635864,0.00328243214481704,0.00415924909152573
606.593811,0.00332809114862124,0.00420721199826765
606.8240967,0.00301493677747726,0.00387825620318692
607.0543213,0.00300031665662189,0.00386289836716955
607.2846069,0.00301979707307069,0.00388336174393164
607.5149536,0.00264982590184253,0.00349472223574368
607.7452393,0.00268100850748562,0.00352747828125101
607.9755859,0.0023825831189407,0.00321399467697478
608.2058716,0.00236690905518591,0.00319752971726253
608.4362183,0.00216065526127847,0.00298086858455861
608.666626,0.00209401769730182,0.00291086856265214
608.8969727,0.00220521242309273,0.00302767405157989
609.1273804,0.00221069116000462,0.00303342923950942
609.3577881,0.00267661417858684,0.00352286221936606
609.5881958,0.00290522708796133,0.00376301068382555
609.8186035,0.00357922868642549,0.00447102165904684
610.0490112,0.00376942952156222,0.00467081981839828
610.27948,0.00428463063354203,0.00521201740985668
610.5099487,0.00468794890855121,0.00563568667987697
610.7404175,0.00523644486556232,0.00621185913749916
610.9708862,0.00597545958224512,0.00698816372112887
611.201416,0.00663341259159015,0.00767931631313704
611.4318848,0.00674826127054042,0.00779996012966768
611.6624146,0.00683751495599685,0.00789371745758217
611.8929443,0.00681478562740099,0.00786984123215192
612.1234741,0.00662327389455714,0.00766866602864192
612.3540649,0.00627800491402609,0.00730597515642962
612.5846558,0.00610740208664039,0.00712676389866984
612.8152466,0.00581382396522706,0.00681837214927469
613.0458374,0.0051294833395229,0.00609950045091014
613.2764282,0.00475774399312077,0.00570900354738048
613.507019,0.00414540209143111,0.00506576354917859
613.7376709,0.00390638915497218,0.00481469028374657
613.9683228,0.00371022619608135,0.00460862915845686
614.1989746,0.00366664024790551,0.00456284391144225
614.4296265,0.00378594419488502,0.00468816780390956
614.6603394,0.00359925793505005,0.00449206156145054
614.8909912,0.00407066838816077,0.00498725886572546
615.1217041,0.00392819521957179,0.00483759665829834
615.352417,0.00397446829778551,0.00488620462496673
615.5831909,0.00397474702966126,0.00488649742134529
615.8139038,0.00415354182619053,0.00507431400597007
616.0446777,0.00409931631840792,0.00501735233891391
616.2754517,0.00422609364907169,0.00515052671375774
616.5062256,0.00414634717292435,0.00506675631844088
616.7369995,0.00380726680839073,0.00471056633295881
616.9678345,0.00340064735407778,0.00428342930977062
617.1986084,0.00319360964468483,0.00406594470607101
617.4294434,0.00277444746076164,0.00362563206097996
617.6602783,0.0023042215731629,0.00313167909408535
617.8911133,0.00215237185333015,0.00297216720498768
618.1220093,0.00215634807811423,0.00297634406568577
618.3529053,0.0017285235763287,0.00252693201173373
618.5837402,0.00153108889254557,0.00231953499171726
618.8146362,0.00164916035742319,0.00244356421239612
619.0455933,0.00163918714532505,0.00243308776302302
619.2764893,0.00165767895091297,0.00245251264471134
619.5074463,0.00204433456679017,0.00285867847621057
619.7384033,0.00199833150667486,0.00281035415245583
619.9693604,0.00217523182479828,0.00299618066538535
620.2003174,0.00218510485990516,0.00300655188294677
620.4312744,0.00253813029636574,0.00337739059329394
620.6622925,0.00240028226960824,0.0032325869072503
620.8933105,0.00268110864561873,0.00352758347224379
621.1243286,0.00296948243538538,0.00383050828516143
621.3553467,0.00295639968105313,0.00381676538948512
621.5864258,0.00294784188165544,0.00380777577297515
621.8174438,0.00319576102626035,0.00406820464398633
622.0485229,0.00288049441532524,0.00373703002782591
622.2796021,0.00277440386347614,0.00362558626382355
622.5106812,0.00260800371106234,0.00345078974337624
622.7418213,0.00252674600935459,0.00336543186772514
622.9729004,0.00226945464909264,0.00309515786939906
623.2040405,0.00205000050827482,0.002864630314849
623.4351807,0.00235415722123042,0.00318413443983995
623.6663208,0.00216342942112928,0.00298378272545362
623.897522,0.00170258444983708,0.00249968402554858
624.1286621,0.00191485701297621,0.00272266762793666
624.3598633,0.00193244732472597,0.00274114552740273
624.5910645,0.0018187309738966,0.00262169117502022
624.8222656,0.00185617189161621,0.00266102132012411
625.0535278,0.0020873891880593,0.0029039055861492
625.284729,0.00202453185075716,0.00283787653698297
625.5159912,0.00221581276394615,0.00303880927393308
625.7472534,0.0024345439530561,0.00326857739743002
625.9785156,0.00269587249770108,0.00354309229200723
626.2097778,0.00263142991122243,0.00347539800374071
626.4411011,0.00276423471384157,0.0036149039901222
626.6724243,0.00282027630565451,0.00367377337880444
626.9036865,0.0027607157810937,0.00361120749591175
627.1350708,0.00300889187566508,0.00387190628230111
627.366394,0.00299704161902653,0.00385945807479181
627.5977173,0.00286952391599107,0.00372550596920357
627.8291016,0.00288665692446189,0.00374350349037198
628.0604858,0.00279258212405538,0.00364468177936812
628.2918701,0.00273147552442659,0.00358049180816594
628.5232544,0.00258324054023675,0.00342477705028211
628.7546997,0.00243759684749086,0.00327178433754846
628.986084,0.00249718785182864,0.00333438223819402
629.2175293,0.00235144400237747,0.00318128431495828
629.4489746,0.00233178066126964,0.00316062878336076
629.6804199,0.00231822321424182,0.00314638724251938
629.9119263,0.00232867548116491,0.00315736691929515
630.1433716,0.00235377834803563,0.00318373644912192
630.3748779,0.00252760397225766,0.00336633312248936
630.6063843,0.00261108276749902,0.00345402416560232
630.8378906,0.00267598701384336,0.00352220340858183
631.069458,0.00269777565145244,0.00354509147679636
631.3009644,0.00261152264854288,0.00345448624255816
631.5325317,0.00270940816544959,0.00355731095461089
631.7640991,0.00273931473589272,0.00358872657759044
631.9956665,0.00261498060743301,0.0034581186862373
632.2272949,0.00252704217995397,0.00336574298276607
632.4588623,0.00242504979737065,0.00325860417712747
632.6904907,0.00222553773791065,0.00304902495935029
632.9221191,0.00195873918057192,0.00276876404127612
633.1537476,0.00208249405661219,0.00289876345177206
633.385376,0.00191972607457469,0.00272778237700936
633.6170654,0.00185141612202174,0.00265602557964488
633.8486938,0.00168086554596406,0.00247686920975747
634.0803833,0.00162220652917285,0.00241525032372144
634.3120728,0.00139578857478048,0.00217740756924987
634.5437622,0.00145278829747469,0.00223728343504014
634.7755127,0.00128492918282841,0.00206095433473636
635.0072021,0.0012858960209274,0.00206196995841872
635.2389526,0.0011151102773047,0.00188256655467051
635.4707031,0.00127930673002827,0.00205504817917348
635.7024536,0.00133459924831301,0.00211313069690403
635.9342651,0.00136248503870615,0.00214242357350262
636.1660156,0.00138432157907069,0.00216536196159278
636.3978271,0.00147011295026885,0.00225548227069293
636.6296387,0.00147458129823784,0.00226017608656868
636.8614502,0.00167750342624158,0.0024733374411846
637.0932617,0.00177082478755096,0.00257136769538605
637.3251343,0.0018736490021451,0.00267938030636064
637.5570068,0.00156570767997824,0.00235590060495473
637.7888184,0.00180087942095958,0.00260293885242491
638.020752,0.00183282853035861,0.00263650007862171
638.2526245,0.00183942217430106,0.00264342643056004
638.4844971,0.00188726307248261,0.00269368132766142
638.7164307,0.00206135435067169,0.00287655705960188
638.9483643,0.00216381709526572,0.00298418996119911
639.1802979,0.00223389956720593,0.0030578087173228
639.4122314,0.00244698216677144,0.00328164322968128
639.644165,0.00260249018171359,0.00344499800742187
639.8761597,0.00250605056930141,0.00334369215860861
640.1081543,0.00274752850310682,0.00359735480243257
640.3400879,0.00267060414042257,0.00351654892130935
640.5721436,0.00281488031808846,0.0036681051156614
640.8041382,0.00257024492044228,0.00341112568585619
641.0361328,0.00242039421251223,0.00325371367659551
641.2681885,0.00226220780240711,0.00308754535482818
641.5002441,0.00231591505271629,0.00314396261371081
641.7322998,0.00239718145515391,0.00322932962912101
641.9643555,0.00238031410301787,0.00321161116901282
642.1964722,0.00208707564196647,0.00290357621886658
642.4285278,0.00209352557056551,0.00291035160374388
642.6606445,0.00198939482563789,0.00280096653635722
642.8927612,0.00218581911537011,0.00300730217895414
643.1248779,0.00206265216933646,0.00287792036476406
643.3569946,0.00212732124321084,0.00294585256873033
643.5891724,0.00182991059837666,0.0026334349110125
643.8213501,0.00170362102851985,0.0025007729088476
644.0535278,0.00157313314265028,0.00236370074827766
644.2857056,0.00186193809394643,0.0026670784786597
644.5178833,0.00201127925994972,0.00282395523507038
644.750061,0.0020010395105273,0.00281319879919381
644.9822998,0.00211575183392054,0.00293369937981649
645.2145386,0.00203624030170837,0.00285017578344646
645.4467773,0.00199542514236101,0.00280730113620647
645.6790161,0.00217385380342197,0.00299473311057132
645.9112549,0.0019335804348468,0.00274233581300963
646.1435547,0.00205893202956574,0.00287401251084646
646.3758545,0.00210664975188661,0.00292413801676918
646.6080933,0.0019482823597383,0.00275777958080452
646.8404541,0.00204302464656854,0.00285730245886033
647.0727539,0.00205760209271163,0.00287261546684655
647.3050537,0.00196239474623637,0.00277260406274931
647.5374146,0.00179432063558232,0.0025960491179765
647.7697754,0.00175786583628048,0.00255775484973737
648.0021362,0.00207037426993449,0.00288603211403532
648.2344971,0.00228819858863005,0.00311484760743768
648.4668579,0.00241111059712812,0.00324396162022551
648.6992798,0.00248750852655202,0.00332421450484709
648.9317017,0.002497410198417,0.00333461580414583
649.1641235,0.00232033487456591,0.00314860545489277
649.3965454,0.00220988693957277,0.00303258443900221
649.6289673,0.00214225484076282,0.00296153969913244
649.8613892,0.00231010164754843,0.00313785587053448
650.0938721,0.0021651436417115,0.00298558344371442
650.326355,0.00194095736239121,0.00275008497217595
650.5588379,0.00212913850716846,0.00294776152982152
650.7913208,0.00216914632179753,0.0029897880946198
651.0238037,0.00211404376102999,0.0029319051194531
651.2563477,0.00210238615850284,0.00291965928716903
651.4888916,0.00225518593161229,0.00308016916818315
651.7214355,0.00244117286835131,0.00327554080047464
651.9539795,0.00223681663243304,0.00306087297444168
652.1865234,0.00200965787514763,0.00282225203698072
652.4190674,0.00189810208162087,0.00270506726123769
652.6516724,0.00177939326757681,0.0025803685314569
652.8842773,0.00181820587945198,0.00262113958488948
653.1168823,0.00200186499345085,0.00281406593507458
653.3494873,0.00203639638718434,0.00285033974482328
653.5820923,0.0022141702427339,0.00303708387291333
653.8147583,0.00244087874506333,0.00327523183605018
654.0474243,0.0024634131730348,0.00329890332638565
654.2800293,0.00257270581907788,0.00341371075872083
654.5127563,0.00238866840114321,0.00322038701580085
654.7454224,0.0021407217354215,0.00295992923498769
654.9780884,0.00201676934045407,0.00282972233897753
655.2108154,0.00193739833544244,0.00274634636065548
655.4435425,0.00193879710599281,0.00274781571162398
655.6762085,0.00177727166015541,0.00257813987006665
655.9089966,0.00181530995101281,0.00261809753109753
656.1417236,0.00196476397804706,0.00277509284338223
656.3744507,0.00166418116242823,0.00245934295064312
656.6072388,0.00140240423413997,0.00218435704747888
656.8400269,0.00152834292059474,0.00231665046105255
657.0728149,0.00166368728084455,0.00245882414833983
657.305603,0.00170487866323698,0.0025020940024245
657.5384521,0.00170366096580092,0.00250081486131979
657.7712402,0.00171220368482338,0.00250978863651546
658.0040894,0.00150059983790627,0.00228750749303189
658.2369385,0.00155951063126551,0.00234939086000369
658.4697876,0.00160152336189054,0.00239352350664625
658.7026367,0.00162274425811101,0.00241581518586832
658.9354858,0.0013828867698585,0.00216385475349137
659.168396,0.00152330666722019,0.00231136008389127
659.4013062,0.0014757832421271,0.00226143867922
659.6342163,0.00129395763773498,0.00207043835551273
659.8671265,0.00137811600798454,0.00215884326423877
660.1000366,0.00119368249533985,0.00196510344010688
660.3330078,0.00116301161870841,0.00193288494489233
660.565918,0.00112503162175778,0.00189298851921442
660.7988892,0.00104217521691845,0.00180595127163623
661.0318604,0.00105739633734135,0.00182194043299599
661.2648315,0.00108862249624147,0.00185474222940963
661.4978638,0.00105711325056949,0.00182164306197806
661.730835,9.86900117102512E-4,0.00174788705129118
661.9638672,7.71535432577933E-4,0.00152165530248535
662.1968994,9.0966654657343E-4,0.00166675636003656
662.4299316,9.70394239684058E-4,0.00173054830551587
662.6629639,0.00105039329834908,0.00181458402838548
662.8960571,0.00116311232459285,0.00193299073228455
663.1290894,0.00118015823566769,0.00195089676121851
663.3621826,0.00117315521367641,0.00194354037446684
663.5952759,0.00104279363229416,0.00180660089156925
663.8283691,0.00136674869565805,0.00214690236987849
664.0614624,0.00128253822778765,0.00205844273474317
664.2946167,0.0013325131537806,0.00211093934034396
664.52771,0.0013209808083715,0.00209882508551387
664.7608643,0.00159212141701227,0.00238364715000643
664.9940186,0.00196217099259998,0.00277236901875139
665.2271729,0.00204393388625418,0.00285825757777698
665.4603882,0.00222687039870317,0.00305042486473554
665.6935425,0.00223913440265998,0.00306330769679612
665.9267578,0.00247652724627537,0.00331267912128782
666.1599731,0.00249583781893573,0.00333296408413138
666.3931885,0.00232424201963311,0.00315270975018771
666.6264038,0.0025620573104653,0.0034025249381165
666.8596191,0.00251500902881989,0.00335310265210686
667.0928955,0.0026097588642706,0.00345263345967821
667.3261108,0.00282085988788589,0.0036743864079511
667.5593872,0.00273744641787975,0.00358676398631262
667.7926636,0.00284412925707476,0.00369882992382664
668.0259399,0.00256589852246824,0.00340655997343754
668.2592773,0.00232066212460376,0.00314894921760633
668.4925537,0.00205704280297797,0.00287202795597022
668.7258911,0.00193275659925292,0.00274147040758096
668.9592285,0.00175258994513527,0.00255221274294802
669.1925659,0.0015138470233968,0.00230142311688124
669.4259033,0.0013999172684781,0.0021817445922746
669.6593018,0.00124606854966116,0.00202013283691031
669.8926392,0.00115754653993165,0.00192714410427235
670.1260376,0.00129070844965302,0.00206702521698632
670.359436,0.00151803226496092,0.0023058195411154
670.5928345,0.00139509614393477,0.00217668019910793
670.8262329,0.00105401241827853,0.00181838576511212
671.0596924,9.44002269572688E-4,0.00170282462572173
671.2930908,9.70716520555789E-4,0.00173088684832469
671.5265503,0.00112422552517295,0.00189214174788563
671.7600098,0.0011761253967915,0.0019466604297437
671.9934692,0.00121001687158571,0.00198226203094972
672.2269287,0.00158537533295563,0.002376560665994
672.4604492,0.00168225481426658,0.00247832857900518
672.6939697,0.00187941076626502,0.00268543280273875
672.9274292,0.00224932097965634,0.0030740082772247
673.1609497,0.00202994523702794,0.00284356307675017
673.3944702,0.00169156169225081,0.00248810507178042
673.6280518,0.00170679152466697,0.002504103384731
673.8615723,0.00168029937737558,0.0024762744729269
674.0951538,0.00162221960652394,0.00241526406094123
674.3287354,0.00163071208014405,0.00242418505540699
674.5622559,0.00160877973894663,0.00240114603247966
674.7958984,0.00163751477323738,0.00243133100488562
675.02948,0.0016816886862941,0.00247773388484006
675.2630615,0.00182036854079566,0.00262341137173761
675.4967041,0.00180115814086294,0.00260323163622697
675.7303467,0.00184204828698687,0.00264618505399351
675.9639893,0.00173853160919196,0.00253744503888932
676.1976318,0.0014704961950694,0.00225588485360313
676.4312744,0.00134448971218539,0.00212352022266723
676.664978,0.00131657343825558,0.00209419532436636
676.8986206,0.00130476672194802,0.00208179285418508
677.1323242,0.00143828141565591,0.00222204455197616
677.3660278,0.00146445564056607,0.00224953949938657
677.5997314,0.00127976402083069,0.00205552854436507
677.8334961,0.00116006375390025,0.00192978833407954
678.0671997,0.00115889222855393,0.00192855769485727
678.3009644,0.00105775779653175,0.00182232013101819
678.534668,0.00101947635206228,0.00178210704711235
678.7684326,8.21423244085585E-4,0.00157406039790007
679.0021973,6.45367813737566E-4,0.00138912140485058
679.2360229,0.0010285959595143,0.00179168681989101
679.4697876,9.18106756635846E-4,0.00167562245378319
679.7036133,7.81116685693701E-4,0.00153172001505843
679.937439,0.00109941881273132,0.00186608331611357
680.1712646,0.00124383435587654,0.00201778590817322
680.4050903,0.00151947815495016,0.00230733838911766
680.638916,0.00169204079263672,0.00248860834704301
680.8727417,0.00166606690031959,0.00246132384078718
681.1066284,0.00168308668578485,0.00247920242584212
681.3405151,0.00152445170931355,0.00231256290354487
681.5744019,0.00181362683531036,0.0026163294872344
681.8082886,0.00169292053851235,0.00248953248392454
682.0421753,0.00161848295332456,0.00241133886034558
682.276123,0.00168360495194817,0.00247974684314403
682.5100098,0.00172630247518839,0.00252459883628132
682.7439575,0.00166049672406414,0.00245547259958572
682.9779053,0.00163021997886526,0.00242366812324081
683.211853,0.00138264924348224,0.00216360524179632
683.4458008,0.00125826721551287,0.00203294703397713
683.6798096,0.00110685300696398,0.00187389263158202
683.9137573,0.00112001414546234,0.00188771786660295
684.1477661,0.00110336018625573,0.00187022356699589
684.3817749,0.00129479787436068,0.0020713209895512
684.6157837,0.00114779103439026,0.00191689634668858
684.8497925,0.0011968949279175,0.00196847796848681
685.0838623,0.0012008145291658,0.001972595348488
685.3178711,0.00132706924350532,0.00210522073636469
685.5519409,0.00160728591332915,0.00239957683007028
685.7860107,0.00134799556232324,0.0021272029741336
686.0200806,0.00129235464365926,0.0020687544761252
686.2541504,0.0012463733632347,0.00202045303104035
686.4882202,8.54413227430079E-4,0.0016087150193928
686.7223511,9.39033071300664E-4,0.00169760468718944
686.9564209,0.00103281606634928,0.00179611986865911
687.1905518,0.00134061801205721,0.00211945316082381
687.4246826,8.44335507136561E-4,0.00159812878845614
687.6588135,0.0011578600615323,0.00192747344582693
687.8930054,0.00119230899958065,0.00196366063926762
688.1271362,0.00148083957035812,0.00226675014419284
688.3613281,0.0014922586748588,0.00227874544410326
688.59552,0.00151060240425118,0.00229801477783466
688.8297119,0.0016766280109524,0.00247241785340612
689.0639038,0.00203048091458905,0.00284412578400978
689.2980957,0.00191550157521552,0.00272334471407515
689.5323486,0.00216456175640996,0.0029849721971228
689.7665405,0.00227232030820661,0.00309816812650906
690.0007935,0.00235052942256932,0.00318032358646245
690.2350464,0.00243129063304481,0.00326515991848169
690.4692993,0.00224209146219167,0.00306641396628805
690.7035522,0.00245949870309042,0.0032947913366083
690.9378662,0.00233937598655731,0.00316860736037942
691.1721191,0.00218530517498267,0.00300676230570199
691.4064331,0.00200813049063297,0.00282064758232923
691.6407471,0.00190793678327847,0.00271539821108629
691.875061,0.00173012625450273,0.00252861555927953
692.109375,0.00149286843544255,0.00227938597253307
692.343689,0.00166036171388812,0.00245533077694523
692.578064,0.00163867761378454,0.00243255252108335
692.812439,0.00141122314299845,0.00219362094874486
693.0467529,0.00105117726736079,0.00181540755560825
693.2811279,0.00143207541858189,0.0022155254071394
693.515564,0.00116305139563851,0.00193292672892243
693.749939,0.00113535287705977,0.00190383057366729
693.984314,0.00103656149299337,0.00180005428539781
694.21875,5.87906470215498E-4,0.00132876062535497
694.453186,8.234048400983E-4,0.00157614198306048
694.6876221,6.63911906074164E-4,0.00140860121161921
694.9220581,5.60791532203053E-4,0.00130027749749741
695.1564941,0.00102960635423782,0.00179274819801709
695.3909302,0.00107038327172062,0.00183558267375024
695.6254272,0.00123333416817146,0.00200675589258569
695.8599243,0.0015968423531133,0.00238860629933257
696.0944214,0.00175533796414966,0.00255509942396887
696.3289185,0.00216957452036928,0.00299023789961887
696.5634155,0.00212829240577474,0.00294687273508532
696.7979126,0.0023216158667567,0.00314995108453566
697.0324707,0.00227934949988284,0.0031055520034391
697.2669678,0.00216365592845337,0.00298402066208729
697.5015259,0.00211038100659877,0.0029280575464759
697.736084,0.0020237517836037,0.00283705710850191
697.9706421,0.00190376825949201,0.0027110193481904
698.2052612,0.00175043043426371,0.00254994426554135
698.4398193,0.00156373830790812,0.00235383186054357
698.6744385,0.00134369188043593,0.00212268213320826
698.9089966,0.00109029115184001,0.00185649508352796
699.1436157,8.03536122120363E-4,0.00155527071150265
699.3782349,4.83426791287656E-4,0.00121900901714355
699.612854,1.29963159327673E-4,8.47710000435722E-4
699.8475342,-2.56854773745374E-4,4.41373661394091E-4
700.0821533,-6.77027007949249E-4,0
