400.1708374,-3.06357773549572E-4,0.00157281877074731
400.3862915,-4.25802104842486E-4,0.00144781133489057
400.6017761,-5.34838672085743E-4,0.0013336964033726
400.8172913,-6.33467475279341E-4,0.0012304739761934
401.0328369,-7.21688514423281E-4,0.00113814405335297
401.2483826,-7.99501789517564E-4,0.00105670663485131
401.4639587,-8.66907300562188E-4,9.86161720688428E-4
401.6795349,-9.23905047557153E-4,9.26509310864315E-4
401.8951416,-9.70495030502461E-4,8.77749405378974E-4
402.1107788,-0.00100667724939811,8.39882004232404E-4
402.326416,-0.0010324517042441,8.12907107424606E-4
402.5420837,-0.00104781839504044,7.9682471495558E-4
402.7577515,-0.00105277732178711,7.91634826825325E-4
402.9734802,-0.00116763264603478,6.7143013043428E-4
403.1891785,-0.00106775961939036,7.75954730613546E-4
403.4049377,-7.35890000140503E-4,0.00112328113524167
403.620697,-6.8344161418514E-4,0.0011781722981134
403.8364868,-5.10989576266559E-4,0.00135865626780138
404.0522766,-5.56163930560307E-4,0.0013113779236923
404.2680969,-5.04180500833496E-4,0.00136578247505818
404.4839478,-4.82718773055805E-4,0.00138824378008206
404.6997986,-4.43182858869554E-4,0.00142962107445157
404.9156799,-5.71576914020462E-4,0.00129524708248451
405.1315918,-7.5530693453336E-4,0.00110295985959488
405.3475037,-7.63860917699244E-4,0.00109400747574916
405.563446,-7.47143794216514E-4,0.00111150319713549
405.7793884,-8.04825791837471E-4,0.00105113466779936
405.9953613,-7.49609495795335E-4,0.00110892265581871
406.2113647,-5.33997774250323E-4,0.00133457646591793
406.4273682,-3.3585482261617E-4,0.00154194790036575
406.6434021,-3.12669635431374E-4,0.0015662129346998
406.8594666,-3.00288548801197E-4,0.00157917066886772
407.075531,-3.01645786324159E-4,0.00157775021817946
407.291626,-3.56792308876015E-4,0.00152003525334184
407.5077515,-3.11844925818972E-4,0.00156707605505768
407.723877,-2.30479025555261E-4,0.00165223156179495
407.940033,-1.88954089855084E-4,0.00169569051610284
408.156189,-2.75571464823872E-4,0.0016050389478929
408.3723755,-2.21202334986455E-4,0.00166194031304911
408.5885925,-9.0501866764726E-5,0.00179872813898291
408.8048096,2.22666718227979E-6,0.00189577549262453
409.0210571,-2.28640598707705E-5,0.00186951616814481
409.2373352,-2.65467068222342E-5,0.00186566200237918
409.4536133,-8.68039014300246E-5,0.00180259833658354
409.6699219,-2.37929638077774E-4,0.00164443393794022
409.8862305,-2.60968690533213E-4,0.001620321844542
410.1025696,-2.58354619179548E-4,0.00162305766593704
410.3189392,-4.45319390965708E-4,0.00142738503364432
410.5353088,-5.30981882898261E-4,0.00133773282202678
410.751709,-6.45270803791837E-4,0.00121812090915413
410.9681396,-5.83707383754567E-4,0.00128255163766278
411.1845703,-6.13201799929201E-4,0.00125168352279979
411.4010315,-7.63197087599977E-4,0.00109470222365101
411.6174927,-7.61995818583204E-4,0.00109595944161972
411.8340149,-7.70194757501562E-4,0.00108737863816228
412.0505066,-9.53839153050868E-4,8.95181028208038E-4
412.2670593,-0.00117618248299122,6.62482085907194E-4
412.4836121,-0.00121872582155231,6.17957296754448E-4
412.7001648,-0.00117134603905411,6.67543786606575E-4
412.9167786,-9.76728898584265E-4,8.71225195682789E-4
413.1333618,-0.00100713157323627,8.39406520319169E-4
413.3500061,-0.00104400267309993,8.00818153660971E-4
413.5666504,-7.88583129402531E-4,0.00106813383017483
413.7833252,-5.87808992612589E-4,0.00127825899689298
414,-4.56771082088135E-4,0.00141539998146191
414.2167053,-4.73422495476821E-4,0.00139797303060892
414.4334412,-6.0357342009343E-4,0.00126176034320387
414.650177,-8.03803183123082E-4,0.00105220490438478
414.8669434,-8.34301145260135E-4,0.00102028650353359
415.0837097,-7.76629203882792E-4,0.00108064450825784
415.3005371,-7.31409662467152E-4,0.00112797014407327
415.517334,-7.78934741580891E-4,0.00107823159043419
415.7341919,-5.70113439354572E-4,0.00129677871829715
415.9510498,-4.5229641862062E-4,0.00142008305181227
416.1679077,-3.53193750544118E-4,0.00152380141407112
416.3847961,-4.0597501273492E-4,0.00146856187129555
416.6017151,-4.41418364969587E-4,0.00143146774943088
416.8186646,-2.19781594656427E-4,0.00166342722417962
417.035614,-2.74751502941103E-4,0.00160589709939625
417.252594,-3.67948189024562E-4,0.00150835978949186
417.469574,-3.47601615049239E-4,0.00152965400256663
417.6865845,-1.16170631788987E-4,0.00177186385448687
417.903595,1.96215044728328E-5,0.00191398049225323
418.1206665,1.63811215425262E-4,0.00206488582068514
418.3377075,1.55697962090827E-4,0.00205639469360682
418.5548096,3.12180001358746E-4,0.00222016486398473
418.7719116,3.56504513332949E-4,0.00226655378447614
418.9890442,3.69555598683843E-4,0.00228021272247013
419.2061768,4.15701015679418E-4,0.00232850735640307
419.4233398,3.95845011011264E-4,0.00230772656083867
419.6405029,1.71550979319302E-4,0.00207298606309981
419.8577271,2.28141915789177E-4,0.00213221271525028
420.0749207,1.73877944092597E-4,0.00207542140596196
420.2921753,2.52679064955592E-4,0.00215789267902358
420.5094299,3.23335377096211E-4,0.00223183979993074
420.7266846,3.13529156760493E-4,0.00222157685612801
420.9439697,2.87646031871981E-4,0.00219448822798426
421.1612854,2.76708794089536E-4,0.00218304158974083
421.3786316,1.06077088140193E-4,0.00200446273375242
421.5959778,6.00832353297585E-6,0.00189973327913959
421.8133545,-7.49765987281933E-5,0.00181497649440696
422.0307312,-8.67507242502899E-5,0.00180265399048366
422.2481384,-3.66093747017275E-4,0.00151030060190017
422.4655457,-5.10565551370367E-4,0.00135910004160328
422.6829834,-6.61269848131478E-4,0.00120137671135581
422.9004517,-4.67544342073324E-4,0.00140412495826082
423.1179504,-3.66402750084927E-4,0.00150997720705388
423.3354492,-2.52428163687816E-4,0.00162926014534081
423.552948,-1.93071320604918E-4,0.00169138152585361
423.7704773,-3.51913525960773E-5,0.00185661473332605
423.9880371,5.35837036521642E-5,0.00194952447654707
424.2056274,2.31736737942377E-4,0.00213597496578882
424.4232178,2.97133991317965E-4,0.00220441808793673
424.6408081,3.09463671442922E-4,0.00221732202134798
424.8584595,6.36043414413081E-5,0.0019600118242689
425.0761108,1.24775698082844E-4,0.00202403222907894
425.2937622,-6.71414456117932E-5,0.00182317656878491
425.5114441,1.16769459977936E-4,0.00201565310145087
425.7291565,5.45704064531535E-5,0.00195055713490573
425.9468689,-6.07038713347208E-5,0.00182991397226654
426.1646118,-1.5698271441875E-4,0.00172915095429064
426.3823853,-1.50793409493697E-4,0.0017356285253067
426.6001587,-3.12144795347329E-4,0.00156676221914412
426.8179626,-2.64370144360866E-4,0.00161676196843421
427.0357666,-1.90509907216276E-4,0.0016940622367456
427.2536011,-2.49290138295958E-4,0.00163254432386685
427.4714661,-4.67726972535156E-4,0.00140393382180842
427.6893311,-3.5410015941045E-4,0.00152285278932693
427.9072266,-2.34919991619929E-4,0.0016475837582997
428.1251221,-1.14635059212228E-4,0.00177347094616142
428.3430481,1.21037993211005E-6,0.00189471187192472
428.5610046,4.71793259146267E-6,0.00189838278840382
428.7789612,8.49111704380231E-5,0.00198231101612076
428.9969482,-4.47253921454301E-5,0.00184663664709525
429.2149658,-1.42753400976754E-4,0.00174404299619946
429.4329834,-3.30281754246203E-4,0.00154778053368742
429.651001,-5.21932168058628E-4,0.00134720402618601
429.8690796,-6.36737743596454E-4,0.00122705139554465
430.0871277,-7.91052710838375E-4,0.00106554922829718
430.3052368,-7.88512182307708E-4,0.00106820808162159
430.5233459,-7.69489610890124E-4,0.00108811662688761
430.7414856,-5.95177264294452E-4,0.00127054754889311
430.9596252,-8.11268244199225E-4,0.00104439215903687
431.1777954,-7.01285287991959E-4,0.00115949755746468
431.3959961,-6.48903653046085E-4,0.00121431886040714
431.6141968,-6.14883314914201E-4,0.00124992369146787
431.8323975,-5.64587729278278E-4,0.00130256178761863
432.0506592,-4.25828088286916E-4,0.00144778414127052
432.2689209,-3.04969384326414E-4,0.00157427182402225
432.4871826,-4.07802995464346E-4,0.00146664875050261
432.7054749,-3.04172959878182E-4,0.00157510534183804
432.9237976,-2.09469130275689E-4,0.00167421999027949
433.1421509,-1.03903730866162E-4,0.00178470208476262
433.3604736,-3.69538670365392E-5,0.00185477012999932
433.5788574,1.83360494059728E-5,0.00191263516727984
433.7972412,-3.79597687699884E-5,0.00185371737852035
434.0156555,-2.8680215840224E-4,0.00159328518618711
434.2340698,-5.94946079052056E-4,0.00127078950155881
434.4525146,-5.38589001385235E-4,0.00132977140296217
434.67099,-6.896542694045E-4,0.00117167028926603
434.8894653,-8.03267596479341E-4,0.00105276543590844
435.1079712,-8.53562137194047E-4,0.00100012843334597
435.3264771,-0.00103583297339119,8.09368356096325E-4
435.5450134,-0.00106605592796864,7.77737771246911E-4
435.7635803,-0.00104990933518661,7.9463638953759E-4
435.9821472,-0.00122768556948698,6.08580249697367E-4
436.2007446,-0.0013902674922593,4.38426094515341E-4
436.419342,-0.00119568600463901,6.42070190215059E-4
436.63797,-0.00112441600663805,7.16659579323594E-4
436.8565979,-0.00118052164714197,6.57940825737072E-4
437.0752869,-0.00115280936194128,6.86943807102293E-4
437.2939453,-0.00112720702592551,7.13738568667205E-4
437.5126648,-0.00109364011007142,7.48868859365122E-4
437.7313843,-0.00140977151277983,4.1801367671555E-4
437.9501038,-0.00128848753304591,5.44946442405846E-4
438.1688538,-0.0012718614467978,5.62346886509913E-4
438.3876343,-0.00113400891707544,7.06619880300617E-4
438.6064148,-0.00141225608318587,4.15413387758311E-4
438.8252258,-0.00142166056665496,4.05570891665767E-4
439.0440674,-0.00150204405528779,3.2144355225635E-4
439.2629089,-0.00171795433564844,9.54772780025517E-5
439.481781,-0.00166349377841173,1.52474328777577E-4
439.7006531,-0.00166133139755863,1.54737422244348E-4
439.9195557,-0.00169380644181109,1.20749856929262E-4
440.1384583,-0.00174210363901196,7.02032239011754E-5
440.3574219,-0.00174381234776962,6.84149322500841E-5
440.576355,-0.00180918266575956,0
440.7953491,-0.0016579569847782,1.58268997871564E-4
441.0143127,-0.00178224261691646,2.81947781973146E-5
441.2333374,-0.00165167902777376,1.64839349926364E-4
441.4523621,-0.00144035447141532,3.86006320664797E-4
441.6714172,-0.00125753418778715,5.77341435789814E-4
441.8904724,-0.00115793550323874,6.81578916424774E-4
442.1095581,-0.00131043809634381,5.21973534409469E-4
442.3286438,-0.001322453225652,5.09398801979336E-4
442.54776,-0.00131504026924691,5.17157015887753E-4
442.7669067,-0.00135361878341181,4.76781712324033E-4
442.9860535,-0.00146365756362801,3.61617889891153E-4
443.2052307,-0.00119441893920164,6.43396269064293E-4
443.424408,-0.00109421126919628,7.48271098576541E-4
443.6436157,-0.00109464306203434,7.47819195041877E-4
443.862854,-0.00116817578356587,6.70861696341649E-4
444.0820923,-0.00102423432611031,8.215072089016E-4
444.3013611,-0.00117289284145183,6.65924942083587E-4
444.5206299,-0.00111287689483242,7.28736123796425E-4
444.7399292,-9.24560472622068E-4,9.25823359460224E-4
444.9592285,-9.3031582081373E-4,9.19799956657306E-4
445.1785889,-8.29609352209198E-4,0.00102519681625015
445.3979187,-7.97256378994503E-4,0.00105905662508438
445.6172791,-5.39862625361623E-4,0.0013284384601108
445.8366699,-4.07507916592029E-4,0.00146695757263593
446.0560913,-2.54469945451246E-4,0.00162712326785099
446.2755127,-3.06394549765923E-4,0.00157278028168336
446.4949341,-1.07818056093372E-4,0.00178060545033496
446.7144165,-9.35144946647441E-5,0.00179557519832097
446.9338989,-2.28426628502435E-4,0.00165437954897991
447.1533813,-1.86690744783275E-4,0.00169805927618398
447.3728943,-2.22085104366338E-4,0.00166101642879745
447.5924072,-2.68394038745498E-4,0.00161255066167954
447.8119812,-3.26942825804491E-4,0.00155127497229736
448.0315247,-3.74161230423177E-4,0.00150185737647899
448.2511292,-3.60306840928298E-4,0.00151635703240547
448.4707336,-4.60994431328298E-4,0.00141097993026714
448.6903381,-6.7772249439767E-4,0.0011841577851788
448.9099731,-8.03786967912182E-4,0.00105222187481707
449.1296387,-9.79520842448684E-4,8.68303217387385E-4
449.3493042,-0.0011808346047465,6.57613292171848E-4
449.5690002,-0.00130904069769362,5.23436016724355E-4
449.7886963,-0.00139365122753136,4.34884762202629E-4
450.0084229,-0.00151646516170292,3.06350784641018E-4
450.2281799,-0.00173465583105374,7.79979125693851E-5
450.447937,-0.0016792851445234,1.35947481794322E-4
450.6677246,-0.0013489936549034,4.81622255605456E-4
450.8875122,-0.00107203408355981,7.71481183818145E-4
451.1073303,-0.00103664893575107,8.08514390393132E-4
451.3271484,-9.25377053258705E-4,9.24968746684118E-4
451.5470276,-8.57523479758029E-4,9.95982591755054E-4
451.7668762,-6.22424789050667E-4,0.00124203097413106
451.9867554,-4.86865132641933E-4,0.00138390430432469
452.206665,-5.42541998788193E-4,0.00132563429520709
452.4266052,-4.98032613890377E-4,0.00137221669905506
452.6465454,-5.57390152787015E-4,0.00131009459032108
452.8664856,-5.67455500016097E-4,0.00129956045082283
453.0864563,-6.05912909112406E-4,0.00125931189278089
453.3064575,-5.83414995194454E-4,0.00128285764418295
453.5264587,-5.12091636500348E-4,0.00135750287925214
453.7464905,-8.0352547702943E-4,0.00105249554460448
453.9665527,-6.79834613737449E-4,0.00118194729414895
454.186615,-5.85367456393198E-4,0.00128081424735179
454.4066772,-6.60121796719671E-4,0.00120257823311635
454.62677,-6.0215223162373E-4,0.0012632477233461
454.8468933,-5.3469113476972E-4,0.00133385081222038
455.0670471,-6.77219555197534E-4,0.00118468414870832
455.2871704,-6.92743613182848E-4,0.00116843705969347
455.5073547,-6.17506210854887E-4,0.00124717863448178
455.7275391,-3.97681473245786E-4,0.00147724168133334
455.9477539,-2.60587683464568E-4,0.00162072059696649
456.1679688,-3.30694132386906E-4,0.00154734894908718
456.3882141,-2.71559917052665E-4,0.00160923733299219
456.6084595,-1.43637624352047E-4,0.00174311759023274
456.8287354,-2.28265740223988E-4,0.0016545479306095
457.0490417,-3.03064430642597E-4,0.00157626550068202
457.2693481,-4.99688612357438E-4,0.00137048357266966
457.4896545,-6.99036381957727E-4,0.00116185120601191
457.710022,-7.86087285295805E-4,0.00107074591790393
457.9303589,-7.84102143854076E-4,0.00107282351705625
458.1507568,-7.57489578638781E-4,0.00110067555911738
458.3711548,-8.3355365199852E-4,0.00102106881119895
458.5915527,-7.73683212654414E-4,0.00108372770865362
458.8119812,-7.15012184428916E-4,0.00114513133256911
459.0324402,-7.01009543044114E-4,0.00115978614519846
459.2528992,-4.15383180813573E-4,0.00145871551898321
459.4733887,-5.51955047515264E-4,0.00131578283493076
459.6939087,-4.2750429236538E-4,0.00144602986819993
459.9144287,-2.83158439265931E-4,0.00159709861107954
460.1349487,-4.75830223048974E-4,0.00139545316343081
460.3554993,-6.55378000990539E-4,0.00120754297052923
460.5760803,-6.29032362046705E-4,0.00123511565426171
460.7966614,-6.98822825744928E-4,0.00116207470857821
461.0172729,-6.54814734811865E-4,0.00120813247075866
461.237915,-8.76216556419788E-4,9.7641888742128E-4
461.4585571,-8.69178939298203E-4,9.83784280666719E-4
461.6791992,-7.54966377663207E-4,0.00110331627785802
461.8998718,-8.26866307133932E-4,0.0010280676183015
462.120575,-9.76031575920213E-4,8.7195499606138E-4
462.3412781,-0.0011121919331439,7.29452987488609E-4
462.5620117,-0.00104013839284655,8.04862412276496E-4
462.7827454,-9.52802777040561E-4,8.96265673299434E-4
463.0035095,-9.63793851843807E-4,8.8476269058279E-4
463.2243042,-8.33691787512483E-4,0.00102092424204097
463.4450989,-6.41839662702696E-4,0.00122171185520384
463.6659241,-5.28501665256155E-4,0.00134032855549065
463.8867493,-4.92447333121672E-4,0.00137806211356639
464.107605,-5.38566788718705E-4,0.00132979465018082
464.3284607,-3.22605564221865E-4,0.00155581424128748
464.5493469,-3.23326657821817E-4,0.00155505956284467
464.7702332,-2.41372896448068E-4,0.00164083031024853
464.9911499,-7.07969812393624E-5,0.00181935077704964
465.2120972,-4.85171006368985E-5,0.00184266834026223
465.4330444,-1.58034252087382E-4,0.0017280504413886
465.6540222,-1.21139044720068E-4,0.00176666403835438
465.875,-1.08847564118783E-4,0.00177952799310399
466.0960083,9.72431250297584E-6,0.00190362233982404
466.3170471,6.0687338483826E-5,0.00195695896226905
466.5380859,-1.37991649651981E-5,0.00187900325937962
466.7591248,7.32581151993237E-5,0.00197011522131393
466.9802246,5.56816598599614E-5,0.00195172014479886
467.2012939,9.72274174228599E-5,0.00199520089074509
467.4224243,-2.53789491079614E-5,0.00186688414826072
467.6435242,-8.11813484262222E-5,0.00180848275927958
467.8646851,1.35392643409855E-4,0.00203514365728649
468.0858459,6.50451755343574E-5,0.00196151976502689
468.3070068,8.80355406020484E-5,0.00198558090342846
468.5281982,3.35397380115188E-4,0.00224446358920879
468.7494202,5.15296987936928E-4,0.00243274199842253
468.9706421,3.94033991173005E-4,0.00230583119298139
469.1918945,3.29051262429952E-4,0.00223782190189814
469.413147,2.96015397183807E-4,0.0022032473954228
469.6344299,5.19768242836174E-4,0.00243742150145099
469.8557434,4.16103040057585E-4,0.00232892810501561
470.0770569,4.52534119390968E-4,0.0023670559572432
470.2983704,4.09179962817384E-4,0.00232168258633198
470.5197144,2.71105739890833E-4,0.00217717757400425
470.7410889,2.7870218593461E-5,0.00192261338918666
470.9624634,8.69957556369971E-5,0.00198449269061069
471.1838684,1.43406261417315E-5,0.00190845365768438
471.405304,2.11071805876456E-4,0.00211434756713581
471.6267395,7.29012035123015E-5,0.0019697416865104
471.848175,2.71755759238957E-5,0.00192188639362296
472.0696411,4.51411668517218E-5,0.00194068872966712
472.2911377,-4.38738205856502E-5,0.0018475278804923
472.5126343,9.99571234028207E-6,0.00190390638007431
472.7341614,-1.99661929775042E-4,0.00168448395989821
472.9556885,-2.03155270156993E-4,0.00168082791763153
473.1772461,-1.61600271906443E-4,0.00172431833464926
473.3988037,-2.69065238837283E-4,0.0016118482005287
473.6203918,-9.02036260439692E-5,0.00179904027022737
473.8420105,-7.72770946191576E-5,0.00181256885321198
474.0636292,-7.13543133312735E-5,0.00181876748728631
474.2852478,-2.29651973661476E-4,0.00165309713352567
474.506897,-3.14824376921805E-4,0.00156395783639804
474.7285767,-4.00190477692839E-4,0.00147461582032274
474.9502563,-2.7458924122424E-4,0.00160606691843197
475.1719666,-3.2390347835177E-4,0.00155445587697177
475.3937073,-2.95992554808437E-4,0.00158366674823522
475.615448,-2.60540332429076E-4,0.00162077015337044
475.8371887,-2.35446471251907E-4,0.00164703275794571
476.05896,-1.2262263299555E-4,0.00176511135214334
476.2807617,1.43721593063706E-4,0.00204386052671293
476.5025635,1.31919282479285E-5,0.00190725145933203
476.7243958,2.53132947238721E-4,0.00215836770081642
476.946228,2.23770464114672E-4,0.00212763766376909
477.1680908,1.98104901229948E-4,0.00210077673055183
477.3899536,2.50040803503909E-4,0.00215513154087977
477.6118469,3.37150156686064E-4,0.0022462980011259
477.8337708,4.79002911583832E-4,0.00239475753007164
478.0556946,6.66178971386837E-4,0.00259065129109377
478.2776184,6.82177612191446E-4,0.00260739506656246
478.4995728,7.16512819585929E-4,0.00264332943188172
478.7215576,9.33282568076663E-4,0.00287019520388462
478.9435425,0.00102565695206832,0.0029668719130817
479.1655579,0.00107299038241622,0.003016409891938
479.3875732,0.0010084741424606,0.00294888881629823
479.6096191,9.38741439156547E-4,0.00287590832119193
479.8316956,9.25342117470354E-4,0.00286188492779955
480.053772,0.00102799561465865,0.00296931949858522
480.2758484,0.00118144647773702,0.00312991731612743
480.4979553,0.00124169349991771,0.00319297033571647
480.7200928,0.00127353800057569,0.00322629798994923
480.9422302,0.00150924051357718,0.00347297831756604
481.1643982,0.00167024530887815,0.00364148189076498
481.3865662,0.00166119641786651,0.00363201154880344
481.6087646,0.00173680408153154,0.00371114062980357
481.8309631,0.00176626086728682,0.00374196936161521
482.0531921,0.0018976458113132,0.00387947354272734
482.2754517,0.00195025589606897,0.00393453393550058
482.4977112,0.00180798529945022,0.00378563710390876
482.7199707,0.00208801401004481,0.00407870811614337
482.9422607,0.00221666417271418,0.00421335014380404
483.1645813,0.00241042407721954,0.00441613439125956
483.3869019,0.00257599803318118,0.00458941993319678
483.6092529,0.00252104132966553,0.00453190362819288
483.831604,0.00277009544562833,0.00479255740798364
484.0539856,0.00297107560087519,0.00500289818844218
484.2763672,0.00296621004415045,0.00499780601903078
484.4987793,0.00317767112058669,0.0052191158682523
484.7212219,0.00303747524848862,0.00507239039121228
484.9436646,0.00326878838480978,0.0053144769074872
485.1661072,0.00352434836631838,0.00558193956268549
485.3885803,0.00370290902300881,0.005768816659289
485.611084,0.00409233505251393,0.00617638015667194
485.8335876,0.00441608501010099,0.00651520872742629
486.0561218,0.00474059452016649,0.00685483222671933
486.278656,0.00518542061536785,0.00732037604082403
486.5012207,0.00534746441499961,0.00748996700984855
486.7237854,0.00574510408579208,0.00790612669781889
486.9463806,0.00621701826462686,0.00840002021961281
487.1690063,0.00659209501794705,0.00879256612509448
487.3916321,0.00669028800730783,0.00889533244046693
487.6142578,0.00691839570887981,0.00913406422927623
487.8369141,0.00721777231464773,0.00944738426244521
488.0596008,0.00767472314649971,0.00992561752127054
488.2822876,0.00785772670388464,0.0101171444461043
488.5049744,0.00836917174764348,0.0106524099778367
488.7277222,0.00867110782721623,0.010968408691978
488.9504395,0.00888985773631652,0.0111973468503195
489.1732178,0.00904238702983923,0.011356980176321
489.3959961,0.00929755195049469,0.011624029370757
489.6187744,0.00958748140374107,0.0119274622514753
489.8415833,0.0100551861671173,0.0124169503048202
490.0643921,0.0104908329749654,0.0128728873074287
490.2872314,0.0109536175695865,0.0133572260357833
490.5101013,0.0112761756399072,0.0136948072072733
490.7329712,0.0117761169757882,0.0142180332473942
490.9558411,0.0122314936478139,0.0146946190300992
491.1787415,0.0127343982138682,0.0152209463124624
491.4016724,0.0133798062437888,0.0158964141394275
491.6246033,0.0139489695246039,0.0164920861277785
491.8475647,0.0146654728834804,0.0172419605396185
492.0705261,0.0154599979943886,0.0180734905566845
492.2935181,0.0164791369418518,0.0191400957712232
492.51651,0.0172429071947273,0.0199394385266486
492.7395325,0.0180455046853511,0.0207794168934905
492.9625854,0.0189604181182497,0.0217369423033575
493.1856384,0.0200710729113859,0.0228993257024615
493.4086914,0.0209067974845082,0.023773974041463
493.6317749,0.0220370016419208,0.0249568173140022
493.8548889,0.0233233682606802,0.0263030962946973
494.0780029,0.024272109298315,0.0272960248256959
494.3011169,0.025292680855801,0.0283641293738873
494.524292,0.0264719753512348,0.0295983493607081
494.7474365,0.0279347437458841,0.0311292460076069
494.9706116,0.0291773643722068,0.032429741531822
495.1938171,0.0305450821834589,0.0338611606264707
495.4170227,0.0318803577174783,0.0352586264489438
495.6402588,0.0329327137168618,0.0363599957953785
495.8635254,0.034393920354514,0.0378892579466463
496.0867615,0.0360358406886319,0.0396076505118471
496.3100586,0.0377257338928058,0.0413762502774355
496.5333557,0.0394099634928502,0.0431389226572513
496.7566528,0.0411566229223826,0.0449669325279365
496.9799805,0.0428503840146918,0.046739580328059
497.2033386,0.0446441287248135,0.0486168684702985
497.4266968,0.0467196044115073,0.0507890091735718
497.6500549,0.0491449389358976,0.0533273033454849
497.8734436,0.0511305670484425,0.0554054118352516
498.0968628,0.0534380412892657,0.0578203563958555
498.320282,0.0558199783732638,0.0603132318971004
498.5437317,0.0585123327562918,0.0631309823436631
498.7671814,0.0610033832939981,0.0657380532438683
498.9906616,0.0640027945980734,0.0688771617485884
499.2141418,0.0668766426029759,0.0718848588594196
499.4376526,0.069877625422199,0.075025612072406
499.6611633,0.0733394039459324,0.0786486224913317
499.8847046,0.0767837503320445,0.0822533888730399
500.1082764,0.0801636507161276,0.0857907076883575
500.3318176,0.0836169423171343,0.0894048359072082
500.5554199,0.0873299622156058,0.0932907892359998
500.7790222,0.0912193291067575,0.0973613028962645
501.0026245,0.0951821662092928,0.101508708633679
501.2262573,0.0997750951809198,0.106315552688984
501.4499207,0.104695863052688,0.111465504699578
501.673584,0.10955311544275,0.11654898300297
501.8972778,0.114357146240794,0.121576760925454
502.1209717,0.1192622773164,0.126710347858089
502.3446655,0.124415525738904,0.132103608171551
502.5683899,0.129896738046779,0.137840107246702
502.7921448,0.135825290691538,0.144044781478128
503.0158997,0.142009968962303,0.150517510354071
503.2396851,0.148350657225063,0.157153515367575
503.4634705,0.15499388435702,0.164106149959697
503.6872864,0.161769538380446,0.171197379208943
503.9111023,0.168908496670725,0.17866883357514
504.1349487,0.176588751856251,0.186706795670752
504.3588257,0.184561414107324,0.195050783653859
504.5826721,0.192744891022725,0.203615404967519
504.8065796,0.201649509076599,0.212934754476612
505.0304871,0.210544217342242,0.222243732650343
505.2543945,0.21973460686029,0.231862163393269
505.4783325,0.229356296577256,0.241931982087113
505.702301,0.238849101927942,0.251866913641682
505.9262695,0.248718933288174,0.262196431144321
506.150238,0.2589424527743,0.272896109752407
506.3742371,0.269969381237778,0.284436616008956
506.5982666,0.281716230749488,0.296730573545148
506.8222961,0.293690992629894,0.309263058439669
507.0463257,0.305621362013797,0.321749083262799
507.2703857,0.317911292789971,0.334611416004391
507.4944763,0.330508657537237,0.347795501415242
507.7185669,0.343433767819343,0.361322597067605
507.942688,0.356993679697333,0.375514060119577
508.1668091,0.370158086001604,0.389291596975953
508.3909607,0.384081981058203,0.403863995676862
508.6151123,0.398137536488483,0.418574186816639
508.8392944,0.412150079364561,0.433239362097963
509.0634766,0.426525249074396,0.448284053511784
509.2876892,0.441269125372348,0.463714623976246
509.5119019,0.455916323649488,0.479044013653354
509.736145,0.470363671325333,0.494164244712786
509.9603882,0.485679774915903,0.510193693883364
510.1846619,0.501522565620367,0.526774360553291
510.4089355,0.516963674716444,0.542934637344922
510.6332397,0.532533140124174,0.559229248627124
510.8575439,0.548333500345952,0.575765508620021
511.0818787,0.563599711861623,0.591742741998646
511.3062439,0.57966876283285,0.608560206978531
511.5306091,0.596114643749971,0.625772052711193
511.7549744,0.612437603125913,0.642855251847504
511.9793701,0.629231297191652,0.660431110082018
512.2037964,0.646189071643517,0.678178690725809
512.4282227,0.66321156296114,0.695994002415163
512.6526489,0.680325577055169,0.713905099542613
512.8770752,0.697113328816348,0.731474738710487
513.1015625,0.713056756849256,0.748160729879652
513.3260498,0.729693818334261,0.765572660390872
513.5505371,0.746522303607266,0.783184930228713
513.7750854,0.763071540560019,0.800504945791244
513.9996338,0.779818332764,0.818031717715744
514.2241821,0.796080210965198,0.835050990829353
514.4487305,0.81205428982201,0.851769060380652
514.6733398,0.827883280101546,0.868335283872613
514.8978882,0.843357240535691,0.884529942049211
515.1224976,0.858379914937044,0.900252295603341
515.347168,0.873612341754879,0.916194170766119
515.5717773,0.887711459833121,0.930949953478655
515.7964478,0.899448092976812,0.943233218820785
516.0211182,0.910816551222899,0.955131161566202
516.2457886,0.920873372005257,0.965656377499559
516.47052,0.929315512218029,0.974491709320822
516.6952515,0.936625859138783,0.982142534721197
516.9199829,0.942222389866957,0.987999723157431
517.1447144,0.946907083130261,0.992902605414646
517.3695068,0.950904967332193,0.997086690565663
517.5942993,0.953097867982222,0.999381725285029
517.8190918,0.953688628118841,1
518.0438843,0.952494889354937,0.99875066300474
518.2687378,0.949609833215401,0.995731235741827
518.4935913,0.945100735794667,0.991012127681254
518.7184448,0.94039482664259,0.986087041407939
518.9432983,0.934031957374667,0.979427822311772
519.1682129,0.925905444714184,0.97092281835597
519.3931274,0.91790426385629,0.962548983515549
519.618042,0.907920212528174,0.952099926264526
519.8429565,0.89716009904715,0.940838661864361
520.0679321,0.885343463580077,0.928471668100797
520.2929077,0.87288791441859,0.915436003318624
520.5178833,0.859330345000734,0.90124699182657
520.7428589,0.845419761942551,0.886688525128712
520.9678955,0.83050551962916,0.871079653873272
521.1929321,0.814610493560831,0.854444318984042
521.4179688,0.799363585079227,0.838487287675845
521.6430054,0.782792421798029,0.821144324568906
521.868103,0.76642133539343,0.804010756893689
522.0932007,0.749643464276483,0.786451458559798
522.3182983,0.73283218442887,0.768857195487851
522.543396,0.716795177728889,0.752073267237077
522.7685547,0.70009477782172,0.734595048324722
522.9937134,0.682900884240677,0.716600351333292
523.2188721,0.665905528045933,0.69881343858172
523.4440308,0.649097976192387,0.681223077134691
523.6692505,0.632335788116232,0.663680192277226
523.8944702,0.615555347302338,0.646118204563078
524.1196899,0.599752318469295,0.629579151668685
524.3449097,0.583326265943904,0.61238805783258
524.5701904,0.56745314225944,0.595775645427961
524.7954712,0.552022174374338,0.579625982172919
525.020752,0.536070167646106,0.562931012756785
525.2460327,0.521334980332019,0.547509535964507
525.4713745,0.506505812338184,0.531989701354254
525.6967163,0.492372206474686,0.517197824592243
525.9220581,0.478619153449295,0.502804224868453
526.1474609,0.465588813531285,0.489166998523256
526.3728027,0.453133225252387,0.476131292801784
526.5982056,0.440612535850918,0.463027453881225
526.8236084,0.429157483915903,0.451038884356813
527.0490723,0.417422530078725,0.438757376534683
527.2744751,0.406399693321044,0.42722115255461
527.499939,0.395096810148599,0.415391839033563
527.7254028,0.384563937774531,0.404368399466058
527.9509277,0.374033332000387,0.393347332065079
528.1763916,0.363792536107923,0.382629572404223
528.4019165,0.353794604768058,0.372165988681665
528.6274414,0.344018567501797,0.361934633721016
528.8530273,0.334850020390242,0.352339062691892
529.0785522,0.325914787540483,0.342987672506685
529.3041382,0.317164577637507,0.333829922688513
529.5297241,0.308471236112097,0.324731689885372
529.7553101,0.299753941124812,0.31560838799091
529.980957,0.291541882022647,0.307013853278768
530.206604,0.283538609955536,0.298637829831326
530.432251,0.275505923178879,0.290231021687976
530.6578979,0.268110598733836,0.282491260945907
530.883606,0.260188071709546,0.274199743231404
531.109314,0.252624968907111,0.266284389876251
531.335022,0.245586100103845,0.258917686652215
531.56073,0.238598928688213,0.251605088615078
531.786499,0.231965987188309,0.244663218707017
532.0122681,0.225180085854126,0.237561264879816
532.2380371,0.218982129657411,0.231074639660209
532.4638062,0.212420715963053,0.224207628956156
532.6895752,0.206123219054145,0.217616826928324
532.9154053,0.199755630218473,0.210952668451139
533.1412354,0.194293723074802,0.205236373675763
533.3671265,0.188320436224,0.198984881748328
533.5929565,0.183050510273662,0.193469509665988
533.8188477,0.177532956955072,0.187694977002162
534.0447388,0.172479605791285,0.182406266649558
534.2706299,0.168045224851459,0.177765354980504
534.496582,0.163377219299652,0.17287993766283
534.7224731,0.158823995935884,0.168114648499028
534.9484253,0.154437196871227,0.163523534824937
535.1744385,0.150619128962242,0.15952764088788
535.4003906,0.146644611224734,0.155368010491403
535.6264038,0.142639919684039,0.151176800950684
535.852417,0.13878356034045,0.14714083216032
536.0784302,0.134868795288659,0.143043737423309
536.3044434,0.131325987202744,0.139335923500631
536.5305176,0.127840875450626,0.135688493111171
536.7565918,0.124375793964199,0.132062025894484
536.982666,0.120941748299018,0.128468039988477
537.2088013,0.117756930477096,0.125134889680882
537.4348755,0.114399248231554,0.121620823811087
537.6610107,0.111018281761672,0.11808238925716
537.887146,0.10791570527589,0.114835310665494
538.1133423,0.104793248378964,0.111567425735061
538.3394775,0.101899166918999,0.108538552798566
538.5656738,0.0992309342288677,0.105746047509684
538.7919312,0.0963160098806107,0.102695360930022
539.0181274,0.0938824435059343,0.100148451510441
539.2443237,0.0913093735943846,0.0974555411944696
539.4705811,0.0890824863692696,0.0951249369795982
539.6968384,0.0865838916782165,0.0925099705580619
539.9231567,0.0840685498157024,0.0898774769676804
540.1494141,0.0819495469398976,0.08765978180199
540.3757324,0.0796408538054822,0.0852435615779795
540.6020508,0.0777854334109565,0.0833017252141662
540.8283691,0.0756628959474918,0.0810803308378443
541.0547485,0.0735252431202841,0.0788431171016324
541.2811279,0.071393247823488,0.0766118243945926
541.5075073,0.069196105986458,0.0743123509554795
541.7338867,0.0673937519714203,0.0724260525310407
541.9603271,0.0653356795173623,0.0702721256137535
542.1867065,0.0634427358778242,0.0682910183645555
542.413147,0.0617463616560986,0.0665156357288458
542.6395874,0.0600956502239614,0.0647880426213517
542.8660889,0.0584733324754435,0.0630901656296863
543.0925903,0.0567377701583536,0.0612737697180465
543.3190918,0.0552060757900039,0.0596707368789739
543.5455933,0.0536336115839517,0.0580250353521844
543.7720947,0.0522575518590106,0.0565848858202759
543.9986572,0.0508101913207401,0.0550701146487103
544.2252197,0.0494513110886822,0.0536479447423846
544.4517822,0.0481924797111556,0.0523304834532866
544.6783447,0.0468149363990879,0.0508887812363695
544.9049683,0.0456353519595285,0.0496542578013123
545.1315918,0.0444069780043903,0.0483686724851832
545.3582153,0.0431102796660251,0.0470115805863536
545.5848389,0.0419603261171672,0.04580806809697
545.8115234,0.0408250609545043,0.0446199281035035
546.038147,0.0399531897467903,0.0437074496049939
546.2648315,0.0387885037239015,0.042488518478472
546.4915771,0.0376646892636039,0.0413123625023795
546.7182617,0.0363750903686261,0.0399627007026117
546.9450073,0.0350909976964174,0.0386188015772392
547.1717529,0.0341237286418976,0.0376064820893217
547.3984985,0.0330851387851962,0.0365195200419167
547.6253052,0.0322017673166667,0.0355950056594043
547.8520508,0.0313146241138415,0.0346665438745503
548.0788574,0.0303351342030029,0.0336414343454826
548.3056641,0.0294158585072387,0.0326793435009108
548.5325317,0.0282036458852058,0.0314106722299244
548.7593384,0.0273963099001063,0.0305657346738282
548.9862061,0.0266188748345643,0.0297520906688214
549.2130737,0.0258202197754647,0.0289162383517515
549.4400024,0.0250782017489681,0.0281396609298867
549.6668701,0.0245398587627749,0.0275762446874662
549.8937988,0.0240590930849913,0.0270730874092839
550.1207275,0.0233841305733836,0.0263666886043997
550.3476562,0.0228388027614454,0.0257959622188621
550.574646,0.0222200102222512,0.0251483494957245
550.8016357,0.0216700586731362,0.0245727840230382
551.0286255,0.0212006815920715,0.0240815457640208
551.2556152,0.0207265861501836,0.023585369387124
551.482605,0.0201627943861681,0.0229953190932856
551.7096558,0.0195605245411015,0.0223649986066566
551.9367065,0.0187249363815923,0.0214904930347149
552.1637573,0.0180900566799575,0.0208260438915887
552.3908691,0.0176123600842763,0.020326098637618
552.6179199,0.0171128322734512,0.01980330538243
552.8450317,0.0165181930210976,0.0191809708824008
553.0721436,0.0162933472672155,0.0189456529660808
553.2993164,0.0158518671845101,0.0184836110045793
553.5264282,0.0154380264142744,0.0180504956530162
553.7536011,0.0149367199811015,0.0175258409363704
553.9807739,0.014543728886087,0.0171145463310046
554.2079468,0.01453918872872,0.0171097947163848
554.4351807,0.0139939659346041,0.0165391782398611
554.6623535,0.0136733567903461,0.0162036367654179
554.8895874,0.0134864005556122,0.0160079730677895
555.1168823,0.0132927136910423,0.0158052652620952
555.3441162,0.012937876013257,0.0154339010645217
555.5714111,0.0126241408928415,0.0151055537707086
555.7987061,0.0122990817675544,0.0147653550579347
556.026001,0.0120528698583911,0.0145076758603643
556.2532959,0.0117817996619262,0.0142239806039175
556.4806519,0.0112404282370531,0.0136573948736702
556.7080078,0.0108696823136792,0.0132693815059897
556.9353638,0.0102646899169042,0.0126362116651522
557.1627197,0.00980885374697913,0.0121591449834915
557.3900757,0.00925602377796251,0.0115805670288621
557.6174927,0.00915381849121585,0.0114736015438625
557.8449097,0.0087969797115457,0.0111001430433379
558.0723267,0.00838900429873082,0.0106731662274728
558.2998047,0.00813019155556561,0.0104022993136567
558.5272217,0.00810345092477817,0.0103743132413857
558.7546997,0.00792334316673179,0.010185816987377
558.9822388,0.00790000259168793,0.0101613893280141
559.2097168,0.00757025034204928,0.00981627890921799
559.4372559,0.00733154084770261,0.00956645155048165
559.6647339,0.00712058293485739,0.00934566829963151
559.8922729,0.00695867087576696,0.00917621520694731
560.119873,0.00699849216740735,0.00921789117018964
560.3474121,0.00693446319069024,0.00915088005201186
560.5750122,0.00680174539055459,0.00901198093718639
560.8026123,0.00669402871121913,0.00889924736718793
561.0302124,0.00647761831523594,0.00867275768448999
561.2578735,0.00622170925250802,0.00840492968965891
561.4854736,0.00603935096534512,0.00821407808842587
561.7131348,0.00562089294449913,0.00777613043839162
561.9407959,0.00527938101443189,0.0074187126335441
562.1685181,0.0052743761411142,0.00741347465888712
562.3961792,0.00497939509741952,0.00710475491053682
562.6239014,0.00505554687107749,0.00718445344338374
562.8516235,0.00482091917278068,0.00693889798983
563.0793457,0.0045728165550259,0.00667924002415549
563.3071289,0.00418680663004715,0.00627525173593348
563.5349121,0.00400063350818667,0.0060804076245612
563.7626953,0.00378641048638087,0.00585620719271522
563.9904785,0.00364116406889333,0.0057041959417755
564.2182617,0.00389113486572986,0.00596580909673528
564.446106,0.00361303778938396,0.00567475968436924
564.6739502,0.0033914329757936,0.00544283365472362
564.9017944,0.00317125773606559,0.00521240378116145
565.1296387,0.00322981966527901,0.00527369322479225
565.3575439,0.00318593027207187,0.00522775968866922
565.5853882,0.00301746521483474,0.0050514483927817
565.8132935,0.00262900365065977,0.00464489428057919
566.0412598,0.0024278502783246,0.00443437221546844
566.269165,0.00218823355992759,0.00418359537883682
566.4971313,0.00184368681478141,0.00382300141278339
566.7250977,0.00167611516947503,0.00364762513937385
566.953064,0.00162229724917621,0.00359130065627051
567.1810303,0.00157051614756037,0.00353710785642168
567.4090576,0.00170113760608676,0.00367381299279361
567.637085,0.00168611506215585,0.00365809077578656
567.8651123,0.00157931998091961,0.00354632172720179
568.0931396,0.0015782115359572,0.00354516165655599
568.321167,0.00149158761369451,0.00345450323611277
568.5492554,0.00141847004581007,0.00337798022678802
568.7773438,0.00154193117623809,0.00350719154368957
569.0054321,0.00146978657823113,0.00343168682019081
569.2335815,0.0017894419473664,0.00376623009755613
569.4616699,0.00205585583868794,0.00404505218203875
569.6898193,0.00247545381508487,0.00448419288090899
569.9179688,0.00229192705738893,0.0042921183877762
570.1461182,0.00246717766027849,0.00447553126524335
570.3743286,0.00243793086196317,0.00444492230101002
570.6025391,0.00268852532113988,0.0047071881653043
570.8307495,0.00238776204725612,0.00439241688012805
571.05896,0.00229291262926402,0.00429314986253623
571.2871704,0.00204371094377554,0.00403234164018788
571.5154419,0.00203599600385459,0.00402426737791969
571.7437134,0.0018148180922038,0.00379278813311726
571.9719849,0.001707359100909,0.00368032425294724
572.2002563,0.00170481638794608,0.00367766311345092
572.4285889,0.00158414016834811,0.00355136641424774
572.6568604,0.00142548119567145,0.00338531792006397
572.8851929,0.00129281455082734,0.00324647234308126
573.1135864,0.00107295124946354,0.00301636893637303
573.3419189,0.00101492205427103,0.00295563703878253
573.5703125,0.00104227622467209,0.00298426522619679
573.798645,9.95069121789061E-4,0.00293485945849099
574.0270996,8.87044645278694E-4,0.00282180375570328
574.2554932,8.44470358511631E-4,0.0027772465769358
574.4838867,8.23881986561573E-4,0.00275569930417633
574.7123413,0.00107154191638274,0.00301489396378293
574.9407959,0.00104753093227946,0.00298976467114378
575.1692505,0.00108010844674836,0.00302385947921262
575.3977661,0.00103118736605189,0.00297265990539433
575.6262207,0.00105607548964846,0.00299870719018731
575.8547363,0.00104624845330874,0.00298842246087783
576.083252,0.00108641378375588,0.00303045848649065
576.3118286,9.08217845949763E-4,0.00284396309550719
576.5403442,9.34684505247144E-4,0.00287166243610081
576.7689209,8.6982149930417E-4,0.00280377844389186
576.9974976,8.03834252257774E-4,0.00273471784919284
577.2260742,6.57164232637542E-4,0.00258121669203185
577.4546509,7.01332602930934E-4,0.00262744219856349
577.6832886,7.635880992559E-4,0.00269259723672506
577.9119263,6.40764454338199E-4,0.00256405309614053
578.140564,7.62982367791417E-4,0.00269196329339453
578.3692017,6.73279410377001E-4,0.00259808243212834
578.5979004,5.4345807729159E-4,0.00246221468693821
578.8265381,3.87704095724576E-4,0.00229920648345617
579.0552368,4.34079290017291E-4,0.0023477415965347
579.2839966,2.8216045737874E-4,0.00218874716355551
579.5126953,2.50674437297987E-4,0.00215579468608735
579.7414551,-5.21354109156753E-5,0.00183888150764165
579.9701538,9.79853107633005E-5,0.00199599408287163
580.1989136,9.83960069964407E-5,0.00199642390722968
580.4277344,9.37815639130055E-6,0.00190326006153542
580.6564941,3.00271532022416E-5,0.00192487078275098
580.8853149,5.83565877712465E-5,0.00195451965713797
581.1141357,8.08117407431498E-5,0.00197802065600836
581.3429565,1.27067604174957E-4,0.00202643088040628
581.5717773,2.13129627336645E-4,0.00211650123136922
581.8006592,1.29188993882172E-4,0.00202865107356975
582.029541,5.21186409577276E-5,0.00194799117874366
582.2584229,1.40159670141708E-4,0.0020401327076831
582.4873047,1.67201964715042E-4,0.00206843449369256
582.7161865,2.56075144380356E-4,0.00216144693041634
582.9451294,4.03677229415776E-4,0.00231592356382089
583.1740723,5.29186412543486E-4,0.00244727832121657
583.4030151,4.74940038345921E-4,0.00239050542902854
583.631958,5.23509591948968E-4,0.00244133710342366
583.8609619,5.46920888810543E-4,0.00246583877846397
584.0899658,3.49387447653432E-4,0.00225910524236627
584.3189697,2.46106628214988E-4,0.0021510141318763
584.5479736,3.30005636955422E-4,0.00223882072629596
584.7769775,2.56971510431258E-4,0.00216238504460225
585.0060425,1.84515644906107E-5,0.00191275606246488
585.2351074,-7.80882461615342E-5,0.00181171992238951
585.4641724,1.49377913481355E-4,0.00204978028953583
585.6932373,-2.36364789965488E-5,0.00186870777369633
585.9223022,-1.48232734933911E-4,0.00173830846295898
586.1514282,-1.58527262075042E-4,0.00172753446952337
586.3805542,-6.66467577630512E-5,0.0018236942966574
586.6096802,6.12513318330455E-7,0.00189408615974932
586.8388062,-5.0409886755227E-5,0.00184068739787078
587.0679932,-1.75498097937797E-4,0.00170977321913513
587.2971802,-1.96942483186095E-4,0.00168733006436674
587.5263672,-1.43723189076201E-4,0.00174302804034242
587.7555542,1.85210785983111E-5,0.00191282881418332
587.9847412,2.02417864336012E-4,0.00210529056936693
588.2139893,3.24836059281384E-4,0.00223341037619815
588.4432373,2.77100275588785E-4,0.00218345130444119
588.6724854,2.67527505344243E-4,0.00217343268363799
588.9017334,1.92438867390891E-4,0.00209484680190615
589.1310425,-5.67814542945039E-7,0.00189285085826778
589.3602905,-5.68964301193933E-5,0.00183389874457304
589.5895996,-2.93425453010978E-4,0.00158635341247294
589.8189087,-2.95966225963954E-4,0.00158369430334229
590.0482788,-2.41314178005103E-4,0.00164089176349552
590.2775879,-3.84260091380862E-4,0.00149128816235448
590.506958,-4.97002592837567E-4,0.00137329469320762
590.7363281,-4.7775833057806E-4,0.00139343525453837
590.9656982,-4.75093315297161E-4,0.00139622439256759
591.1951294,-5.12820973675219E-4,0.00135673957329095
591.4244995,-5.86818013417664E-4,0.00127929613081809
591.6539307,-6.08396714998234E-4,0.0012567124039513
591.8833618,-5.58646714855074E-4,0.00130877950403425
592.112854,-5.9550287638606E-4,0.00127020677145968
592.3422852,-5.09406761720272E-4,0.00136031280173419
592.5717773,-4.61682226065923E-4,0.00141026010157694
592.8012695,-2.40539512912483E-4,0.00164170250851647
593.0307617,-1.35915759686367E-4,0.00175119909976476
593.2602539,-3.83492995951112E-5,0.00185330970534651
593.4898071,5.11745800408212E-5,0.00194700314830942
593.7192993,3.34328889320773E-5,0.00192843514018999
593.9488525,-2.26362451616522E-5,0.00186975459329508
594.1784058,3.39041899611788E-5,0.00192892839200468
594.40802,3.97132587202609E-5,0.00193500801740363
594.6375732,1.5404928759343E-5,0.00190956753006127
594.8671875,4.25361633020966E-5,0.00193796239840793
595.0968018,1.33546348794783E-4,0.00203321137173415
595.326416,1.3348355226656E-4,0.0020331456504656
595.5560913,2.68452439193333E-4,0.00217440069616366
595.7857056,1.57326884883353E-4,0.00205809948327158
596.0153809,-2.88142937006765E-6,0.00189042948712384
596.2450562,-1.07752825464261E-4,0.00178067371907234
596.4747925,-1.77133452170609E-4,0.00170806169848657
596.7044678,-1.58271065618058E-4,0.00172780259829781
596.9342041,-1.98242248140638E-4,0.00168596976302448
597.1639404,-2.80205815310966E-4,0.0016001887531203
597.3936768,-2.45838873116058E-4,0.00163615633128429
597.6234131,-2.67690947029662E-5,0.00186542925681114
597.8532104,1.72088964361932E-5,0.00191145551730361
598.0829468,-6.19338178590333E-6,0.00188696328094477
598.3127441,-2.81476708103188E-5,0.00186398647369663
598.5426025,-1.02717334639362E-4,0.00178594373724304
598.7723999,-1.67747466980482E-5,0.00187588909030538
599.0022583,1.07198008111266E-4,0.00200563586042882
599.2320557,1.67394038593391E-4,0.00206863551338741
599.4619141,1.85516460498705E-4,0.00208760198479191
599.6918335,2.06156130304174E-4,0.0021092029445979
599.9216919,3.12829281343884E-4,0.00222084438410274
600.1516113,4.40667265551188E-4,0.0023546364061926
600.3814697,3.7215882878885E-4,0.00228293719768674
600.6113892,5.02311332420522E-4,0.00241915153764927
600.8413696,4.83548458368251E-4,0.00239951478512038
601.0712891,3.78344228773295E-4,0.00228941068189008
601.3012695,1.3793384177571E-4,0.00203780321164358
601.53125,7.02781023905507E-5,0.00196699641478697
601.7612305,2.25311984989507E-4,0.00212925098078294
601.9912109,4.31303064466454E-4,0.00234483606863134
602.2211914,5.64821923287517E-4,0.00248457355134877
602.4512329,5.13918997043465E-4,0.00243129982777817
602.6812744,4.55116425532267E-4,0.00236975853396515
602.9113159,4.80953813991136E-4,0.00239679929551085
603.1413574,3.75674973322431E-4,0.00228661710620551
603.37146,3.27593842409127E-4,0.0022362966027249
603.6015625,1.61089696006682E-4,0.0020620375468452
603.831665,-1.18392870697675E-4,0.00176953811508317
604.0617676,-2.2471146757639E-4,0.00165826774305436
604.2918701,-2.52775214164303E-4,0.00162889693103244
604.5220337,-3.76134101240699E-4,0.00149979261945364
604.7521362,-2.72411081829386E-4,0.00160834652532407
604.9822998,-2.26834190976642E-4,0.00165604615408127
605.2125244,-5.99439769899844E-5,0.0018307092585939
605.442688,5.06107453181991E-5,0.00194641305305618
605.6729126,9.48263978160639E-5,0.00199268804395497
605.9030762,1.41957633105832E-4,0.00204201441054399
606.1333008,1.99178338055658E-4,0.0021019001625614
606.3635864,2.50702028265465E-4,0.00215582356210064
606.593811,3.27473487137648E-4,0.00223617064192194
606.8240967,5.13723750520769E-4,0.00243109548767347
607.0543213,5.46041373101397E-4,0.00246491829942235
607.2846069,6.33962096878199E-4,0.00255693391974554
607.5149536,7.6230456301131E-4,0.00269125391994285
607.7452393,7.105618234233E-4,0.00263710126882843
607.9755859,5.13721497747581E-4,0.00243109312997766
608.2058716,5.43908006235865E-4,0.00246268557126593
608.4362183,4.20817058320387E-4,0.00233386167808045
608.666626,3.20111244207517E-4,0.00222846550346214
608.8969727,2.91823789448792E-4,0.00219886056408975
609.1273804,7.88449340148793E-5,0.00197596224550645
609.3577881,-1.96364669409662E-5,0.00187289408580551
609.5881958,-8.18632359900289E-5,0.00180776911288907
609.8186035,-2.3899031097287E-4,0.00164332386433971
610.0490112,-2.21061166855188E-4,0.00166208805606817
610.27948,-2.64312871274705E-4,0.00161682190900709
610.5099487,-5.08844081843594E-4,0.00136090168835468
610.7404175,-4.97163702053469E-4,0.00137312608035044
610.9708862,-5.98909408615498E-4,0.00126664158042419
611.201416,-5.55109649158222E-4,0.00131248130811682
611.4318848,-4.91160412482358E-4,0.00137940897237108
611.6624146,-4.44431967476541E-4,0.00142831378876981
611.8929443,-3.63343330879614E-4,0.00151317911832022
612.1234741,-3.42047227485681E-4,0.00153546708502571
612.3540649,-3.67344274767923E-4,0.00150899183097832
612.5846558,-5.13542499042918E-4,0.00135598444297087
612.8152466,-4.50873736526416E-4,0.00142157199514437
613.0458374,-4.021904409128E-4,0.00147252270906975
613.2764282,-3.5953891624136E-4,0.00151716072308719
613.507019,-3.50902688864858E-4,0.00152619918165719
613.7376709,-1.92518036661786E-4,0.00169196057892614
613.9683228,-3.16944359442404E-4,0.00156173911596073
614.1989746,-2.01878412988781E-4,0.00168216424426022
614.4296265,-2.54055530354655E-4,0.00162755698427809
614.6603394,-2.67324874149206E-4,0.00161366962248115
614.8909912,-3.41324705264897E-4,0.00153622325862718
615.1217041,-4.75498918452336E-4,0.00139579989849697
615.352417,-5.11634418699511E-4,0.00135798139191399
615.5831909,-4.0861180090325E-4,0.00146580227505308
615.8139038,-3.81159730258719E-4,0.00149453292240222
616.0446777,-3.98987304689917E-4,0.0014758750309555
616.2754517,-2.54953490377753E-4,0.00162661720188093
616.5062256,-2.73680347865994E-4,0.00160701814338297
616.7369995,-1.48051274740303E-4,0.00173849837463806
616.9678345,-1.67859201729337E-4,0.00171776789596457
617.1986084,1.67124738134745E-5,0.00191093597386027
617.4294434,1.23056768158222E-5,0.001906323930852
617.6602783,9.38482220441412E-5,0.00199166430977067
617.8911133,2.08323747408982E-4,0.00211147151819414
618.1220093,3.04809095506383E-4,0.0022124506591282
618.3529053,4.05823907287571E-4,0.002318170222942
618.5837402,4.79932802821358E-4,0.00239573073087548
618.8146362,4.23185675588062E-4,0.00233634061339662
619.0455933,5.30246554667898E-4,0.00244838783932581
619.2764893,4.29497013479849E-4,0.00234294590104935
619.5074463,3.88917963570506E-4,0.0023004768870429
619.7384033,4.42045462597047E-4,0.00235607879259087
619.9693604,1.41482637073811E-4,0.00204151729163209
620.2003174,4.75443811105546E-5,0.00194320387332491
620.4312744,6.30318872155304E-5,0.00195941270806024
620.6622925,3.85583156336612E-6,0.00189748053512981
620.8933105,-1.14376939713294E-5,0.00188147471558519
621.1243286,9.12268989766183E-6,0.00190299269672228
621.3553467,-1.1676676628458E-4,0.00177123995510284
621.5864258,-2.87775694409778E-4,0.00159226630786363
621.8174438,-1.95483305916638E-4,0.00168885720263225
622.0485229,-2.5101086436344E-4,0.00163074345520126
622.2796021,-1.71249216653449E-4,0.00171421999152581
622.5106812,-1.78727208285237E-4,0.00170639371338327
622.7418213,7.29448042851981E-5,0.00196978731798376
622.9729004,2.72994544396715E-5,0.00192201604176488
623.2040405,1.81243943649971E-4,0.00208313047601344
623.4351807,3.3976492412972E-4,0.00224903455103124
623.6663208,2.7692978815171E-4,0.00218327287657338
623.897522,3.33753715623787E-4,0.0022427433712524
624.1286621,3.13430423877507E-4,0.00222147352477354
624.3598633,2.92498756487729E-4,0.00219956696763282
624.5910645,2.03245911726087E-4,0.00210615718295906
624.8222656,4.03959024707243E-6,0.00189767285235087
625.0535278,-9.7616922254087E-5,0.00179128170068755
625.284729,-2.45094005683556E-4,0.00163693589082288
625.5159912,-5.43957506089449E-4,0.00132415286083301
625.7472534,-5.23526478537411E-4,0.00134553546089911
625.9785156,-4.65116182027382E-4,0.00140666620955259
626.2097778,-5.00754610923826E-4,0.00136936792535539
626.4411011,-4.80129444135865E-4,0.00139095370666768
626.6724243,-4.57797693610512E-4,0.00141432555563823
626.9036865,-6.05668829309836E-4,0.00125956734056927
627.1350708,-4.71477442948387E-4,0.0014000086737119
627.366394,-5.52386829119614E-4,0.00131533094315301
627.5977173,-5.45686468420116E-4,0.00132234337230132
627.8291016,-5.61635333966705E-4,0.00130565169036697
628.0604858,-4.52324884569449E-4,0.00142005326006549
628.2918701,-3.18216357774589E-4,0.00156040787446773
628.5232544,-3.45680583086802E-4,0.0015316645063488
628.7546997,-3.57002341137333E-4,0.00151981543885462
628.986084,-2.71441969992406E-4,0.00160936077342181
629.2175293,-3.24989234976483E-4,0.00155331955137013
629.4489746,-3.41143235738377E-4,0.00153641318007386
629.6804199,-3.88478621610551E-4,0.00148687315461498
629.9119263,-3.77310347815015E-4,0.00149856158934448
630.1433716,-5.27387743046106E-4,0.00134149435848619
630.3748779,-3.99969400266319E-4,0.00147484719440233
630.6063843,-3.31659553518344E-4,0.00154633856358912
630.8378906,-2.90645312268344E-4,0.00158926303791766
631.069458,-2.47280534318441E-4,0.00163464752489445
631.3009644,-1.0035514814933E-4,0.00178841594226891
631.5325317,-9.8391556726402E-5,0.00179047098771304
631.7640991,-2.23878755174222E-5,0.00187001453072396
631.9956665,-1.30051073857991E-5,0.00187983430008996
632.2272949,-5.13438519764368E-5,0.00183970993333798
632.4588623,-8.70318394921372E-5,0.00180235978233512
632.6904907,-6.98782419292483E-5,0.00182031230652647
632.9221191,-8.12901788000599E-5,0.0018083688601449
633.1537476,1.74795145226551E-5,0.00191173873939309
633.385376,-5.3885732506879E-6,0.00188780557333532
633.6170654,2.7557036578509E-4,0.00218185013928265
633.8486938,2.38586925174066E-4,0.00214314419962104
634.0803833,1.93201597007042E-4,0.00209564505555733
634.3120728,1.86655325493293E-4,0.00208879389227902
634.5437622,3.79401611285341E-4,0.00229051731185837
634.7755127,3.25151763644655E-4,0.00223374078445205
635.0072021,1.63807002575428E-4,0.00206488141162236
635.2389526,2.331642917228E-4,0.00213746900770531
635.4707031,2.9772416159479E-4,0.00220503574531926
635.7024536,1.89682749111322E-4,0.00209196231776766
635.9342651,1.13808049859486E-4,0.00201255376403217
636.1660156,4.68759797451189E-5,0.00194250434125075
636.3978271,-5.36272087273045E-6,0.0018878326297845
636.6296387,-1.97447592657159E-5,0.00187278074977948
636.8614502,-9.33486907867594E-5,0.00179574872449352
637.0932617,-1.4136006421874E-4,0.00174550122744007
637.3251343,-2.79698987645774E-4,0.00160071918621965
637.5570068,-4.08797879361368E-4,0.0014656075300144
637.7888184,-4.7479490537675E-4,0.00139653670089216
638.020752,-4.78045216501445E-4,0.00139313500693953
638.2526245,-6.26007960916402E-4,0.00123828091649064
638.4844971,-4.96018896431938E-4,0.00137432420514844
638.7164307,-5.71461205944035E-4,0.00129536817964991
638.9483643,-4.7166011723246E-4,0.00139981749139624
639.1802979,-4.03781135985871E-4,0.00147085792757563
639.4122314,-4.85543186481755E-4,0.00138528781995942
639.644165,-4.24461897785407E-4,0.00144921396192116
639.8761597,-4.79110827678431E-4,0.00139201976505728
640.1081543,-5.3802115084218E-4,0.00133036570107217
640.3400879,-6.08878374318624E-4,0.00125620831140922
640.5721436,-6.03235865603919E-4,0.00126211361925087
640.8041382,-6.28343499079494E-4,0.00123583660093415
641.0361328,-5.72780638277349E-4,0.0012939872949232
641.2681885,-5.76055488565368E-4,0.00129055991889883
641.5002441,-5.41741847214485E-4,0.00132647171373875
641.7322998,-5.03282855587934E-4,0.00136672192801707
641.9643555,-3.2995780967319E-4,0.00154811956593779
642.1964722,-2.75228193170761E-4,0.00160539820737967
642.4285278,-2.23035005293747E-4,0.00166002228635496
642.6606445,-2.66989837715902E-4,0.00161402026319379
642.8927612,-3.71411595778694E-4,0.00150473507500791
643.1248779,-2.44023010810883E-4,0.00163805676714576
643.3569946,-2.38137398793167E-4,0.00164421650079589
643.5891724,-6.41451065244908E-5,0.00182631246198475
643.8213501,1.12844852391548E-4,0.00201154570576446
644.0535278,2.32842138625867E-4,0.00213713185036879
644.2857056,2.54458704062137E-4,0.00215975520459555
644.5178833,3.06898633491511E-4,0.00221463751707967
644.750061,3.2170204608868E-4,0.00223013039673893
644.9822998,2.81083700484825E-4,0.00218762025684598
645.2145386,3.54164120347328E-4,0.00226410438798438
645.4467773,2.32028584843125E-4,0.00213628040542192
645.6790161,2.01407242069144E-4,0.00210423287749631
645.9112549,1.91152105091956E-4,0.00209350010881652
646.1435547,-2.19390407519961E-5,0.00187048426991159
646.3758545,-2.51982251060779E-4,0.00162972682629183
646.6080933,-1.07910122775378E-4,0.00178050909565893
646.8404541,-1.81687807571349E-4,0.00170329522456132
647.0727539,-1.05606022074991E-4,0.00178292050955688
647.3050537,-2.0509813453885E-4,0.00167879456458778
647.5374146,-1.89180432266357E-4,0.0016954536318225
647.7697754,-3.01327767326908E-4,0.00157808304887113
648.0021362,-2.31074199645144E-4,0.0016516086675474
648.2344971,-1.51490746967212E-4,0.0017348987094289
648.4668579,-2.23807126613859E-4,0.0016592142035824
648.6992798,1.83492196785469E-5,0.00191264895095619
648.9317017,7.09501897935575E-5,0.00196769980457543
649.1641235,2.70399745785374E-4,0.00217643869831297
649.3965454,2.41147544682446E-4,0.0021458240796579
649.6289673,2.12141181102186E-4,0.0021154667483769
649.8613892,3.32217810088881E-4,0.00224113593111222
650.0938721,2.5060820114893E-4,0.00215572536499807
650.326355,3.08499334357179E-4,0.00221631277038491
650.5588379,2.33277428699865E-4,0.00213758741402272
650.7913208,3.25318593461121E-4,0.00223391538434604
651.0238037,2.94938736841121E-4,0.00220212058976136
651.2563477,2.87669196622126E-4,0.0021945124716297
651.4888916,5.91392555433236E-5,0.00195533877756216
651.7214355,-1.25785333239014E-4,0.00176180134953761
651.9539795,-1.20703574205353E-4,0.00176711979085302
652.1865234,5.84673606014106E-5,0.00195463558919864
652.4190674,-4.30556991868792E-5,0.00184838410579134
652.6516724,9.94793557501256E-5,0.00199755771281401
652.8842773,-1.2742033987944E-4,0.00176009019267051
653.1168823,-1.45221000958918E-4,0.00174146046806145
653.3494873,-1.71275131626068E-4,0.00171419286956663
653.5820923,-1.6872513334114E-4,0.0017168616336979
653.8147583,-2.1040440003913E-4,0.00167324116044557
654.0474243,-1.78470387469758E-4,0.00170666249559562
654.2800293,-9.62625472483106E-7,0.00189243765906932
654.5127563,-1.53878274029681E-4,0.00173239998359665
654.7454224,-1.86917866411304E-4,0.00169782157639497
654.9780884,-1.14723267672348E-4,0.00177337862940347
655.2108154,-2.72009623400386E-5,0.00186497727499371
655.4435425,-1.87579092704156E-5,0.00187381356218801
655.6762085,-7.68850055508405E-5,0.00181297920377887
655.9089966,9.99433290415266E-5,0.00199804329560255
656.1417236,1.06581481743014E-4,0.00200499061942324
656.3744507,2.20659214267382E-4,0.00212438150785521
656.6072388,2.39097751673237E-4,0.00214367881779955
656.8400269,2.42364684479131E-4,0.00214709790758607
657.0728149,7.27711000748792E-5,0.0019696055235219
657.305603,7.64203347949951E-5,0.00197342472088576
657.5384521,1.36245968840386E-4,0.0020360367262406
657.7712402,2.0641263213772E-4,0.00210947139297178
658.0040894,2.30913036007382E-4,0.00213511290004079
658.2369385,1.38979485874953E-4,0.00203889755648397
658.4697876,-7.26379002573372E-5,0.00181742411746215
658.7026367,-1.98467038698071E-4,0.00168573450287537
658.9354858,-1.5316945219612E-4,0.00173314181871711
659.168396,-2.25406566247424E-4,0.00165754027025099
659.4013062,-2.27241770356893E-4,0.00165561959174314
659.6342163,-1.0026737749241E-4,0.00178850780083304
659.8671265,-1.74632466594091E-4,0.00171067916714876
660.1000366,-2.97987463360584E-4,0.00158157892707055
660.3330078,-2.06176718976758E-4,0.00167766574521662
660.565918,-1.55866759115791E-4,0.00173031888507014
660.7988892,-1.321378225721E-4,0.00175515299382043
661.0318604,5.73642518369816E-5,0.00195348110328357
661.2648315,5.46413676035903E-5,0.00195063140106274
661.4978638,1.10398051822721E-4,0.00200898494576981
661.730835,1.78206812693735E-4,0.00207995189106855
661.9638672,2.15337491091049E-4,0.00211881192609765
662.1968994,1.27911721454257E-4,0.00202731431234069
662.4299316,5.03683748534454E-5,0.00194615939421781
662.6629639,3.12834430781024E-5,0.00192618558416829
662.8960571,4.60771501290823E-7,0.00189392735057642
663.1290894,8.72699185773488E-5,0.00198477962265517
663.3621826,1.30833218073561E-4,0.00203037187729408
663.5952759,3.9872551357702E-4,0.00231074122244568
663.8283691,3.24158233224827E-4,0.00223270098047907
664.0614624,1.98312713084715E-4,0.00210099422121735
664.2946167,1.21867135801894E-4,0.00202098820087906
664.52771,1.73726591945855E-4,0.0020752630046082
664.7608643,7.26923444222217E-6,0.00190105291681434
664.9940186,2.46634349753429E-5,0.0019192572500287
665.2271729,2.90593701800772E-5,0.00192385792535744
665.4603882,-1.02094070059362E-4,0.00178659603029172
665.6935425,-3.00063701380966E-4,0.001579405988528
665.9267578,-3.43630095313585E-4,0.0015338104953297
666.1599731,-4.71085671230802E-4,0.00140041869214748
666.3931885,-4.16159983985875E-4,0.00145790253630179
666.6264038,-6.12127864191189E-4,0.00125280747695844
666.8596191,-6.87916054495923E-4,0.00117348946131327
667.0928955,-7.00468934110647E-4,0.00116035193292436
667.3261108,-7.79084262468406E-4,0.00107807510563032
667.5593872,-9.41438788509179E-4,9.08158938153751E-4
667.7926636,-0.00110169133107016,7.40442653770645E-4
668.0259399,-0.00103828239228765,8.06804855825765E-4
668.2592773,-0.0010001147162549,8.46750186523501E-4
668.4925537,-9.17927167167111E-4,9.32765610274498E-4
668.7258911,-8.18848064484155E-4,0.0010364593095846
668.9592285,-6.88121935442048E-4,0.00117327399148822
669.1925659,-4.95259512193449E-4,0.00137511895761141
669.4259033,-6.56836081259536E-4,0.00120601698035684
669.6593018,-6.08190043927478E-4,0.00125692870070094
669.8926392,-3.85684372305102E-4,0.00148979754572704
670.1260376,-2.31774629462184E-4,0.00165087561530057
670.359436,-1.58641996754551E-4,0.00172741439109073
670.5928345,-5.04028056523865E-5,0.00184069480877508
670.8262329,-8.614608472686E-5,0.00180328679101613
671.0596924,-8.60160627199808E-5,0.00180342286878147
671.2930908,-3.71662622751498E-5,0.00185454784247944
671.5265503,-4.5975504666744E-5,0.00184532831074199
671.7600098,-8.54340350987634E-5,0.00180403200426524
671.9934692,-2.7861328967517E-5,0.0018642861518744
672.2269287,-2.28980758926338E-4,0.00165379961000188
672.4604492,-1.45110955668503E-4,0.00174157563869729
672.6939697,-2.42272908500232E-4,0.00163988838024931
672.9274292,-3.84478049612425E-4,0.00149106005274595
673.1609497,-4.61222190083961E-4,0.00141074156367635
673.3944702,-3.18723278952657E-4,0.00155987734350016
673.6280518,-2.25771467256986E-4,0.00165715837402324
673.8615723,-3.70031440699567E-4,0.00150617951063461
674.0951538,-3.81539935470079E-4,0.00149413500918142
674.3287354,-4.68823382355285E-4,0.00140278634684013
674.5622559,-4.56129766904986E-4,0.00141607116581829
674.7958984,-4.60621141977662E-4,0.00141137060552188
675.02948,-2.94582661920367E-4,0.00158514230670553
675.2630615,-1.41423279031942E-4,0.00174543506840497
675.4967041,-2.06985691722068E-4,0.00167681909466842
675.7303467,-3.08288651808734E-4,0.0015707979620784
675.9639893,-1.53375064711672E-4,0.00173292662982475
676.1976318,-1.34934840570744E-4,0.00175222570506364
676.4312744,-1.4236677388771E-4,0.00174444763039609
676.664978,-1.35562114647285E-4,0.00175156921577663
676.8986206,-1.7179934107258E-4,0.00171364424513171
677.1323242,-3.51339613812309E-4,0.00152574190698579
677.3660278,-4.82402007402918E-4,0.00138857529905501
677.5997314,-5.17234931004931E-4,0.00135212003645906
677.8334961,-6.10693305789627E-4,0.0012543088497354
678.0671997,-5.69328157111869E-4,0.00129760057496059
678.3009644,-6.24461361323675E-4,0.00123989954876302
678.534668,-5.94718050356216E-4,0.00127102815066221
678.7684326,-4.2420386965753E-4,0.00144948400767633
679.0021973,-1.84132709169473E-4,0.0017007364519817
679.2360229,-3.04094807806574E-4,0.00157518713383246
679.4697876,-3.57131942157028E-4,0.00151967980168388
679.7036133,-3.93536648490504E-4,0.00148157955077532
679.937439,-3.825164013895E-4,0.00149311306448579
680.1712646,-3.58242323210613E-4,0.00151851770477372
680.4050903,-3.5785456722611E-4,0.00151892352044396
680.638916,-3.48717555901917E-4,0.00152848608691043
680.8727417,-4.86757588328989E-4,0.00138401685750035
681.1066284,-5.10774218308796E-4,0.00135888165602868
681.3405151,-3.83057685158709E-4,0.00149254657049376
681.5744019,-4.16486811086767E-4,0.00145756048727018
681.8082886,-5.84849691956178E-4,0.00128135612660172
682.0421753,-5.49976574318342E-4,0.00131785345526561
682.276123,-5.79562492408757E-4,0.00128688957679673
682.5100098,-4.45467261213608E-4,0.0014272302763584
682.7439575,-5.69951426328371E-4,0.00129694827705947
682.9779053,-4.68418370363927E-4,0.00140321022221356
683.211853,-4.24804196454207E-4,0.00144885572073533
683.4458008,-4.09381586169874E-4,0.00146499663713541
683.6798096,-4.74640394154551E-4,0.00139669840845491
683.9137573,-6.12855858179903E-4,0.00125204557674213
684.1477661,-5.79902422795131E-4,0.00128653381419578
684.3817749,-4.00785920046763E-4,0.00147399264531679
684.6157837,-4.42021630226184E-4,0.00143083638717156
684.8497925,-5.03058248994783E-4,0.00136695699563378
685.0838623,-2.3139750687028E-4,0.0016512703023293
685.3178711,-1.8969348055801E-4,0.00169491668837181
685.5519409,-8.6798006014319E-5,0.00180260450657748
685.7860107,-1.44386725097662E-4,0.00174233360021501
686.0200806,-1.7757414116087E-4,0.00170760048446255
686.2541504,-2.43712341606783E-4,0.00163838190572859
686.4882202,-2.74234438795324E-4,0.00160643824573896
686.7223511,-2.05695671517894E-4,0.0016781691973998
686.9564209,-1.53080659780116E-4,0.00173323474662861
687.1905518,-3.32048018650222E-4,0.00154593200574305
687.4246826,-2.72610318700406E-4,0.00160813800902108
687.6588135,-1.4017003690744E-4,0.00174674668012229
687.8930054,-5.74290366059132E-5,0.00183334133200703
688.1271362,-1.42812603049314E-4,0.00174398103679789
688.3613281,-2.78316075662068E-4,0.0016021665071534
688.59552,-2.82755149366358E-4,0.00159752068415498
688.8297119,-4.26788253247304E-4,0.00144677925674901
689.0639038,-4.8593763292628E-4,0.00138487500222183
689.2980957,-6.40746730371536E-4,0.00122285569071955
689.5323486,-7.40516329084348E-4,0.00111843933561468
689.7665405,-6.19407359840077E-4,0.001245188939724
690.0007935,-3.94526205794957E-4,0.00148054390496506
690.2350464,-3.55915200144928E-4,0.00152095321330071
690.4692993,-1.88440408326087E-4,0.00169622812228383
690.7035522,5.47325523265701E-5,0.00195072683270261
690.9378662,-1.44601138418706E-5,0.00187831152689294
691.1721191,-1.26724514051069E-4,0.00176081842649848
691.4064331,-1.39949411911397E-4,0.00174697758069951
691.6407471,-1.88534227139479E-5,0.00187371360021798
691.875061,-6.22437741380638E-5,0.00182830234868566
692.109375,-2.30023085011942E-5,0.00186937148060198
692.343689,-2.94391990489237E-5,0.0018626347926943
692.578064,5.36766897109566E-6,0.00189906278617284
692.812439,-2.51535076633793E-4,0.00163019482781097
693.0467529,-2.9432636660504E-4,0.00158541053894263
693.2811279,-2.03051388088866E-4,0.00168093663799379
693.515564,-2.70364247374682E-4,0.00161048869083361
693.749939,-3.97642420321446E-4,0.00147728255314267
693.984314,-3.48820310178064E-4,0.00152837854686692
694.21875,-3.65155658447397E-4,0.00151128238182608
694.453186,-3.02980685241561E-4,0.00157635314651447
694.6876221,-2.81392223906141E-4,0.00159894708769545
694.9220581,-3.39609552486257E-4,0.00153801829442871
695.1564941,-2.02180895436885E-4,0.00168184767373051
695.3909302,-1.05297493386348E-4,0.00178324340793002
695.6254272,6.21568488513816E-5,0.00195849691489539
695.8599243,9.59616644163767E-5,0.00199387618545304
696.0944214,-2.13603859017006E-5,0.00187108987553807
696.3289185,-1.65057870107151E-5,0.001876170576756
696.5634155,2.64717913873236E-5,0.00192114983041096
696.7979126,2.42146185372811E-5,0.00191878753002203
697.0324707,-1.9196602996062E-5,0.0018733544363578
697.2669678,-4.74554479807866E-5,0.001843779439256
697.5015259,-8.68726058449454E-5,0.00180252643226921
697.736084,-1.41360645748989E-4,0.00174550061882512
697.9706421,-2.10919567692258E-4,0.00167270199892441
698.2052612,-2.95549371680082E-4,0.00158413057256151
698.4398193,-3.95250057710683E-4,0.00147978633973827
698.6744385,-5.10021625785839E-4,0.00135966930045284
698.9089966,-6.39864075898444E-4,0.00122377945471265
699.1436157,-7.84777408055604E-4,0.00107211680251027
699.3782349,-9.44761622257317E-4,9.04681343845702E-4
699.612854,-0.00111981671850003,7.21473078722655E-4
699.8475342,-0.00130994269678553,5.22492007139275E-4
700.0821533,-0.00151513955711025,3.07738129099279E-4
