400,41.2489321231842,5.15431927651474E-4
401,182.194578552246,0.00103317242789939
402,247.034549045563,0.0012713513260051
403,62.7837349891663,5.94536461144003E-4
404,149.243069028854,9.12130512403612E-4
405,159.908796310425,9.51309295985604E-4
406,40.9885785102844,5.14475561752993E-4
407,-99.0682464599609,0
408,62.3506222724914,5.92945493276061E-4
409,201.76022605896,0.00110504359515037
410,-12.8564958572388,3.16684594488468E-4
411,93.8622634887695,7.08698290899081E-4
412,93.4435573577881,7.07160243238841E-4
413,156.450886154175,9.38607235443349E-4
414,82.0827195167541,6.65428086084112E-4
415,155.042510986328,9.33433802404361E-4
416,-33.4699783325195,2.40964378937326E-4
417,144.111897468567,8.93282003082551E-4
418,29.193959236145,4.71149980311213E-4
419,133.247192382813,8.53372307475346E-4
420,101.855906009674,7.38061613445259E-4
421,174.268589401245,0.00100405761880833
422,122.163049983978,8.12656545223832E-4
423,349.237532329559,0.00164677706658601
424,235.116835212708,0.00122757357707875
425,522.824070930481,0.00228441848090795
426,1045.33454694748,0.00420377421903623
427,1258.11204319,0.00498537712864827
428,836.152394008636,0.00343537820788308
429,507.890864467621,0.00222956381898493
430,343.925530910492,0.001627264308713
431,465.622701311111,0.00207429871863133
432,587.106822776795,0.00252055052855494
433,840.310741138458,0.00345065320769857
434,1011.95238027573,0.00408115035579621
435,1244.07775831223,0.00493382450636206
436,1829.27703132629,0.00708345716285929
437,2028.9713552475,0.00781700120471568
438,2873.97243423462,0.0109209727882936
439,3535.3454457283,0.013350417063421
440,5060.53517961502,0.0189529490734674
441,6592.07833313942,0.0245788193188182
442,7928.97678399086,0.0294896944700622
443,10555.8755912781,0.0391391723861471
444,13736.8404414654,0.050823920191649
445,17309.7145810127,0.0639482818955994
446,23119.8310069084,0.0852907827890618
447,31459.8667927265,0.115926523652532
448,40689.6064483643,0.149830444401677
449,55909.0970183372,0.205736723601171
450,72067.9828176498,0.265093715669712
451,92349.842150116,0.339595768502071
452,121770.361280727,0.447667175304286
453,149992.271196556,0.551335689571784
454,180987.758279419,0.665192480429004
455,213156.729686737,0.783359871695456
456,239360.291680145,0.87961431898392
457,259707.907525635,0.954357917481646
458,270691.590811157,0.994704659810244
459,272133.153033447,1
460,267665.909511566,0.983590320422475
461,257963.351837969,0.947949580953868
462,237262.089996529,0.871906922431991
463,221959.906618881,0.815696884892335
464,201020.08580246,0.738777919466522
465,184476.647182703,0.678008336270318
466,169194.093429565,0.621870404906844
467,151945.939357519,0.558512166154085
468,142361.675311089,0.523305958742744
469,133742.816360474,0.491646007139318
470,123564.521813393,0.454257727018664
471,114944.853538418,0.422594802496177
472,108615.687191772,0.399345657641506
473,100249.460172844,0.368613707618858
474,95531.9244781494,0.351284621177455
475,89224.896194458,0.328116796832348
476,81815.8873163223,0.300901029193594
477,75834.6531800747,0.278929955717696
478,69641.2959483147,0.256179683164941
479,64600.4093886852,0.237662820848167
480,58504.2847704887,0.215269716205611
481,54936.6193008423,0.202164487688307
482,50692.0476031303,0.186572756196142
483,46532.8542542458,0.171294647935004
484,44494.5215713978,0.163807170246783
485,40679.8141908646,0.149794474164746
486,37954.5431118965,0.139783641993025
487,36502.4188558578,0.134449503920715
488,33857.1279001713,0.124732465492091
489,31490.0421918869,0.116037367986162
490,29703.6176495552,0.109475233151671
491,28388.5462150097,0.104644535931619
492,26687.9910115242,0.0983978278987112
493,24420.4996360302,0.0900685736876066
494,23940.0172222137,0.0883036010787162
495,21759.3153729439,0.0802931538252013
496,21227.8919561386,0.0783410578745209
497,19237.6450146198,0.0710302151970391
498,17295.9124797821,0.0638975821615057
499,16661.2991680622,0.0615664352137408
500,15853.674495697,0.0585997596726601
501,13736.669083786,0.0508232907375801
502,12804.786759758,0.0474001752825222
503,11647.1407621861,0.0431477543452457
504,10780.1961238861,0.0399631767290327
505,9825.35098934174,0.0364557111907686
506,9984.10131626129,0.037038854237441
507,8361.410161829,0.0310781668992443
508,7990.34316720963,0.0297151137203267
509,6960.37346358299,0.0259316905135358
510,6746.90642166138,0.0251475546720179
511,5832.6972161293,0.0217893584921759
512,5681.1696521759,0.0212327470696155
513,5635.30597572327,0.0210642744463639
514,4463.37709655762,0.0167593877079176
515,4579.55800628662,0.0171861590474114
516,3682.97185249329,0.0138926982308409
517,3493.98747625351,0.0131984954088852
518,3486.02335176468,0.0131692405159435
519,3379.79475812912,0.012779027362129
520,2804.58339643478,0.0106660836444825
521,2335.72650909424,0.00894381548263077
522,2732.39128637314,0.0104008978787335
523,2445.75548028946,0.00934798869430247
524,2068.3914604187,0.00796180443552307
525,2128.69423103333,0.00818331668095496
526,1683.22292785645,0.00654695159131757
527,1806.38950166702,0.00699938361141977
528,1533.81362094879,0.00599812123536191
529,1567.23011655807,0.00612087120027118
530,1575.04037475586,0.00614956089086352
531,1532.0403822422,0.00599160753651225
532,1566.92486639023,0.00611974991431021
533,1312.72694592476,0.00518599593298371
534,1214.29797878265,0.00482443341595564
535,968.365000724792,0.00392103933239859
536,867.429294776916,0.00355026872532892
537,913.319701337814,0.00371883953720837
538,837.719366884232,0.00344113422334748
539,706.545114088059,0.00295928732006963
540,861.892607212067,0.00352993062009355
541,798.311277532577,0.00329637513066412
542,1039.63196210861,0.00418282671762712
543,654.546309185028,0.00276827831805453
544,883.79956445694,0.00361040220109112
545,761.832247495651,0.00316237545250178
546,609.886173152924,0.00260422670130566
547,714.077378797531,0.00298695584760124
548,704.092716407776,0.00295027884315697
549,635.860178804398,0.0026996379113724
550,449.882723331451,0.00201648051509298
551,673.840639448166,0.00283915284632464
552,619.424732637405,0.00263926502057454
553,504.460582304001,0.00221696324530011
554,282.582143688202,0.0014019295304348
555,451.084414243698,0.00202089472773319
556,347.357791042328,0.00163987214813663
557,441.588118743896,0.00198601165821572
558,320.961695480347,0.00154291046065571
559,354.056199932098,0.00166447764434968
560,387.542424201965,0.00178748374595084
561,390.529194450378,0.00179845515203338
562,330.04564781189,0.00157627885580318
563,396.502734947205,0.00182039796419845
564,238.405027294159,0.00123965220636808
565,272.645218849182,0.00136542788198077
566,553.091429233551,0.00239560061122583
567,293.671901464462,0.00144266591984573
568,312.703992843628,0.00151257715698616
569,332.005623579025,0.00158347850233261
570,351.576793670654,0.00165536995588507
571,81.8000541687012,6.64389761719994E-4
572,322.995758247375,0.001550382253515
573,360.247116851807,0.00168721895282007
574,345.678704166412,0.00163370430045122
575,260.442524909973,0.00132060330580886
576,262.509039497375,0.00132819430505827
577,264.575554084778,0.00133578530430769
578,338.707492637634,0.00160809670890309
579,413.9564661026,0.001884511356336
580,252.479483127594,0.00129135239001006
581,236.136651611328,0.00123131970380036
582,368.294594478607,0.00171678002971599
583,277.548814582825,0.00138344042917517
584,166.371563339233,9.75049200830166E-4
585,243.947784423828,0.00126001260714507
586,92.2027839660645,7.02602467579919E-4
587,209.081584739685,0.00113193739429841
588,113.157412242889,7.79575825760322E-4
589,310.63418302536,0.00150497405325165
590,293.201083183289,0.00144093644682832
591,215.766418647766,0.00115649302506339
592,257.867010498047,0.00131114257996304
593,178.757464981079,0.00102054676016981
594,262.154705810547,0.00132689271891552
595,284.94687795639,0.00141061599031479
596,245.685443592072,0.00126639561045039
597,163.747553730011,9.65410335904899E-4
598,270.921624755859,0.00135909654439986
599,102.42349319458,7.40146551011567E-4
600,318.358412742615,0.00153334773246177
