400,149.854338197688,9.01681334688534E-4
401,361.092091712411,0.00179979400805438
402,226.684637698002,0.00122833821553307
403,304.569135786893,0.00155947719816524
404,244.622847260545,0.00130460551660758
405,110.320326956512,7.33595867323376E-4
406,90.7346400809936,6.50324040640876E-4
407,51.7969915623908,4.84774109230604E-4
408,71.2670738110461,5.67554423488084E-4
409,205.090504735097,0.00113652714406671
410,51.5350345116968,4.83660354974127E-4
411,89.9718632406897,6.47080967204294E-4
412,259.248565487709,0.00136678920621011
413,-62.2227710273077,0
414,-24.5142517778948,1.60324082548044E-4
415,106.325963658926,7.16613163048691E-4
416,256.014394821215,0.00135303858817391
417,162.858885023097,9.56972342668625E-4
418,180.128063526725,0.00103039514619056
419,236.323359229016,0.00126931885378552
420,68.7914233597218,5.57028781134085E-4
421,197.75338488696,0.00110533215069089
422,216.620807611157,0.00118555015708609
423,68.3240667301262,5.55041736181005E-4
424,325.01557830315,0.00164640867155746
425,307.636454274503,0.00157251841622942
426,617.931433169758,0.00289178946693293
427,1363.68363343652,0.00606247979622278
428,2027.09623884622,0.00888308955312204
429,1466.7768441688,0.00650079784096656
430,757.195912634105,0.00348389571629195
431,978.18172417358,0.00442345389031792
432,591.613534183514,0.00277989451339063
433,845.90499373997,0.00386105722581474
434,1102.79510912166,0.00495326855853293
435,1113.4934595251,0.0049987543863339
436,1350.94323376478,0.00600831185408862
437,1947.17809951277,0.00854330420427725
438,2420.12901305791,0.0105541341921338
439,2557.88436878575,0.0111398241492776
440,4055.1558781272,0.0175057246364528
441,5007.15014305505,0.0215532876315957
442,6613.63171269907,0.0283835129735131
443,9628.4942794815,0.041201705908399
444,11300.0064822341,0.0483084198740592
445,15918.0494976608,0.0679428028822762
446,20403.8644278359,0.087014996049125
447,28422.3612885185,0.121106977866293
448,36459.0761629712,0.155276416618967
449,49199.5458656719,0.209444656501482
450,63981.3263172363,0.27229187077815
451,78536.954400874,0.334177560401353
452,99348.2621884793,0.422660319578505
453,122978.466570846,0.523128089552918
454,146341.207143036,0.622458692360999
455,171981.571140419,0.731472992468852
456,189567.006032715,0.806240412973164
457,206600.010066385,0.878659081196999
458,218186.176319023,0.927919606714244
459,228196.136134361,0.970478626683235
460,235139.617464751,1
461,228611.502050864,0.972244624415596
462,223842.28518161,0.951967500459111
463,220099.575006861,0.936054741566593
464,211438.118691217,0.899229109985812
465,202569.165058674,0.861521268824144
466,192499.450459209,0.818708191386607
467,183171.356726195,0.779048239221001
468,167949.543499319,0.714330151932157
469,159430.732014189,0.678110998729143
470,145753.315899043,0.619959174315545
471,136067.304840046,0.57877747671791
472,130307.344894701,0.554288042708506
473,121301.095760773,0.515996466737419
474,111199.505640858,0.473047865188261
475,99052.3238421822,0.421402088154803
476,93152.0085461128,0.396315909874248
477,85477.2387551349,0.363685341238882
478,75888.6959039452,0.322918046044348
479,70259.6520442081,0.298985223690177
480,62847.6383122069,0.267471806428768
481,56493.7601134287,0.240457229534264
482,52218.4974094666,0.222280234406691
483,47554.6227085414,0.202450990314681
484,43365.0769863213,0.184638435285263
485,39157.8785541172,0.166750826804026
486,36481.8805414635,0.155373373251915
487,34880.0637870132,0.148562981152752
488,30663.2105603727,0.130634323696614
489,27151.2187361183,0.115702502496857
490,24572.7375031342,0.10473965785925
491,23405.7926203959,0.0997781963266002
492,21054.4187726221,0.0897809367583219
493,19579.6970350019,0.0835109104007824
494,18779.0521742691,0.0801068347356845
495,17206.8890006039,0.0734225197996738
496,15726.6114614625,0.0671288720218442
497,14846.4036267528,0.0633865210528749
498,13332.2265522623,0.0569487437252288
499,12391.9698547772,0.0529510849631099
500,11531.1000337413,0.0492909527967419
501,10352.30583903,0.0442791119304901
502,10655.6459625198,0.0455688132490924
503,8964.24867081242,0.0383775544986855
504,9354.4188598856,0.0400364283777422
505,8881.39635593265,0.0380252940112816
506,9091.61462633437,0.038919072181516
507,7382.51114442156,0.0316525325991747
508,6932.47695667535,0.0297391369076484
509,6904.54806621461,0.0296203925541486
510,6157.27651714274,0.0264432424590526
511,5841.21434751557,0.02509945123144
512,6096.05919914946,0.0261829667829273
513,6021.82345803651,0.0258673411014338
514,4781.90590733403,0.0205956240542392
515,4426.64227690627,0.0190851612531335
516,4643.92609291149,0.0200089797733772
517,4323.92181042489,0.0186484279929753
518,4601.70909847411,0.0198294871537827
519,3743.45163364713,0.0161804618571837
520,3483.57393751382,0.0150755483247352
521,2664.82138496707,0.0115944847763974
522,2976.05363718479,0.0129177408015446
523,2861.33356337831,0.0124299892019335
524,2906.32311054019,0.0126212697936022
525,2071.02473620513,0.00906985891391816
526,2521.14710278659,0.010983629512525
527,2156.61622448265,0.00943376545560049
528,1939.43296543437,0.00851037447009392
529,1987.19803495948,0.00871345565975311
530,1726.38340512714,0.00760455859682671
531,1757.72566936828,0.0077378154804026
532,1623.17063386681,0.00716573222048174
533,1542.87335831204,0.00682433491051906
534,1456.47178537987,0.00645698415830742
535,1130.25567772808,0.00507002176326506
536,1595.72591822671,0.00704904641728995
537,1338.20521660667,0.00595415404161004
538,982.877940533563,0.00444342064038788
539,1115.2898553351,0.00500639206386314
540,848.816582094627,0.00387343633114716
541,1102.08304870631,0.00495024111446772
542,1284.24704269309,0.00572474183182675
543,1014.10961451289,0.00457620733095128
544,897.604325104227,0.00408086558833619
545,701.496061402404,0.00324707847380837
546,652.516026420232,0.00303883165510545
547,607.221279935158,0.00284625345741929
548,817.217131508986,0.00373908597677083
549,793.597464544927,0.00363866300839447
550,645.187822680031,0.0030076745700552
551,753.624731697573,0.00346871224267222
552,546.041965283893,0.0025861393588649
553,925.745362010278,0.00420051191796457
554,634.822033209719,0.00296360268073699
555,558.07977870219,0.0026373201379193
556,537.29830400355,0.00254896421911438
557,673.492493272992,0.00312801661569816
558,679.927620732314,0.00315537663742619
559,880.726947566098,0.0040091085922123
560,436.767201916725,0.00212153940821134
561,244.783862835619,0.00130529010128138
562,558.316484389573,0.00263832653177722
563,418.489017641502,0.00204382664772911
564,653.786083051149,0.0030442315134979
565,512.677607263497,0.00244428520505832
566,573.42866736257,0.00270257850768798
567,345.270529982694,0.00173252598959901
568,228.341742476896,0.00123538367392418
569,289.666537135095,0.00149611630508354
570,414.394093771233,0.00202641639334435
571,598.219782532202,0.00280798208422795
572,297.053598326998,0.0015275236324433
573,269.918322775901,0.00141215346559471
574,394.919060806818,0.00194361503029
575,179.185563194437,0.00102638794823946
576,370.841587405788,0.00184124562120334
577,149.692413173827,9.00992883340965E-4
578,312.5039522901,0.00159321339893328
579,-9.72349166779697,2.23209475346293E-4
580,544.270313000797,0.00257860688258274
581,419.099993299445,0.00204642431302514
582,255.63905746068,0.00135144277854861
583,290.306781054963,0.00149883840929508
584,125.28747364812,7.97231197202612E-4
585,159.796167435932,9.43950686102951E-4
586,126.542107948147,8.0256548497336E-4
587,232.322074068105,0.00125230672005009
588,128.569505142392,8.1118530356072E-4
589,164.668650708019,9.64666864459387E-4
590,273.340562916443,0.00142670369248542
591,-10.669801194003,2.19186081969534E-4
592,133.070496193939,8.30322020548284E-4
593,-47.2467005944963,6.36732706589311E-5
594,353.877116223137,0.00176911833186902
595,394.481235491744,0.00194175354266458
596,547.754128533015,0.00259341890755978
597,474.731018198048,0.00228294892883102
598,177.728267592576,0.00102019201201549
599,293.779030333049,0.00151360125840632
600,26.8060319407589,3.78520860546071E-4
