350,0.183950480956645,1
351,0.181803093946938,0.988214209261011
352,0.18247031175695,0.991876189821839
353,0.180125576371353,0.979007265651196
354,0.178631941937793,0.9708095524328
355,0.176733062126464,0.960387676919139
356,0.174762811943362,0.949574089868213
357,0.173823626857034,0.944419435005068
358,0.171971371818421,0.934253456454559
359,0.169888385830615,0.922821126439727
360,0.168327210305134,0.914252718431775
361,0.165588434064136,0.899221127241455
362,0.163253423382933,0.8864055764639
363,0.160631703755904,0.872016442711674
364,0.157192689547704,0.853141642024593
365,0.15407223199499,0.836015218347842
366,0.150950779821175,0.818883335759355
367,0.147728416800141,0.801197610699418
368,0.144776181869826,0.784994465693998
369,0.141596734618572,0.767544280981348
370,0.139135277551196,0.754034737625651
371,0.137325560146811,0.744102224050607
372,0.134506849592242,0.728631918698217
373,0.131869067343082,0.714154626313056
374,0.130807004011899,0.708325562378006
375,0.128944731794481,0.698104605208059
376,0.127141877039705,0.688209756828827
377,0.12598842481142,0.681879111012057
378,0.124119465378508,0.671621451504762
379,0.122842821855516,0.664614678462803
380,0.121903735474346,0.659460565336353
381,0.12029634419059,0.650638505213799
382,0.119096654896116,0.644054090335361
383,0.118046969739785,0.63829296318948
384,0.116705355670289,0.630929603625468
385,0.115763550107088,0.625760566449341
386,0.11442396931754,0.618408366407053
387,0.113117413968972,0.611237424300426
388,0.112260891571892,0.606536458107739
389,0.111286237833106,0.601187135905281
390,0.109720694871665,0.592594757515618
391,0.10879943522842,0.587538485254272
392,0.108105357770679,0.583729087303827
393,0.106833208419298,0.576746980223763
394,0.106088024157259,0.572657085978021
395,0.104754218080386,0.565336580062064
396,0.104199070904848,0.562289691722578
397,0.103376853054984,0.557777003755039
398,0.102311585739023,0.551930354962691
399,0.101292506950374,0.546337208829618
400,0.100713185469947,0.543157641426046
401,0.0996461128803419,0.53730108450941
402,0.0987473610964988,0.532368345136961
403,0.0981415080648325,0.529043161079535
404,0.0969675554823443,0.522600000432592
405,0.0961776149771713,0.518264464524004
406,0.0956592965079908,0.515419708089183
407,0.0939956454865904,0.506288870139481
408,0.0927086684548598,0.499225382322289
409,0.092190434685712,0.496381090757962
410,0.0907473053619372,0.488460571474562
411,0.089422772206629,0.48119095937169
412,0.0877088773023529,0.471784361213506
413,0.0864297367040171,0.46476388313965
414,0.0848616724754245,0.456157666942968
415,0.0834755752883418,0.448550164747503
416,0.0822524384504699,0.441837059587072
417,0.0811235720680994,0.435641351549929
418,0.0797772528584623,0.428252168137281
419,0.0787625624530912,0.42268310735387
420,0.0783862112937632,0.420617529054214
421,0.07690175497267,0.41247018929548
422,0.0757739292938841,0.406280193090724
423,0.0756416702185717,0.405554297954953
424,0.0748040332702353,0.400956983291265
425,0.07346911575547,0.393630377322376
426,0.0730754758346946,0.391469910805721
427,0.0725228336254586,0.388436770807135
428,0.0714538968832367,0.38256998261288
429,0.0710963980098711,0.380607873830502
430,0.0703578607356144,0.376554461134986
431,0.0698189155446146,0.373596496309738
432,0.0692856187743101,0.370669532465691
433,0.0682334294404833,0.364894661308223
434,0.067934715562705,0.363255190063211
435,0.0673278847986847,0.359924639786808
436,0.0665471264944631,0.355639499777258
437,0.0660588811174895,0.352959797508278
438,0.0656502239975834,0.350716910093276
439,0.0649144082763583,0.346678434460511
440,0.0645353403472773,0.34459794535081
441,0.0642573725145582,0.343072337393888
442,0.0633366955681617,0.338019263225427
443,0.0631451648817726,0.33696805979555
444,0.0628070445714843,0.335112308967383
445,0.0621315617736521,0.331404966570763
446,0.0614979011565479,0.327927162430675
447,0.0611013209518334,0.325750558361236
448,0.0610149513429493,0.32527652450897
449,0.0604775680439208,0.322327132023895
450,0.0598998337098772,0.319156275567659
451,0.0593095716857169,0.315916661717674
452,0.0592939951661138,0.315831171026125
453,0.0587001429986967,0.312571852913723
454,0.0581743717940275,0.309686192635997
455,0.0582233471012243,0.309954990351262
456,0.0577218148295797,0.307202363844846
457,0.057282349424078,0.304790387204
458,0.0569924603913258,0.303199350533805
459,0.0567605327352685,0.301926431023479
460,0.0560371573573948,0.297956233387554
461,0.0558369591397185,0.29685745878885
462,0.0558492495761894,0.296924914031749
463,0.0551325330981867,0.292991263324754
464,0.0547183071126614,0.290717811561293
465,0.0545235356849774,0.289648821538423
466,0.054291707337737,0.288376447077932
467,0.0540360755036012,0.286973428763241
468,0.0535891586045206,0.284520555095629
469,0.0532622542592777,0.282726362345425
470,0.0530198959764264,0.281396195033881
471,0.0526358555668171,0.279288414795614
472,0.052154285915884,0.276645351804878
473,0.0523650388104113,0.277802055045284
474,0.052108005088603,0.276391342563369
475,0.0517160903087584,0.274240344367941
476,0.0516928269117599,0.274112664761208
477,0.0512704952770481,0.271794725681449
478,0.0509216825737264,0.269880290365473
479,0.0512872197346407,0.271886516754282
480,0.0510561958553549,0.27061855756264
481,0.0505856989157939,0.26803626641161
482,0.0506799401605881,0.268553503213875
483,0.0507257096861614,0.268804706209978
484,0.0504798737177556,0.267455451852635
485,0.0504546847276009,0.267317203755973
486,0.0503575840971208,0.266784273405603
487,0.0502188487526936,0.266022833697656
488,0.0504534031356085,0.267310169823586
489,0.0499510538033193,0.264553058934181
490,0.0499857075250385,0.264743253580354
491,0.0501653717429428,0.265729328687418
492,0.049987028427662,0.264750503266525
493,0.0501493507409652,0.265641398483927
494,0.0501387523650597,0.265583230002871
495,0.0496762804842506,0.263044983852902
496,0.0501229883900795,0.265496710474955
497,0.0503540053027684,0.266764631430894
498,0.0499324911107024,0.264451178830712
499,0.0500995654284592,0.265368155108412
500,0.0504779892785195,0.267445109233258
501,0.0502717434064889,0.266313142485977
502,0.0503937414652002,0.266982720714789
503,0.0503326515976447,0.266647433040967
504,0.0500718034582735,0.265215785382027
505,0.049978386174614,0.264703070835632
506,0.0495327375142897,0.26225715781206
507,0.0484812269137765,0.256486011837228
508,0.0473117567426078,0.2500674526066
509,0.0456270288026939,0.240820935391866
510,0.0434803527925017,0.229039046926412
511,0.0411706123205841,0.216362190011315
512,0.0378780472715105,0.19829116579096
513,0.0347903618785401,0.181344609932662
514,0.0313785153609116,0.162618917307836
515,0.0276943622468323,0.142398688044711
516,0.0239938606754411,0.122088731361278
517,0.0206372796199785,0.103666359548786
518,0.0176152879854475,0.0870803595131345
519,0.0146751027264065,0.0709433483268532
520,0.0125565686351379,0.0593159149111538
521,0.010635271545451,0.0487710036566296
522,0.00884464755021038,0.0389432829874069
523,0.00779986922619672,0.0332090866642501
524,0.00673806706334574,0.0273814561342157
525,0.00602978067196095,0.0234940733967772
526,0.00564908665363296,0.0214046596044256
527,0.00496247655672204,0.0176362457671019
528,0.00472513425243586,0.016333608320204
529,0.00439868961776164,0.0145419386608719
530,0.00411193335270814,0.0129680959777704
531,0.00402971026393922,0.0125168200252927
532,0.00371439106666714,0.0107862115889765
533,0.00369524392630932,0.0106811237829651
534,0.00358047184179476,0.0100512048327938
535,0.00346684312006478,0.00942756115319874
536,0.00331694827506345,0.00860487326878248
537,0.00337290180612666,0.00891197050148318
538,0.00330713111215038,0.00855099242326138
539,0.0033813518236621,0.00895834786055416
540,0.00348831653762851,0.00954541657688949
541,0.00324691688227918,0.00822051062861361
542,0.00335846995116017,0.00883276222563834
543,0.00335018431929888,0.00878728708640351
544,0.00309162725254829,0.00736821382711942
545,0.00324232200786336,0.00819529196607535
546,0.00322521516192619,0.00810140218025278
547,0.00309376528906897,0.00737994829832149
548,0.00315024472901577,0.00768993194694154
549,0.00285098013440738,0.00604743812924631
550,0.00291757350284537,0.00641293140151939
551,0.00299982647044836,0.00686437134199005
552,0.0028202488219779,0.00587877136550452
553,0.0025193942639375,0.00422755113929157
554,0.00284189409932882,0.00599757003020363
555,0.00281134891142576,0.00582992479854242
556,0.00260088308974433,0.00467479713835174
557,0.00272485525473008,0.00535521011811587
558,0.00262116552303753,0.00478611592410885
559,0.00261181209309536,0.00473478024614678
560,0.00254264453373298,0.00435515869824386
561,0.0026892803355562,0.0051599595409984
562,0.00275418394584518,0.00551617868808881
563,0.00254825846160234,0.00438597036786513
564,0.00247960616458742,0.00400917680307626
565,0.00277409342683376,0.00562545054993419
566,0.00258558215826539,0.00459081899388724
567,0.00247846618763921,0.00400292011543769
568,0.00268120737328541,0.00511565162466232
569,0.00252594467438831,0.00426350263125775
570,0.00234369870069609,0.00326325772931395
571,0.00256492178378582,0.00447742590307286
572,0.00259670579537546,0.00465187033611996
573,0.00235842479443564,0.00334408091508928
574,0.00264308172838165,0.00490640155907398
575,0.00246590142762427,0.00393395926601822
576,0.00231259569451179,0.00309255094912735
577,0.00245996782785905,0.00390139309846405
578,0.00231446308686142,0.00310280000780228
579,0.00237424390766429,0.00343090306561286
580,0.00230831993876273,0.0030690837481609
581,0.00224551764168523,0.00272439751883322
582,0.00221877652748247,0.00257763069259437
583,0.00241992010011848,0.00368159380910038
584,0.00203155219678728,0.00155006240944555
585,0.0022883976572957,0.00295974163174115
586,0.00249620066212719,0.00410025459880581
587,0.00200136243086385,0.00138436788767366
588,0.0023436067505506,0.00326275306705781
589,0.0021450396250906,0.00217293060946852
590,0.00202728682472416,0.00152665219864858
591,0.0022016267364904,0.00248350520569511
592,0.00208194324210246,0.00182663030918554
593,0.00193048225527876,9.95346759571255E-4
594,0.00208972009876304,0.00186931306957963
595,0.0020577940786496,0.00169408923219734
596,0.00185027361074647,5.55126950267014E-4
597,0.00198381220745397,0.00128804465408961
598,0.00174912872975022,0
599,0.00183762658442391,4.85714587691327E-4
600,0.00214606953076231,0.00217858317822898
