400,659.089728249398,1.54185497517781E-4
401,918.645136655392,3.15912448419282E-4
402,570.77420526419,9.91567838516498E-5
403,810.153232361866,2.48311988900272E-4
404,610.78203361405,1.24085349705661E-4
405,700.84165553705,1.80200797819022E-4
406,566.475704019191,9.64784212466506E-5
407,587.708370545891,1.09708330181934E-4
408,610.171042293874,1.23704645778718E-4
409,411.637590214082,0
410,561.009936302016,9.30727440054663E-5
411,648.666998526665,1.4769117590653E-4
412,772.407906730788,2.24793170846787E-4
413,554.895541756294,8.92629124455646E-5
414,874.766022801291,2.88571714756805E-4
415,697.121190739643,1.77882605216848E-4
416,612.335937171163,1.2505357489438E-4
417,932.153749777174,3.2432955991201E-4
418,882.487907115517,2.93383160655866E-4
419,862.596900059364,2.80989229274093E-4
420,842.546653632786,2.68496077082396E-4
421,837.200718434358,2.6516506654916E-4
422,921.905080124345,3.17943693772954E-4
423,941.794227178692,3.30336466202105E-4
424,976.848244352756,3.52178350943504E-4
425,1166.13654706462,4.70122416246995E-4
426,1412.31407968341,6.23513717069419E-4
427,2415.87305272134,0.00124882348717213
428,3085.08594167951,0.00166580481959691
429,2946.79871630701,0.00157963912786476
430,2463.56708095309,0.00127854126423369
431,2020.22914819639,0.00100230085559013
432,2175.11487210052,0.00109880894231821
433,2478.97321250723,0.0012881407046643
434,2775.87745549341,0.00147313942313741
435,3722.03454669376,0.00206268252830097
436,4159.33655825214,0.00233516200151543
437,4919.44342804231,0.00280877866458324
438,6205.63100713407,0.0036101921151114
439,7320.62578763749,0.00430493666784229
440,9840.83004646229,0.00587525628834957
441,13071.0605791653,0.0078879877431526
442,15804.3211859747,0.00959106111262378
443,20462.4182215406,0.01249348505051
444,25940.3651332877,0.0159067510528558
445,33883.620724809,0.0208561316684915
446,42636.9299325153,0.0263102503753768
447,55853.0628779213,0.0345451197510365
448,74307.7571973931,0.0460440958672996
449,101466.572404085,0.0629665418315354
450,128638.538353984,0.0798971819213108
451,174176.901085748,0.108271780620233
452,226697.806895954,0.14099714745976
453,296810.855311557,0.184684041168899
454,379697.968587995,0.236330355077556
455,481637.006390423,0.299847774586811
456,594865.09953444,0.370399316444607
457,710312.192807745,0.44233349997866
458,830249.373163365,0.517065421758911
459,949647.752042319,0.591461620540757
460,1057582.00326409,0.658714610779467
461,1133096.93086753,0.705767373285378
462,1224660.34423936,0.762819822123578
463,1298548.95741485,0.808859240791825
464,1342091.24142399,0.835990098404592
465,1399238.63941766,0.871598196445118
466,1451816.02527263,0.904358755560095
467,1513557.33762397,0.942829285812428
468,1540383.73571412,0.959544605263619
469,1579906.61163109,0.984171001038468
470,1588846.7419623,0.989741526530534
471,1605310.55492697,1
472,1595935.48187577,0.994158465090897
473,1577034.09513473,0.982381158410172
474,1545622.54618459,0.962808867214249
475,1499486.78213347,0.934062032411918
476,1425810.36742935,0.888154832956397
477,1365730.29113943,0.850719405939214
478,1282750.50184211,0.799015346324657
479,1202210.54772478,0.748831528984322
480,1114330.98357086,0.69407445786625
481,1022854.64023619,0.637076261689216
482,946217.269777343,0.589324113793186
483,869353.893174774,0.541431143231451
484,794421.709281854,0.494741483787188
485,725986.456012286,0.452100011149689
486,662996.218782736,0.412851285545164
487,597792.566729108,0.372223398424503
488,546493.222835896,0.340259177289417
489,501024.618801767,0.311928044690997
490,448086.841159894,0.278942928264026
491,408221.996276832,0.254103454293157
492,373208.979496155,0.232287116577147
493,337912.45440579,0.210294127044238
494,309057.543736778,0.192314857223995
495,277241.904976224,0.172490780818392
496,256228.07902128,0.159397229736798
497,229909.211877091,0.142998148860188
498,205217.937242668,0.127613208184051
499,194565.664185768,0.120975859911316
500,173008.498593316,0.107543758138685
501,163795.237460187,0.101803046973886
502,148674.383052402,0.0923813605084999
503,130852.898805718,0.0812769326506644
504,123731.653100503,0.0768397399849525
505,108979.779761033,0.0676479627458296
506,98668.5795745781,0.061223134318899
507,94509.350327914,0.058631551009985
508,87337.663858581,0.0541629290975009
509,80366.2100841363,0.0498190706157385
510,71777.9801708011,0.0444678115298473
511,67450.3606749383,0.0417713055698058
512,58140.4356170109,0.0359703638672737
513,57114.6897851434,0.0353312296384528
514,52129.5822901714,0.0322250480334178
515,48585.8653942735,0.030016985670351
516,44944.4852899903,0.0277480701237409
517,40605.8680828271,0.0250447115755509
518,37799.6339191159,0.0232961689518397
519,35337.9480719284,0.0217623116972828
520,32923.2216228553,0.0202577144774902
521,29679.4122704442,0.018236522166018
522,26877.5035208118,0.0164906746740887
523,25513.7276045814,0.0156409165357422
524,24850.6788720903,0.0152277760411425
525,21944.6301093239,0.0134170397191386
526,22512.7659679474,0.0137710407421852
527,21060.5343057319,0.0128661665183148
528,18365.7855801973,0.0111870896017409
529,17046.2246235854,0.0103648814599336
530,16274.7053162479,0.00988415379602705
531,15442.9814403819,0.00936591313496025
532,13972.5052717924,0.00844967090144334
533,12748.6531988268,0.00768709821867492
534,12214.1540233826,0.00735405595061035
535,10493.4438943493,0.00628189488772626
536,10636.6471083418,0.00637112369363149
537,10423.8945092485,0.00623855920823297
538,9764.24413683364,0.00582753620529552
539,9145.99545968774,0.00544231027581964
540,8182.41737165683,0.00484191228338413
541,8026.83282589698,0.00474496876620734
542,7130.02927109477,0.00418617746470256
543,7241.39422875946,0.00425556810137238
544,7147.17484237068,0.00419686073645925
545,6432.98661513835,0.00375185562148447
546,6663.50482802993,0.00389548972230007
547,6127.59200121907,0.00356156661909293
548,5763.59724429075,0.00333476432457064
549,4774.24324101474,0.00271830556035277
550,5032.57017109754,0.00287926705599106
551,4540.25395916678,0.0025725086635387
552,4254.63138000427,0.00239453946181696
553,4592.27622152683,0.00260492332953298
554,4515.55014369712,0.00255711590876593
555,4037.58364693369,0.00225929871193176
556,3643.88013397453,0.00201398512320276
557,3243.07447402478,0.0017642462420682
558,3187.84148506386,0.00172983099736695
559,3360.22225160162,0.00183724010872943
560,2991.0930955821,0.00160723861017271
561,3185.98543133972,0.00172867450476539
562,3497.8700459486,0.00192300737597602
563,2870.80331151527,0.00153228698376969
564,3196.43718107409,0.00173518690851959
565,3082.220809567,0.0016640195781206
566,2603.59906604411,0.00136579410214038
567,2437.34901929641,0.00126220499447023
568,2084.5919487587,0.00104240481470372
569,2634.32791892651,0.00138494101074033
570,1846.03219468846,8.93760092289596E-4
571,1788.51788492114,8.57923374384173E-4
572,2320.84204040204,0.00118961040447094
573,1858.99005315603,9.01834032852209E-4
574,1582.81492480659,7.29751464058569E-4
575,1952.90324893058,9.60350612781358E-4
576,2261.5763112482,0.00115268239080377
577,2484.34128262767,0.00129148550729483
578,1858.73565592417,9.01675519920885E-4
579,2165.68091145948,0.00109293071501109
580,2061.57523865422,0.00102806328212753
581,1528.83170103374,6.96114938300028E-4
582,1540.60880549663,7.03453160250124E-4
583,1361.73435794689,5.9199788688838E-4
584,1374.48216318104,5.99940944919287E-4
585,1617.78280317129,7.5153967637958E-4
586,2055.21407497908,0.00102409969064745
587,1954.88801157089,9.61587302904875E-4
588,1693.17835238231,7.98518055140116E-4
589,1426.0949699263,6.32100482313023E-4
590,1283.04007761603,5.42964094491376E-4
591,1329.13172185856,5.71683438585033E-4
592,1707.14473660717,8.07220400237359E-4
593,1028.88224445382,3.84600330632673E-4
594,1237.27877736417,5.14450585162206E-4
595,1420.88787818887,6.28855984057604E-4
596,1390.06831790347,6.09652556382207E-4
597,1272.16788241834,5.36189714447725E-4
598,1154.67776693884,4.62982539708973E-4
599,1079.18874612551,4.15945919521952E-4
600,1172.04880886806,4.73806300471459E-4
