400,125.36162385307,2.30137144700922E-4
401,223.970862469161,3.20111524170201E-4
402,124.234569150116,2.29108782156506E-4
403,123.590577818721,2.28521182847972E-4
404,319.339389628427,4.07128969720721E-4
405,343.969834939387,4.29602614827479E-4
406,24.5326864840233,1.38137437577675E-4
407,122.068969372404,2.27132816223566E-4
408,293.825498798065,3.83849239266194E-4
409,73.0604235296002,1.82415773857331E-4
410,170.319270953917,2.71158011072741E-4
411,194.391355395598,2.93122188979079E-4
412,266.097206977335,3.58549015014122E-4
413,48.3419646222811,1.59861822190778E-4
414,169.168554629043,2.70108058870202E-4
415,144.390120633619,2.47499383919993E-4
416,408.053361082563,4.88074575262986E-4
417,192.001799496308,2.9094187796296E-4
418,-47.7876283794686,7.21499546178005E-5
419,262.469113516535,3.55238620751137E-4
420,143.283332797669,2.46489513545358E-4
421,71.2968335352611,1.80806615145573E-4
422,356.936166047226,4.4143353058947E-4
423,47.574298862707,1.59161378182419E-4
424,0,1.15752990906223E-4
425,403.365509942258,4.83797222518835E-4
426,165.893353469915,2.67119655389298E-4
427,189.179893732127,2.88367076416815E-4
428,47.2575432513997,1.58872359729678E-4
429,70.8238830901319,1.8037507928324E-4
430,188.226768311765,2.87497412788365E-4
431,117.752378390983,2.23194213710996E-4
432,0,1.15752990906223E-4
433,234.370971623151,3.29600932877493E-4
434,258.027784353295,3.51186202934211E-4
435,234.539485652902,3.29754690734987E-4
436,70.3434380290325,1.79936705081713E-4
437,164.014539675959,2.65405362614889E-4
438,23.4433392928651,1.37143480632803E-4
439,-23.4106008320542,9.43923728502664E-5
440,305.316956753137,3.94334431254445E-4
441,305.865680363382,3.94835105096214E-4
442,23.5543070975264,1.37244731382789E-4
443,141.947334424551,2.45270503782376E-4
444,188.847545041165,2.88063830314762E-4
445,47.4648096526363,1.59061476551771E-4
446,23.7714963512633,1.37442902148598E-4
447,308.920687359827,3.97622596031517E-4
448,595.294128231662,6.58919336585815E-4
449,550.311081285394,6.178752945424E-4
450,503.068464023655,5.74769544692954E-4
451,552.095930468571,6.19503850851691E-4
452,555.523469498032,6.22631252519228E-4
453,578.970842432026,6.44025422675376E-4
454,777.037314087872,8.24747920191914E-4
455,1361.84468045017,0.00135834579231791
456,1557.8815425633,0.00153721640595689
457,2030.97122495493,0.00196887931304235
458,2297.51781457346,0.00221208536895714
459,3017.87085800266,0.00286935966689267
460,3454.43301491185,0.00326769363355677
461,4112.04011567884,0.00386771642712538
462,5291.68960594345,0.00494406822100781
463,7505.29931893607,0.00696384003051429
464,7479.51482071517,0.00694031338879277
465,9141.01534832483,0.00845632224412496
466,12838.6496526929,0.0118301679071574
467,13653.9454323943,0.012574071144745
468,16376.1818538411,0.0150579310368381
469,20870.7182791539,0.0191588969457626
470,23009.851398348,0.021110713811026
471,27532.4893733333,0.0252373205171962
472,31789.1478870668,0.029121238634411
473,39973.2829132212,0.0365887181607246
474,46083.5331988182,0.0421639156327276
475,54507.6129633778,0.0498503287929269
476,58621.0974826478,0.053603610151469
477,70192.1902026122,0.0641614635724201
478,79464.4065285986,0.0726217450018663
479,91232.7987355395,0.0833596210977661
480,104164.778369531,0.0951591934218934
481,117250.654079076,0.107099185691404
482,136609.443156257,0.124762794689311
483,153787.804197603,0.140436907953807
484,177352.416878635,0.161938051590706
485,201694.727285724,0.18414879273894
486,220692.406358917,0.201482912847318
487,248038.869657898,0.226434743938768
488,277503.81038653,0.253319544950964
489,306771.601328364,0.280024459879679
490,348846.797680605,0.318415281429164
491,383984.038593339,0.350475679539468
492,429204.102996834,0.391735984267156
493,476263.218450285,0.434674300906855
494,523876.916514631,0.478118637337196
495,573454.047857828,0.523354476200504
496,623158.500991516,0.568706487739448
497,692848.980332814,0.63229442048946
498,749759.47915981,0.684221470014519
499,803861.499423871,0.733585969422578
500,875786.4468133,0.799212705827258
501,933848.408999537,0.852190389174089
502,985119.34159631,0.898971709159386
503,1033564.28925903,0.943174505627013
504,1054401.03627704,0.962186653062842
505,1078861.25202959,0.98450497500617
506,1095248.27775666,0.999457047366048
507,1094195.20530033,0.998496188706921
508,1095843.33766321,1
509,1086847.84520886,0.991792210720215
510,1067594.61892224,0.974224920755992
511,1024647.10094067,0.93503816366945
512,1011966.03705173,0.923467535293961
513,979216.349730639,0.893585621227061
514,930576.528148379,0.849205015253634
515,883962.60093108,0.806672903304864
516,830937.451040438,0.758290976574345
517,774680.098334236,0.70695987949498
518,725438.987120253,0.66203063667723
519,653710.185076323,0.596582869870071
520,602816.904068504,0.550146131871702
521,554134.529296416,0.505726698939434
522,499442.892782502,0.455824213872525
523,458537.29730319,0.418500575421149
524,410181.308440767,0.374378947949117
525,375260.424687558,0.342515961373931
526,340179.952115897,0.310507360603646
527,305995.109711124,0.279315962862515
528,282366.83989199,0.257756736315944
529,254508.717218972,0.232338050036028
530,235630.621377838,0.2151130416828
531,215943.896040329,0.197150212632667
532,194508.311883331,0.177591666089213
533,173342.31382317,0.158279098950092
534,156261.019700895,0.142693552800938
535,143027.985112084,0.130619287830096
536,128845.786205795,0.117678973474043
537,116338.46780338,0.10626687631281
538,104360.226635689,0.0953375269808251
539,98235.7201025427,0.0897493216299985
540,85746.0289864474,0.0783533081965243
541,77689.5342722669,0.0710022919755388
542,72701.2929723087,0.0664508531660972
543,64168.5420155476,0.0586652847622133
544,58355.4856896153,0.0533612570353389
545,54228.5397774598,0.0495956930500505
546,47628.5832154255,0.043573671132762
547,42559.1555456213,0.0389481551541751
548,38569.5465765137,0.0353079020059071
549,36671.2734782173,0.0335758539090002
550,33576.5972067846,0.0307521673955641
551,30693.9335455294,0.0281219283045815
552,25204.1956953172,0.0231129072082432
553,23931.7983180836,0.0219519291288907
554,21953.914482081,0.0201472415224942
555,20689.8368719747,0.0189938546779499
556,19222.6843946144,0.0176551755076215
557,15488.5517732978,0.0142480275550145
558,14919.906994178,0.013729176970041
559,12504.4834310642,0.0115252634291126
560,11378.5150498418,0.0104978920811101
561,11912.9818365699,0.0109855575185244
562,9619.69461293213,0.00889308527365741
563,8718.56170753606,0.00807086136116967
564,8324.71477776684,0.0077115022016306
565,7805.56595897501,0.00723781339236134
566,7329.54132970112,0.006803472541219
567,7309.47993411128,0.00678516785045355
568,6923.02618800443,0.0064325544798655
569,4504.12023922228,0.00422546349335517
570,5364.75703059743,0.00501073739201981
571,4994.63479463208,0.00467302543950779
572,3612.64219231807,0.00341204899785371
573,4114.09629654315,0.00386959255556872
574,4327.05198383897,0.00406390047324256
575,2972.32151278602,0.00282779891529763
576,2584.15107155053,0.00247361917444747
577,2881.02543335843,0.00274449730776312
578,2899.21366365707,0.00276109285963768
579,2323.19958409758,0.00223551827756728
580,2757.41253115403,0.00263170874630247
581,2032.0737747155,0.00196988531645474
582,1711.93653441128,0.00167778135190107
583,2064.12909019971,0.00199913366234871
584,2083.81931751643,0.00201709968672223
585,1703.39881439152,0.0016699912495573
586,1627.7309008356,0.00160094930517687
587,1388.76033443301,0.00138290453852772
588,1801.03523759953,0.00175907799959237
589,1612.52778705388,0.00158707747381798
590,127.387167481746,2.31985318702018E-4
591,76.4351930221679,1.85495026828017E-4
592,279.956428357444,3.71194633833444E-4
593,-50.8502532963865,6.93555128361369E-5
594,-126.86182853526,0
595,126.87931816454,2.31521939937302E-4
596,101.09676707393,2.07997074842825E-4
597,25.2415139899785,1.38784195588325E-4
598,252.781430424985,3.46399253498229E-4
599,-25.0997210185895,9.28511628909822E-5
600,150.834921696188,2.53379836751245E-4
