400,738.704183825183,1.76965480421063E-4
401,621.352874510525,1.19764998528362E-4
402,375.645514671573,0
403,915.879980031965,2.63326177902306E-4
404,844.717191708101,2.28639340501636E-4
405,821.800632390345,2.17469135039475E-4
406,1584.21958267944,5.89094569943899E-4
407,1910.28031758002,7.48026168334443E-4
408,1710.45267739706,6.50624295439285E-4
409,2219.27483532884,8.98639190214271E-4
410,3207.0775551811,0.00138012330760888
411,4376.0498638782,0.0019499148145567
412,5832.6122808108,0.0026598862042405
413,7190.46298515256,0.00332174260005142
414,10747.9821124762,0.00505578212303436
415,14405.5737955119,0.00683859995487808
416,18574.0567977088,0.00887044125157688
417,26512.2567780448,0.0127397535488802
418,36740.8238619153,0.0177254581795837
419,49515.1555015647,0.0239520433784406
420,67768.1059825226,0.0328490686402115
421,93049.8233741646,0.0451721217558735
422,130358.504231819,0.0633574708269833
423,183873.59432767,0.0894423007269737
424,249860.890365616,0.121606450869058
425,335181.221558137,0.163194091330496
426,444120.44906702,0.216294276977495
427,592748.74262277,0.28874008149326
428,759030.789000564,0.369790844697026
429,973056.076056539,0.474113068524965
430,1221784.06903713,0.59535041254595
431,1477140.57322307,0.719818688010236
432,1725470.39514539,0.840861951738959
433,1941175.63078461,0.946003031948458
434,2041138.99254173,0.994728116461916
435,2051954.6782716,1
436,1955007.00356823,0.952744850110359
437,1781435.46842942,0.868140975549624
438,1594589.797557,0.777066896565038
439,1390439.52967522,0.677558047711461
440,1208600.13157918,0.588924173416264
441,1039075.26561242,0.506292764506341
442,900208.021676314,0.438604782849843
443,771400.12831004,0.375820024714943
444,670770.825473212,0.326770340920115
445,584292.073288584,0.284618051973967
446,510165.149168107,0.248486407549397
447,446121.284826907,0.217269543212887
448,392855.154147711,0.191306063459628
449,352193.870051798,0.171486556900687
450,314905.135148099,0.153310930074558
451,283196.774782007,0.137855342032463
452,250186.124343488,0.121764979481741
453,228637.5354127,0.111261563046532
454,207693.617695728,0.101052881156843
455,189926.912520948,0.0923928661678494
456,174677.607504726,0.0849599061050189
457,160700.174967236,0.0781468941204373
458,143778.333644928,0.069898690638084
459,131717.695618939,0.0640199807110376
460,122182.468013497,0.0593722301475954
461,111829.899295846,0.0543260834711308
462,106502.38061979,0.0517292940757462
463,99334.9468271936,0.048235675902546
464,91503.8054850605,0.0444185471363149
465,86196.3173948616,0.0418315212379918
466,79442.9936019919,0.0385397524662109
467,73214.2560301787,0.0355036824575196
468,70066.1424394287,0.0339691992421596
469,67076.1530764692,0.0325117904291335
470,61968.893860314,0.0300223619768979
471,57979.6700875956,0.0280778969043738
472,56670.9594703689,0.0274399928332506
473,53258.4401627949,0.0257766304898618
474,50777.7198423906,0.0245674543963283
475,46531.9712935704,0.0224979515982251
476,45655.0286114009,0.0220705039258871
477,40832.7752178518,0.0197199956995143
478,40598.652843726,0.0196058775639769
479,38688.9801579606,0.0186750468939055
480,34231.0965140468,0.0165021432071666
481,34583.4918441875,0.0166739110623231
482,30815.3344289491,0.0148372002385755
483,30382.835063119,0.0146263873189051
484,28527.6788465261,0.013722129580367
485,28939.8972181448,0.0139230569465746
486,25750.3795591651,0.0123683921698083
487,26679.01527356,0.0128210365474158
488,23956.5015336715,0.0114940032250728
489,22299.1093701859,0.0106861415063564
490,22181.2636926773,0.0106287000548564
491,21719.7199546314,0.0104037300533714
492,20757.6562633121,0.0099347918960017
493,18663.6162465841,0.00891409516275715
494,18627.8514914224,0.0088966623685091
495,18081.4795593936,0.00863034460872256
496,16648.9094365887,0.00793206776930695
497,16075.9435947876,0.00765278735521968
498,15531.0376533218,0.00738718416237871
499,14124.1659440842,0.00670143348605845
500,14897.4183165034,0.00707833944974443
501,15267.4934410806,0.00725872495703821
502,12608.2598244434,0.00596253622914712
503,14586.8699652235,0.00692696904367108
504,13083.3792109718,0.00619412340124353
505,12907.2389010537,0.00610826743025448
506,11988.2204565756,0.00566031079304751
507,11700.7997657299,0.00552021348933339
508,11001.744362734,0.00517947331221405
509,10793.7873149936,0.00507810892682112
510,10182.3558896453,0.0047800792552434
511,9546.06718651175,0.00446993341490574
512,8460.59809993909,0.00394084383598076
513,9054.45778915548,0.00423030852621907
514,8531.14329882603,0.00397522964211378
515,8807.2332955185,0.00410980403202722
516,8453.80903191469,0.00393753464441856
517,7387.78455094055,0.00341792293853092
518,8726.31165454706,0.00407036044263613
519,7253.39097537231,0.00335241555450017
520,8436.04183438862,0.00392887438944305
521,6800.52160170777,0.00313167369350739
522,7206.91364237863,0.00332976113453799
523,5978.58216638377,0.00273103622246662
524,6251.00270916112,0.00286382201254718
525,6177.05670835411,0.0028277785554703
526,5461.53893844252,0.00247901413621706
527,5649.4627282619,0.0025706137221062
528,5874.53375550389,0.00268031996478482
529,5082.52905734907,0.00229427356564097
530,5749.49755752879,0.00261937364198726
531,4631.63247534974,0.00207449330136648
532,4627.89777040626,0.002072672896262
533,4950.99779627542,0.00223016135793484
534,4733.61157039286,0.002124200913608
535,3963.89863753705,0.00174902017693345
536,4146.01172708017,0.00183778745649489
537,4212.85900817957,0.0018703707886659
538,4572.13599196096,0.00204549296433885
539,4786.99985120639,0.0021502239329317
540,4528.14493248792,0.00202405042726343
541,3422.14132359329,0.00148495171781309
542,3420.60706885625,0.00148420387690004
543,3595.96565982381,0.00156967881506604
544,3513.4824745423,0.00152947408302086
545,2987.54072098464,0.00127311459349591
546,3189.16869921152,0.0013713940041389
547,3021.77982577262,0.00128980374085085
548,3426.65484025619,0.0014871517386706
549,3246.77512751593,0.00139947307269275
550,3436.38242590034,0.00149189325020334
551,3465.59789036488,0.00150613372741532
552,3285.37470421844,0.00141828764239063
553,2274.4814449661,9.25548516521375E-4
554,2201.37582983481,8.89914688155986E-4
555,2535.26836827323,0.00105266373808643
556,2889.4623539981,0.00122530831091037
557,2248.81110554624,9.13036037591735E-4
558,1365.09229030009,4.82285478565694E-4
559,2433.62912289902,0.00100312177857555
560,1838.00586916359,7.12797475087704E-4
561,2177.67187943309,8.78360685106019E-4
562,2910.38522245244,0.00123550673276996
563,1881.27626799613,7.33888740957386E-4
564,2228.15790949478,9.02969061997963E-4
565,1869.95051358546,7.28368234932596E-4
566,1826.10757927357,7.06997898420153E-4
567,1836.61385146757,7.12118964694594E-4
568,1469.39298572681,5.33124707160537E-4
569,2009.18787240852,7.96236621477741E-4
570,1775.84952331709,6.82500642816531E-4
571,1754.38032512535,6.72035923764059E-4
572,1556.77615919886,5.75717837659938E-4
573,2325.87219437671,9.50597880250515E-4
574,2050.53764813957,8.16391719122447E-4
575,1630.63526146821,6.1171893783208E-4
576,1533.4162124625,5.64331512120743E-4
577,1616.86897372088,6.05008844032367E-4
578,1409.95467860034,5.0415272695532E-4
579,1642.34002109816,6.17424182155145E-4
580,1427.85511897726,5.1287792841776E-4
581,1444.1641945623,5.20827451845635E-4
582,1297.61390983441,4.49394529989853E-4
583,1231.25253413326,4.17048042410493E-4
584,890.970126699738,2.51184382273428E-4
585,855.623271360276,2.33955284697809E-4
586,1062.23832683941,3.34665543566797E-4
587,992.392583172325,3.00620672493402E-4
588,876.750530117586,2.44253332406417E-4
589,1087.54644670023,3.47001466022977E-4
590,974.425180789807,2.91862831778696E-4
591,1394.35695380029,4.9654993683561E-4
592,1449.97296121489,5.23658815668257E-4
593,1248.81856098528,4.25610240878867E-4
594,1048.84111299234,3.28135347248174E-4
595,1401.59351411082,5.00077249308094E-4
596,892.508420083598,2.51934191741792E-4
597,1162.41868758798,3.83496399775121E-4
598,907.983383467367,2.59477144334252E-4
599,1533.98465214468,5.64608586351423E-4
600,1057.31824092664,3.32267348891272E-4
