400,269.590888982925,1.20626567738459E-4
401,359.846344839966,1.89296055552631E-4
402,470.608436181616,2.73567704390181E-4
403,627.306994682274,3.92789414050626E-4
404,381.585532538034,2.05835985139679E-4
405,402.117464243453,2.21457392407068E-4
406,178.581051044212,5.13831198165829E-5
407,156.181817490198,3.43410044011951E-5
408,111.04586110727,0
409,178.089810850965,5.10093672035832E-5
410,221.753527496369,8.42302404420088E-5
411,308.57870784709,1.50289855425295E-4
412,154.328373339184,3.29308396711658E-5
413,393.834942669014,2.15155762118619E-4
414,499.608293968879,2.95631804139336E-4
415,478.658899219743,2.79692776478574E-4
416,281.447593299925,1.29647560484893E-4
417,367.043494239697,1.94771896966411E-4
418,324.834330195666,1.62657697902823E-4
419,408.775440282049,2.26523011987713E-4
420,494.246957279446,2.91552712842675E-4
421,366.65531980091,1.94476560361649E-4
422,619.982959503853,3.87217033526265E-4
423,642.674050721871,4.04481204396489E-4
424,384.764284413143,2.08254490049763E-4
425,637.971165909758,4.00903086173826E-4
426,637.617541247171,4.0063403623964E-4
427,1167.63702946524,8.03891284700205E-4
428,2047.84538882071,0.00147358439779501
429,1963.7251324884,0.00140958278301965
430,1328.83999577293,9.26540104379404E-4
431,818.301665565408,5.38104798037554E-4
432,989.663523004294,6.68482855180738E-4
433,902.871512935344,6.02448477300719E-4
434,1361.97339958003,9.51749149609616E-4
435,1365.8055986536,9.54664819860078E-4
436,1697.42450473101,0.00120697200964262
437,2151.92504376258,0.00155277181675896
438,2409.03247076546,0.00174838808347499
439,2832.48853928682,0.0020705681784182
440,3851.08514251494,0.00284555187739504
441,4919.63893031823,0.00365854473875258
442,5833.84318142404,0.00435410310788221
443,8568.20447363228,0.00643450021686417
444,10277.6799243282,0.00773512855578839
445,13401.5936545696,0.0101119106992537
446,16796.5819053721,0.0126949357596667
447,21740.1092834474,0.016456143210499
448,27822.8220707584,0.0210840825152094
449,38939.3100998167,0.0295418929821681
450,51587.5417580732,0.0391651072408517
451,65927.6004200191,0.050075522286572
452,89293.8544556851,0.0678533804950166
453,119147.747373065,0.0905672598547618
454,153155.959133259,0.116441889381285
455,193700.495159003,0.147289581591283
456,259399.948768261,0.197276009405294
457,313743.433475509,0.238622421380598
458,381559.836795817,0.290219498113345
459,465643.093252173,0.354192962097076
460,540567.412245706,0.411197988122992
461,616457.762572206,0.468938004363266
462,698621.057416003,0.531450694820284
463,784548.402557065,0.59682720557011
464,869114.234651902,0.661167829872422
465,955058.13459472,0.726556936090817
466,1031013.18900869,0.784346181449747
467,1108285.64952618,0.843137755161165
468,1171548.13320331,0.891270051549344
469,1215796.94025911,0.924936081907918
470,1262923.3500115,0.960791492414549
471,1293663.05073212,0.984179325138913
472,1307621.24951357,0.994799207915294
473,1314456.88897098,1
474,1277766.77651148,0.97208488720694
475,1245308.72912773,0.947389676616894
476,1202951.07490438,0.915162501063825
477,1145771.734708,0.871658471666898
478,1072751.32685677,0.816102007412058
479,1022981.10051013,0.778235089349701
480,942897.735046792,0.717304881457194
481,866506.393588016,0.659183693750596
482,809211.385345025,0.615591660083547
483,749917.811019782,0.570479047877198
484,682774.20481643,0.51939385857536
485,626475.33366147,0.476559720627503
486,573214.751054049,0.436037218208048
487,523620.578346899,0.398304247873691
488,471875.642178095,0.358934901943879
489,432775.221357857,0.329185942775169
490,394773.090945071,0.300272601121599
491,358495.563653901,0.272671397464779
492,322770.88609402,0.245490821098857
493,294203.25645734,0.223755575549568
494,272188.140707647,0.207005710310444
495,244002.124277327,0.185560809352239
496,222976.819584081,0.169564026767605
497,205438.317992661,0.156220125173241
498,187218.903349882,0.142358161262989
499,170959.848221095,0.129987707006964
500,154142.237717726,0.117192284408315
501,143045.469564097,0.108749477507984
502,127921.284043238,0.0972424714941988
503,121097.738896409,0.0920508811813452
504,108575.803808727,0.0825237577432295
505,100835.079877706,0.0766343459330882
506,93090.2402579685,0.0707418027639233
507,87621.6287005478,0.0665810930191567
508,80108.5491685633,0.060864880980012
509,75098.9544586883,0.0570534072068521
510,67278.0833970059,0.0511030166740396
511,65159.1245098133,0.0494908391042617
512,57946.5126388432,0.0440032333049354
513,53582.1751657391,0.0406826936646398
514,50308.1819771065,0.0381917258529366
515,47218.7949134788,0.0358412127974702
516,42260.9214303058,0.0320690903312538
517,39651.007163045,0.0300833768442423
518,37262.9716328125,0.0282664764121747
519,35381.2633299813,0.0268348073330693
520,31784.6982299866,0.0240984155996083
521,29334.4183325279,0.022234157489535
522,27868.6699511379,0.0211189651761315
523,25006.5973749337,0.0189414008834395
524,24602.9859114447,0.0186343192537415
525,21865.0768506835,0.016551222879135
526,18839.8256757712,0.0142495066369668
527,17272.3426522342,0.013056911071839
528,18407.1620084682,0.0139203210808432
529,16745.8998914838,0.0126563751219518
530,14480.5195250406,0.010932795001606
531,14039.7994038101,0.0105974798153171
532,12156.1679372216,0.00916434752638193
533,11104.5982997763,0.00836427679693282
534,11704.7753291578,0.00882091234116785
535,10878.8168038762,0.00819249438739145
536,10329.829781182,0.00777480597944907
537,10351.2547269491,0.00779110682285301
538,7921.6367602896,0.00594256902787601
539,8628.96423675367,0.00648072835646677
540,7663.16560565027,0.00574591518977525
541,6644.05243445365,0.00497053846793369
542,6313.84182982625,0.00471930276284249
543,6702.80439442798,0.00501523900111704
544,5812.69377490801,0.00433801190431741
545,5915.23592628779,0.00441602953713249
546,5531.38103362429,0.00412397939319529
547,4817.70296479206,0.00358098831320405
548,4200.66284263238,0.00311152274187489
549,4412.58204004729,0.00327275823291848
550,4703.09754163219,0.00349379252393697
551,4070.93738279054,0.00301282310317486
552,4160.58839144355,0.0030810327065475
553,3443.43481239753,0.00253539733758771
554,4283.74775645316,0.0031747366320822
555,3849.84693883138,0.00284460980899649
556,2942.28636276893,0.00215410617875327
557,2974.47258139574,0.00217859457257712
558,2457.09772135507,0.00178495779672176
559,2996.98292494567,0.00219572122433924
560,2515.09839364858,0.00182908672412512
561,2766.07418543662,0.00202003782965317
562,2336.19632936252,0.00169297181553854
563,2539.26018339581,0.00184746985355326
564,1895.61983799752,0.00135776590784338
565,1884.79119540459,0.00134952710018883
566,2331.97544445261,0.00168976041959428
567,1435.12395114351,0.00100740463172413
568,1446.65720334836,0.00101617953086145
569,1867.84791034201,0.00133663606001748
570,1856.06056517075,0.00132766783811983
571,1306.70244620601,9.09697087236717E-4
572,1737.94838490293,0.00123780398616109
573,2117.98645432674,0.00152695015831666
574,1263.59881570075,8.76902347000558E-4
575,1308.51297096278,9.11074597399861E-4
576,1325.48019086302,9.23983848027602E-4
577,1666.32771470795,0.00118331249096564
578,1263.53156549408,8.76851180705917E-4
579,1805.60771907401,0.00128928155922587
580,871.254695356076,5.78393303584447E-4
581,1142.07510490868,7.844428840448E-4
582,1233.00710169041,8.53627107708933E-4
583,1165.00731713662,8.01890508159989E-4
584,1209.3623024839,8.35637322653146E-4
585,1540.05482418951,0.00108723968700739
586,914.688703276812,6.11439406441185E-4
587,958.684364350912,6.44912834538316E-4
588,889.072130583976,5.91949427584309E-4
589,1261.59217369275,8.75375624016258E-4
590,1430.81038116676,0.00100412271775958
591,704.493215213024,4.51515373382699E-4
592,790.841103494081,5.17211847970201E-4
593,1091.30253328962,7.45813346860796E-4
594,723.024754285715,4.656148124077E-4
595,1238.30913544376,8.57661079270637E-4
596,1118.53439072788,7.66532290494253E-4
597,784.411787207348,5.12320200676274E-4
598,1093.30935113791,7.47340203630502E-4
599,396.633525257912,2.17285021022255E-4
600,1115.54221616349,7.64255740087007E-4
