400,408.891385289073,1.51181313472578E-4
401,671.5240896066,2.60515195024471E-4
402,604.997458833504,2.3282018732201E-4
403,276.421541583849,9.60341746632621E-5
404,209.619222593256,6.8224398074742E-5
405,801.179701842976,3.14490770486891E-4
406,307.757196329106,1.09079194220791E-4
407,45.7362806133669,0
408,437.79808174889,1.63215158743322E-4
409,240.873004587887,8.12353340414918E-5
410,176.01309676825,5.42341823858119E-5
411,400.816401787286,1.47819701322971E-4
412,464.372570144222,1.74278106802543E-4
413,77.119789217667,1.30649410984128E-5
414,459.056357036948,1.72064969578503E-4
415,458.530155031183,1.71845911910418E-4
416,871.06429260301,3.43583695483857E-4
417,836.999658840725,3.29402603138361E-4
418,297.491971499553,1.04805785550936E-4
419,170.57407603524,5.19699204001366E-5
420,707.759729397153,2.75600076243329E-4
421,671.678218998817,2.60579359023986E-4
422,672.97268044407,2.61118242765432E-4
423,1078.11754282852,4.29779874264852E-4
424,887.960675425559,3.50617652366632E-4
425,1074.62103745305,4.28324280584848E-4
426,3373.32849137219,0.00138527520237634
427,3186.15819496745,0.00130735628869677
428,1654.96913928822,6.69922945114452E-4
429,941.34506943924,3.72841552573495E-4
430,879.436148012753,3.47068895280725E-4
431,936.449867111817,3.70803681955554E-4
432,876.392576350553,3.45801857710235E-4
433,1367.2941096792,5.50163954342748E-4
434,1489.44187911573,6.01014018085213E-4
435,1271.65209511275,5.10348224922585E-4
436,1823.12268997085,7.39925195750522E-4
437,1607.20698046871,6.50039578994435E-4
438,2458.01016350413,0.00100422857719896
439,2400.73996735745,9.80387019239802E-4
440,2913.76608468613,0.00119395957065071
441,4154.37203772476,0.00171042329391234
442,4252.97277553724,0.00175147073854393
443,6490.1765102567,0.00268281768855493
444,7528.71312819874,0.0031151600347545
445,7738.17241981221,0.00320235784752775
446,10882.5175154012,0.00451134735488081
447,12538.4625945981,0.0052007165772548
448,17214.4343163783,0.00714732158860566
449,20461.2463957163,0.00849896805710641
450,26515.8977830561,0.0110195168186996
451,33055.586639885,0.0137419864696777
452,43060.5838583247,0.0179070624972442
453,57290.6991057764,0.0238310533382845
454,75463.0791276847,0.0313962073049023
455,94748.2927556524,0.0394246334218338
456,125574.004399363,0.0522573638860928
457,166115.190800859,0.0691346423023994
458,214750.443607797,0.0893814770728748
459,274910.649684168,0.114426144919493
460,348273.715626377,0.144967157634769
461,453333.096719618,0.188703332678972
462,561466.258509459,0.233719121301658
463,698829.978049064,0.290903578510434
464,859171.646686779,0.357653746019937
465,1030916.99311347,0.429151259675365
466,1234681.71698348,0.513978426352686
467,1436705.63339651,0.598080895636353
468,1639471.07240926,0.682492060458517
469,1850233.43693464,0.770232341923067
470,2042053.95146491,0.850087139402971
471,2187944.07416674,0.910821134571324
472,2302844.41686424,0.958654097687649
473,2386878.56057391,0.993637475475816
474,2402162.084751,1
475,2376529.00300512,0.989328959122983
476,2309293.52669471,0.961338859329013
477,2190784.6701923,0.912003673471813
478,2064121.85272206,0.859273997179946
479,1954609.78919056,0.813684172356834
480,1804233.84002947,0.751082729567917
481,1662077.09884721,0.691902939516207
482,1516985.95354394,0.631501558294327
483,1404763.89306622,0.584783562911137
484,1267333.26977354,0.52757125369881
485,1157227.28568712,0.481734180004802
486,1053671.59130419,0.438623989089663
487,971354.884134224,0.404355579392363
488,865930.326539029,0.360467381527873
489,792384.759704016,0.329850393769622
490,715478.847856166,0.297834495831613
491,647186.205301173,0.269404298185908
492,586467.730720541,0.244127223401709
493,526640.114879775,0.21922101272675
494,485158.058006026,0.201952050338578
495,430529.241126489,0.179210097429293
496,381824.575449134,0.158934366110796
497,346152.454231712,0.144084077430925
498,314996.95790007,0.131114057743294
499,280973.209903324,0.11694998612436
500,258356.384465849,0.107534611447827
501,228556.845562821,0.0951290762529958
502,205828.902457319,0.0856674433391801
503,186807.027100251,0.0777486448308647
504,165823.707639193,0.0690132979878946
505,151892.581149613,0.063213776037823
506,132212.169482826,0.0550208291477527
507,119941.356371038,0.0499124949408763
508,110062.469173422,0.045799918460596
509,101367.46469919,0.0421801918475331
510,90822.3856922166,0.0377902800043003
511,83662.714852806,0.0348097121213292
512,76085.0806640129,0.0316551462762491
513,68284.771072159,0.0284078807568995
514,60411.633685266,0.0251302970578808
515,57739.625070397,0.0240179410237651
516,51293.5284915519,0.0213344337977517
517,47535.2347093398,0.0197698577169115
518,45230.1289506924,0.0188102431836207
519,40783.4793083129,0.0169591048550335
520,35747.3058033108,0.0148625479966578
521,32289.0049266757,0.0134228588330429
522,30253.4231268318,0.0125754470075748
523,28309.1443971489,0.0117660446108421
524,26138.8905642241,0.0108625688760773
525,23724.7421225714,0.00985755992087404
526,19288.2064951928,0.00801063205237023
527,19390.104680069,0.0080530522227925
528,17691.7614794287,0.00734603268074499
529,17082.5805321401,0.00709243091508676
530,16527.8900250329,0.00686151349617805
531,13685.1360335168,0.00567807623539498
532,12954.1593395498,0.00537377095291666
533,12572.2244566403,0.00521477162586378
534,11127.9742585824,0.00461353089121846
535,10300.0821884792,0.00426887977944762
536,10237.3039421225,0.00424274522256131
537,8646.85110473194,0.00358064039220897
538,9373.19566501365,0.00388301731943159
539,8840.93233169903,0.00366143632330143
540,7383.50275177434,0.00305470901766832
541,7087.10337124886,0.0029313180833723
542,6852.52058597711,0.00283366137102316
543,6842.52465015357,0.00282950006725038
544,5871.32836734996,0.00242519147352967
545,5976.67295492067,0.00246904637990745
546,5687.24572623931,0.00234855794941753
547,5807.23137329808,0.00239850792254651
548,5218.41893977975,0.0021533855603873
549,4557.04459652343,0.00187805570649513
550,5465.06460736283,0.00225606404544075
551,4440.56158024104,0.00182956387704792
552,3471.83840560281,0.00142628483718997
553,3823.73940293415,0.00157278107062821
554,2758.92702424754,0.00112950013656161
555,3041.21020144693,0.00124701450150032
556,3352.28362413951,0.00137651423322258
557,3044.64376614413,0.0012484438930031
558,3766.86293325975,0.00154910342082968
559,2841.55246285917,0.00116389707102494
560,2771.34088877877,0.00113466802301271
561,1883.64555408264,7.65120837980898E-4
562,2809.67935584923,0.00115062831032139
563,2301.33587354878,9.39005137853428E-4
564,2168.73736199013,8.83804434672217E-4
565,2336.77747418211,9.5375946091355E-4
566,1853.5363668606,7.52586396324392E-4
567,1621.92843488134,6.56168114118058E-4
568,2393.98069716361,9.77573137972919E-4
569,1544.04876025819,6.2374683915661E-4
570,2328.9070474523,9.50483005659907E-4
571,1623.05188418253,6.5663580557768E-4
572,1950.41048804824,7.92915051199633E-4
573,808.274600975564,3.17444373936243E-4
574,1292.68801207047,5.19105468080732E-4
575,2317.96695916248,9.45928651622566E-4
576,2060.35279624512,8.38683986691407E-4
577,2137.69244943642,8.70880450963652E-4
578,1277.85697157062,5.12931312316256E-4
579,1287.95001879993,5.1713304352538E-4
580,576.258867478298,2.20856324133823E-4
581,1197.25742648297,4.79377756453332E-4
582,1771.42620910336,7.18403973058537E-4
583,1837.90602491011,7.46079491710699E-4
584,1458.50450431229,5.88134802295709E-4
585,1235.94942448162,4.95485218534962E-4
586,838.754467605911,3.30133129270579E-4
587,1196.71719647019,4.79152858931974E-4
588,1206.24605567673,4.83119718910516E-4
589,1577.78994820253,6.37793281147576E-4
590,1043.13305556514,4.1521584730352E-4
591,1297.00278778069,5.20901707348232E-4
592,1185.33222620003,4.74413300718065E-4
593,1438.56743789604,5.79835010144118E-4
594,1020.22891893461,4.05680865101218E-4
595,1712.50107613935,6.93873465615994E-4
596,594.155040802161,2.28306493371154E-4
597,1233.02725406112,4.94268720249039E-4
598,860.637178436983,3.3924289235304E-4
599,738.486849823315,2.88391763226238E-4
600,872.779802119066,3.44297861355609E-4
