400,358.848811863046,2.6823286247436E-4
401,729.2248638811,6.3818787452751E-4
402,425.528212828683,3.34836462932677E-4
403,458.900990956479,3.68171303204461E-4
404,391.033559597235,3.00381022894163E-4
405,90.3106777980253,0
406,457.70811385885,3.66979782158144E-4
407,322.578210012894,2.32003492698601E-4
408,223.273125935228,1.32811297693775E-4
409,388.239583471744,2.97590222934094E-4
410,321.507877799824,2.30934377228987E-4
411,452.070793538507,3.61348870289797E-4
412,613.92772894473,5.23021808274935E-4
413,350.434295708512,2.5982791186157E-4
414,477.421372260514,3.86670630715596E-4
415,282.04230864869,1.91513672160614E-4
416,507.792510703519,4.17007243537966E-4
417,505.948265394825,4.15165094749757E-4
418,183.847547654484,9.3430538034552E-5
419,119.058646197965,2.87152879835358E-5
420,665.362321431973,5.74397930407797E-4
421,598.938038885995,5.08049158352952E-4
422,535.185596254162,4.44369188890111E-4
423,661.129088522658,5.70169509797296E-4
424,563.990815913515,4.73141663050374E-4
425,1201.43458612077,0.00110986079325682
426,2812.94059773291,0.00271953486019846
427,2178.12563472715,0.00208544154879055
428,1380.29981240508,0.00128852268725712
429,968.353291784747,8.77044463514079E-4
430,494.706590277926,4.03936199061957E-4
431,241.373468484091,1.50891063945791E-4
432,619.450392596775,5.28538193815592E-4
433,461.105636353626,3.70373442381738E-4
434,429.537872161675,3.38841564123165E-4
435,178.450751550085,8.80398769565138E-5
436,303.593797563496,2.13040661548285E-4
437,524.133353758259,4.33329510478109E-4
438,488.430990030089,3.97667732856652E-4
439,583.930697973056,4.93058877642089E-4
440,674.863631253767,5.83888439231167E-4
441,395.223466935695,3.04566167185905E-4
442,643.733658334092,5.52793854567926E-4
443,796.2855790078,7.05172355672587E-4
444,300.870308350066,2.10320268371428E-4
445,854.350537703732,7.63171306677043E-4
446,1075.44504124128,9.84014472090801E-4
447,734.389822341661,6.43346961512534E-4
448,1164.46507482564,0.00107293330854967
449,1321.03577057438,0.00122932601622417
450,1446.02993269005,0.00135417808616799
451,2038.05734102706,0.00194553248339139
452,2096.96624291909,0.00200437441820536
453,2296.25942116322,0.00220344104186445
454,2699.05930874325,0.00260578303037243
455,2795.55263508146,0.00270216666401718
456,4341.55153679457,0.00424640808891781
457,5472.1259665702,0.00537569729246016
458,6309.85460256941,0.00621247360653256
459,8723.07353023896,0.00862294920993189
460,10617.4254185056,0.010515147617032
461,13747.040918343,0.0136412053998058
462,16811.4379239877,0.0167021188281494
463,21705.7735725791,0.0215908906426362
464,27422.38113246,0.0273009996175431
465,35866.7340684245,0.0357357530935954
466,41702.6265170013,0.0415650113552739
467,59252.3442380444,0.0590947787245243
468,73026.1584096945,0.0728529349555386
469,95071.3946031418,0.0948731103346524
470,118375.380138324,0.11815060412125
471,146690.517426942,0.146433553031744
472,177633.406300477,0.177341266324206
473,210022.612402306,0.209693652685326
474,253210.715713412,0.252832660172327
475,290206.380128391,0.289786268268702
476,334618.444220869,0.334147845150129
477,403705.020490227,0.403155884458229
478,466650.850715022,0.466030158463327
479,526006.466989514,0.525318299839113
480,597898.605696452,0.597128712248163
481,669959.891077308,0.669108079046804
482,732449.043058284,0.731526193955557
483,797451.72335329,0.796454979823315
484,868766.080329891,0.86768826731879
485,918472.42093982,0.917338102234596
486,938783.448837213,0.937626040749113
487,969829.894932774,0.968637193540738
488,991187.503299998,0.989970522782385
489,1001228.39490747,1
490,978716.026146866,0.977513223085583
491,968496.892126963,0.967305706079808
492,954984.58652193,0.953808761134966
493,915894.116980638,0.914762729266774
494,883788.853805106,0.88269396304834
495,845704.79283504,0.844653195675706
496,792366.561096983,0.791375598330981
497,750562.940472644,0.749619499664027
498,692462.550017179,0.691585157178524
499,639854.793289733,0.639037204447382
500,596187.939790783,0.595419991011187
501,551506.617864078,0.550789462385272
502,504689.373633118,0.504025439551216
503,447777.826675804,0.447178589097908
504,423406.597208501,0.422835064611918
505,371756.013840131,0.371243197134303
506,342493.219864071,0.342013668823454
507,304842.393922723,0.304405643982087
508,277442.643869497,0.277037041703503
509,247520.686773181,0.247149099602749
510,220499.669412118,0.220158799476613
511,198293.617185785,0.197977990878747
512,178286.02839455,0.177993146523705
513,160826.174454176,0.160553140778834
514,143796.809449038,0.143543134593482
515,126243.407176301,0.126009686861101
516,115645.348226516,0.115423675683692
517,106557.04039302,0.106345699351897
518,93483.7856065014,0.0932873061167837
519,79080.1711323902,0.0789000655342879
520,72704.9648926976,0.0725321065682697
521,65265.1774807731,0.0651007766357468
522,61675.8042468035,0.0615154837670498
523,52465.7326371464,0.0523158820789931
524,47766.4433664439,0.0476219349155323
525,43664.9199902438,0.0435250741120038
526,41597.2887655022,0.0414597933507264
527,35799.6110241049,0.0356687063541126
528,32621.9005563655,0.0324946082773378
529,31428.4666937818,0.0313025310989913
530,25068.4686750853,0.0249497630654086
531,24656.6328663173,0.0245383954276617
532,22030.4865145968,0.0219152344540772
533,21355.8309866071,0.0212413458680597
534,18880.9616867688,0.0187692899760469
535,17800.2394930233,0.0176897963369881
536,16223.3117689364,0.0161146612493041
537,13241.1430660895,0.0131358826474077
538,14281.7588342093,0.0141753154534432
539,12133.8235704907,0.0120298219420548
540,11627.5492837152,0.0115241231830618
541,10306.0021593953,0.0102040783809137
542,8614.70929732399,0.00851470816444379
543,9057.51902414289,0.00895701450938683
544,8424.17912922599,0.00832439458922444
545,7515.85844303887,0.00741710647333378
546,7715.46720609511,0.00761648832305117
547,7221.14096664371,0.00712272402895605
548,6799.14290329257,0.00670120568898016
549,6808.17775157381,0.00671023026653201
550,5531.99838709339,0.00543550165058651
551,5075.69776446917,0.00497971974615988
552,5124.05841983161,0.00502802542559036
553,3895.18342920556,0.003800547408338
554,4124.6789962467,0.00402978208700646
555,3541.32225580426,0.00344708850094504
556,2901.99205550102,0.00280848508511837
557,4202.06707767003,0.00410708219439661
558,3610.18332537304,0.00351587128990643
559,3108.97577017886,0.00301523350268267
560,2633.84047978308,0.00254063834155525
561,2956.59264344625,0.00286302360363576
562,2386.46667155378,0.00229354574551276
563,2008.60694381747,0.00191611556511257
564,1924.18617845827,0.00183179076847459
565,2841.78429475158,0.00274834576797734
566,2110.05634082691,0.00201744963541467
567,2425.43511576527,0.00233246989076839
568,1939.37878123433,0.00184696610044466
569,2574.24155489364,0.00248110716815542
570,1915.88089212549,0.00182349492351214
571,1824.26071732499,0.00173197890165287
572,2158.42289648393,0.00206576120843233
573,1375.93984100824,0.00128416767223419
574,1704.71130336394,0.00161256539032588
575,1507.93899894683,0.00141601677478848
576,1899.09278041855,0.00180672589637054
577,1915.7612627512,0.00182337543013138
578,1763.35504223788,0.00167114246355655
579,1552.15775760712,0.00146018526598548
580,1511.36285412234,0.00141943673775806
581,1804.93840618274,0.00171267855592972
582,1132.61490733429,0.00104111934802507
583,2126.74866754825,0.00203412298645813
584,1617.79755925293,0.00152575044893057
585,1863.30061506855,0.00177097441921287
586,1941.57767902828,0.00184916249855256
587,1538.06732344303,0.00144611084969262
588,1605.39168231993,0.00151335867488019
589,1986.66497985909,0.00189419854456963
590,1265.96538293513,0.00117431823207657
591,906.311165740853,8.15072866367585E-4
592,976.436399927475,8.85118382856532E-4
593,1109.98497849241,0.00101851514467056
594,1120.18319787503,0.00102870177081461
595,2079.89893852586,0.00198732651576105
596,1397.84638104539,0.00130604930912548
597,2056.29225256031,0.00196374666565105
598,2074.0333985608,0.0019814676436859
599,1363.59104830422,0.00127183291751999
600,1443.47392995995,0.00135162498907744
