300,0.170305720329946
301,0.167261498785645
302,0.165038473846231
303,0.159542520895129
304,0.158239287066298
305,0.154629128978402
306,0.150837841298924
307,0.149222096277073
308,0.145680330348216
309,0.143203697812088
310,0.139555908257362
311,0.138514803445787
312,0.136086932867853
313,0.133396609990004
314,0.131600561809956
315,0.129750025547984
316,0.129746473698204
317,0.126634697851395
318,0.125928937900996
319,0.12518342000549
320,0.122144227982642
321,0.123616753470853
322,0.122477272087242
323,0.121408022434239
324,0.119997874290216
325,0.119860516479936
326,0.118604780442923
327,0.116969920026756
328,0.116818292721351
329,0.11462895862036
330,0.11548568845959
331,0.111722712021781
332,0.112057384242397
333,0.112643105492183
334,0.109005118384453
335,0.107415299597028
336,0.105306574795142
337,0.104048690606154
338,0.102891013835611
339,0.102345716631401
340,0.102196411202972
341,0.0986313182742782
342,0.099687395160182
343,0.0977333203293221
344,0.0959243106326889
345,0.0963387081269342
346,0.0955527096482645
347,0.0937944287183059
348,0.0924331343455318
349,0.0928481702107523
350,0.0930354724146242
351,0.0925265399152639
352,0.091762914519192
353,0.0894568113179462
354,0.0896489120915566
355,0.0877791057621758
356,0.0858760415594671
357,0.0862090177023282
358,0.0840542695677126
359,0.0832883675300717
360,0.0835533211328181
361,0.0818950965224957
362,0.0796797666478815
363,0.0813498942976498
364,0.0793445892176626
365,0.0771605865046058
366,0.0774280583953653
367,0.0760539656282141
368,0.0756155041331431
369,0.0747812998359974
370,0.0746199281604022
371,0.0735523866631483
372,0.0724826291753964
373,0.0732319135344236
374,0.0722076511022344
375,0.0720608391459077
376,0.0713714912513699
377,0.0715083466749798
378,0.0715299842303837
379,0.0702264033946983
380,0.070426566466848
381,0.070430544661892
382,0.0695740584238023
383,0.0687350425150442
384,0.0694181899860209
385,0.0686945160122969
386,0.0676158281800313
387,0.0684743834739768
388,0.0689493668154775
389,0.066974862057623
390,0.0666710821036394
391,0.0670100932502724
392,0.0655245332659742
393,0.0645596885748286
394,0.064806551334469
395,0.0640034265272449
396,0.0621041746938105
397,0.0613609706404329
398,0.0612964003822977
399,0.0598572088939341
400,0.0580944962697794
401,0.0584735992560637
402,0.0564985078715665
403,0.0550336097315019
404,0.054791930003916
405,0.054165963144065
406,0.0533623559376267
407,0.0518470091277249
408,0.0516995262348398
409,0.0519381020680997
410,0.0496555654583771
411,0.0496843160010778
412,0.0492262234301935
413,0.0476701410620548
414,0.0462623676728996
415,0.0458233069462075
416,0.0452187335432429
417,0.0429595168960333
418,0.0429102893328922
419,0.0432793209302299
420,0.0421527050634508
421,0.0401349508302778
422,0.0407605065941652
423,0.0390410130317747
424,0.038534583019225
425,0.0376493263251466
426,0.0374147445277623
427,0.0365347689117481
428,0.0351542327198284
429,0.0354833580971918
430,0.0361458024323989
431,0.0341367206677516
432,0.0337883334458032
433,0.0337033229751297
434,0.032942975258285
435,0.031733099286757
436,0.0324925262701235
437,0.0319167642975735
438,0.0304021176807221
439,0.0296970672374102
440,0.0309862080866295
441,0.0283750854823472
442,0.0275702514123331
443,0.0290806058229443
444,0.0281080319396878
445,0.0270976619449107
446,0.0272943890158774
447,0.0274777260746191
448,0.0274545574191189
449,0.0268995174170421
450,0.0281663296899117
451,0.0293836015437456
452,0.0294832030433748
453,0.0320094203888725
454,0.0341896016293062
455,0.0357847613729031
456,0.0382521167719287
457,0.0424140458455056
458,0.0454414830617195
459,0.04708554415398
460,0.051047250675499
461,0.053575796956237
462,0.0542921187955213
463,0.054574795997213
464,0.0557720180198861
465,0.0533698372102269
466,0.0509019431992257
467,0.0476234662129945
468,0.0447908837004147
469,0.0396393268252315
470,0.0349974154534512
471,0.0308696780882317
472,0.0268364854930436
473,0.0228217406386137
474,0.0191281845027204
475,0.0173502098449203
476,0.013686387373251
477,0.0112595612168473
478,0.0108574751462807
479,0.00845096223684411
480,0.0072823749327795
481,0.00776974383175173
482,0.00625861487914567
483,0.00585104593667843
484,0.00501353098239362
485,0.00568741996415854
486,0.00550480695994478
487,0.00418843950602694
488,0.00490672521559526
489,0.00632309280916171
490,0.00422678366582004
491,0.00411982044614553
492,0.00557279817715312
493,0.00415406679773114
494,0.0039293659669104
495,0.00504327310806489
496,0.00408222676942151
497,0.00445762015012361
498,0.00259727126286821
499,0.00476567535033788
500,0.00415494026344813
501,0.00322621752727712
502,0.00529954992220335
503,0.00388593842371728
504,0.00436427480410293
505,0.00409248843971463
506,0.0044762122602053
507,0.00491172665370448
508,0.00373407135344474
509,0.00505973030291237
510,0.00458961088013643
511,0.00428931985519052
512,0.00440043205986375
513,0.00495922854299532
514,0.00452029158780461
515,0.00378564172978412
516,0.0044388656331696
517,0.00392601099498849
518,0.00380723962769321
519,0.00416150483230307
520,0.0048287631309741
521,0.0036631706326076
522,0.00357272210497116
523,0.0045193443621249
524,0.00448823257353207
525,0.00330720829836973
526,0.00329603237165226
527,0.00479614502132441
528,0.00326979672448513
529,0.0040414683760695
530,0.00474838600048734
531,0.00408830578979069
532,0.00382294513821534
533,0.00350845690340894
534,0.00454631576688645
535,0.00431672052457068
536,0.00303873421571107
537,0.00473596444893097
538,0.00505482095521307
539,0.00421368712074073
540,0.00360083715984593
541,0.00488703233407772
542,0.00389714750405797
543,0.00367803901717879
544,0.00417672301940611
545,0.00380469836477099
546,0.00372055050442148
547,0.00324047520243465
548,0.00407979364066331
549,0.00376743269928287
550,0.00332151031586038
551,0.00459400853063832
552,0.00449138246964163
553,0.00418123075437179
554,0.00370241626770379
555,0.00508685483729225
556,0.0044575664484316
557,0.00375502391795708
558,0.00480523819726158
559,0.00449953783474422
560,0.00379900687152006
561,0.00466807110340441
562,0.00492044157636546
563,0.00435668978939199
564,0.00347535125121003
565,0.0046322171089785
566,0.00530942772255532
567,0.00329633288659362
568,0.00429755435414688
569,0.00472913785364667
570,0.00369259997656118
571,0.00299357821437617
572,0.00393700643358084
573,0.0034282073702051
574,0.00352305013049189
575,0.00269564935385297
576,0.0042042388531822
577,0.00343317583839405
578,0.00266645122986712
579,0.00428675249650808
580,0.00396900252652866
581,0.00281347189564838
582,0.00380175339515353
583,0.00368285315935559
584,0.00309796753256471
585,0.00334826166001971
586,0.00447229073449316
587,0.00345524345532387
588,0.00358025723778396
589,0.00392084332127914
590,0.00450644110180255
591,0.00411845209073913
592,0.0036404780092611
593,0.00366308574953061
594,0.00419493976898363
595,0.00342463511051194
596,0.00414065936135838
597,0.00375407684029375
598,0.00342562617049248
599,0.00304388910383364
600,0.00508785180697911
