300,0.214463779229781
301,0.209787183312022
302,0.206771350034938
303,0.201486925013865
304,0.197581597078144
305,0.193808795683146
306,0.18797372311351
307,0.185058958938249
308,0.180747827020526
309,0.176863236678308
310,0.17298384040363
311,0.170662953762593
312,0.166862886563408
313,0.163719606126219
314,0.162010962672224
315,0.15885683401793
316,0.157306944936313
317,0.154488341358257
318,0.153445494909426
319,0.152209592682603
320,0.149685535480701
321,0.148713150707883
322,0.14803377592842
323,0.146312117989511
324,0.144824798433698
325,0.144172277622242
326,0.14318320482087
327,0.139172598574731
328,0.139609834251963
329,0.13847703998485
330,0.136637323419695
331,0.134751089297667
332,0.133824126562343
333,0.133272326431957
334,0.130409544425778
335,0.130546231965663
336,0.12604980307529
337,0.124001538155757
338,0.122997437160773
339,0.120180778313513
340,0.12006754140492
341,0.117070984603687
342,0.11575552527531
343,0.115796275961147
344,0.111972106649952
345,0.112865637979473
346,0.109935347531966
347,0.109592625317371
348,0.106947987453677
349,0.105753431427061
350,0.10591310273805
351,0.103177513320951
352,0.103538626778113
353,0.10422430502357
354,0.103841822307051
355,0.101026579202889
356,0.100493878260121
357,0.0998934524265075
358,0.0964194694898978
359,0.097092664490322
360,0.0947174654027638
361,0.0944349389427027
362,0.0931049078723272
363,0.0916960010965311
364,0.0915724709675803
365,0.0891687162548546
366,0.0889515643011947
367,0.0878814786201728
368,0.0874089924619018
369,0.0851604617371222
370,0.0857494872576537
371,0.0862267339890903
372,0.0825966500490187
373,0.0839244945168818
374,0.0821794842648638
375,0.0825987351734093
376,0.0809316971891475
377,0.0812510676207911
378,0.08239655568204
379,0.0793430004842607
380,0.0808781845020638
381,0.0799495857946045
382,0.079523565530859
383,0.0799803161569578
384,0.0783968103767383
385,0.0798051979994265
386,0.0776183951581727
387,0.0784637075008079
388,0.0773038069788494
389,0.0761291746552946
390,0.0758198339846294
391,0.0745362246545068
392,0.0739432564499321
393,0.0720559608108518
394,0.0718835588223778
395,0.0699020049318127
396,0.0688210353839693
397,0.0679841177079489
398,0.0652339515159597
399,0.0661001429945374
400,0.0626876882258734
401,0.0624957182199191
402,0.0627092550276667
403,0.0602042669124659
404,0.0598208684187914
405,0.0594533992213204
406,0.0595283474261743
407,0.0567181854190987
408,0.0580256704681179
409,0.0571937126101575
410,0.0551373584147369
411,0.0553991363994072
412,0.0537017702712831
413,0.0538948449613185
414,0.0505328393716323
415,0.0505914553718828
416,0.05008389643279
417,0.0477934702684254
418,0.0475346164585796
419,0.0455822106130362
420,0.0467066089118261
421,0.0440094592547493
422,0.0431847007846678
423,0.0434273730137183
424,0.0411282208354866
425,0.0410216143149671
426,0.0398352727576149
427,0.0395886056288274
428,0.0371363523521611
429,0.0378201850415948
430,0.0373287591607787
431,0.0346829007727339
432,0.034857007987916
433,0.0337958741067288
434,0.0341313225870974
435,0.0313863863192535
436,0.0314652884564017
437,0.0322967818674099
438,0.0291700175679329
439,0.0304778575358632
440,0.029007358980837
441,0.0285845349446243
442,0.0276358501436708
443,0.0275195540631563
444,0.0292018137880575
445,0.026169099535849
446,0.0285018972245737
447,0.0283733491800392
448,0.0293582219691606
449,0.0297370644269524
450,0.031380592771065
451,0.0344676693110504
452,0.0341547722517992
453,0.0389350771849038
454,0.0402490816103886
455,0.0449634585088111
456,0.0472060422042702
457,0.0506756095478625
458,0.0560065433600549
459,0.0559932574456058
460,0.0603780265152063
461,0.0609393947595825
462,0.0618632284761065
463,0.0612172278764333
464,0.0590055557776043
465,0.0577088205459678
466,0.0515272603903018
467,0.0492211018738791
468,0.0443760573628507
469,0.0389194542527009
470,0.0332423648685027
471,0.0284475274796293
472,0.0250421202384007
473,0.0187304312351311
474,0.0174369291229472
475,0.0141217605321454
476,0.0104850103251096
477,0.00860240349674682
478,0.0063047361078662
479,0.00674101733528936
480,0.00375748455407384
481,0.00447272451032376
482,0.00365637532884495
483,0.00229491343111105
484,0.00317577837276483
485,0.00198557453970914
486,0.00263899735553007
487,7.94419328677888E-4
488,0.00194178771200248
489,0.00218401322171214
490,0.00133292464044287
491,0.00102957791774679
492,0.00127523076650776
493,0.00184400087380141
494,-3.42071898335602E-5
495,0.00110389409496777
496,0.00185464117545345
497,-3.55512837381145E-5
498,9.78642081827494E-4
499,4.27192442562858E-4
500,0.00101244541746369
501,6.88222032820812E-4
502,0.00110657285645995
503,0.00112039915581221
504,4.58042251183479E-4
505,3.35273980292775E-4
506,8.64127530670386E-4
507,0.0016438851031021
508,-3.52383062785556E-4
509,6.52822476837877E-4
510,0.00151291623992526
511,-3.15315465378243E-4
512,0.00101356395394774
513,7.86274950166329E-4
514,5.25822747949777E-4
515,-2.97936138572996E-4
516,0.00114151752263235
517,9.9932569247002E-4
518,-3.33256418935788E-4
519,3.86242439731358E-4
520,1.40417729680822E-4
521,3.17080434067919E-4
522,-3.52154455415526E-5
523,5.65464677716689E-4
524,0.00220916545448604
525,-6.01932850210028E-4
526,8.86568882381644E-4
527,0.00136417494859069
528,3.0220447761056E-4
529,3.02712498873297E-4
530,0.00107206789049361
531,0.00200037292187745
532,-2.85955224752911E-4
533,6.27709917730413E-4
534,0.00143444078022764
535,4.13742314973784E-4
536,0.0010089819916144
537,4.33680137796926E-4
538,4.69996155318276E-4
539,5.40133676341962E-5
540,3.24490516704693E-4
541,0.0012778405114203
542,1.62396924722067E-4
543,-2.16677776939321E-4
544,0.00126537503599529
545,7.4323606819809E-4
546,0
547,4.54882503725771E-4
548,0.00101951381913382
549,7.11584437914671E-4
550,1.46128696500994E-4
551,8.58813392284012E-4
552,0.00139132524783046
553,-1.83335577165757E-5
554,0.00137985272683947
555,9.21365081454754E-4
556,-2.95715038681028E-4
557,3.33374602674652E-4
558,0.00114961461876998
559,9.49115222611537E-4
560,-4.0946598567074E-4
561,0.00104658330133442
562,0.00149660103100051
563,2.06507419584039E-4
564,7.89797500195163E-4
565,0.00152367684319941
566,6.41053011449875E-4
567,3.76517845685278E-4
568,0.00109389383191824
569,0.00135781962605107
570,0.00102120238747866
571,-9.48261935038779E-5
572,0.00100735761661405
573,3.81077093641201E-4
574,-3.61824806886712E-4
575,0.00114675368807798
576,8.98586776935748E-4
577,-2.30130438257693E-4
578,-4.03414122558578E-4
579,3.07329146414316E-4
580,-3.85508394824353E-5
581,-7.31621856419606E-4
582,5.01673084462284E-4
583,5.59546025608894E-4
584,-1.15899430987067E-4
585,-5.81657379699588E-5
586,8.74047196144449E-4
587,6.04663318309521E-4
588,3.51766237755466E-4
589,0.0010821214969401
590,6.52554153634151E-4
591,-9.93558792518068E-5
592,6.0039328484986E-5
593,0.00150842239041773
594,2.23146853167636E-4
595,-6.11122891184302E-5
596,8.61817823086789E-4
597,7.01240233309765E-4
598,-2.07330161909289E-4
599,1.25174948813867E-4
600,0.00159005768834647
