300,0.204259906211289
301,0.199574341309309
302,0.196149668891621
303,0.193385758727001
304,0.188891259804314
305,0.18637829441549
306,0.182956083380687
307,0.179428855790845
308,0.175555159145731
309,0.174001596071951
310,0.170335531063003
311,0.166685329755553
312,0.166216574311706
313,0.162466127281644
314,0.161086361441833
315,0.158803584128459
316,0.156511986827321
317,0.155539781652248
318,0.152132220247835
319,0.150770178848113
320,0.149390292627382
321,0.148450187476237
322,0.146404735685625
323,0.14484814920717
324,0.144871531726947
325,0.141461825327746
326,0.142100373417701
327,0.140430307196649
328,0.139444648496607
329,0.137598158856446
330,0.137464851462145
331,0.136702675199845
332,0.133484892613351
333,0.134284058411557
334,0.132740627264644
335,0.131672342108607
336,0.127318670534054
337,0.126471840141941
338,0.126780434336384
339,0.12330058142993
340,0.124534195593305
341,0.122069152378211
342,0.120871007583448
343,0.120549767699119
344,0.117724991201739
345,0.11859514497939
346,0.114911851660142
347,0.115455677007455
348,0.114905637204998
349,0.112457985967568
350,0.110879914219504
351,0.111369225659245
352,0.110308901685659
353,0.107355391348481
354,0.110776449453512
355,0.108552924484458
356,0.107346802823209
357,0.107476705656005
358,0.103659617888776
359,0.103924520984355
360,0.100554774272272
361,0.100368149016687
362,0.0988064334387797
363,0.0965850933537651
364,0.0953999302865821
365,0.0936029048323035
366,0.093034695884405
367,0.0906231456726291
368,0.0899373520192907
369,0.0894035809651038
370,0.0870201498630525
371,0.0867888056848173
372,0.0850900077363477
373,0.085538807380568
374,0.0827105524056281
375,0.0830840547339916
376,0.0827015949261246
377,0.0810885123939666
378,0.0811486453449123
379,0.079818820640094
380,0.0804702843999517
381,0.0774091625528689
382,0.0787537633741279
383,0.07868582165305
384,0.0762823150876521
385,0.0775769319767627
386,0.0755041278475372
387,0.0762194969553635
388,0.0744744957906033
389,0.0746090055043873
390,0.0750568609961658
391,0.0725878287904449
392,0.0738803349200408
393,0.0722256232476042
394,0.0718655326930867
395,0.070069402350564
396,0.0695604052332999
397,0.0695675578528104
398,0.0669015940628563
399,0.0679124115782168
400,0.0659325902127941
401,0.066380184522834
402,0.0636181517827156
403,0.0632228513301953
404,0.0634507827114719
405,0.0601993420295344
406,0.0610136529106184
407,0.0591829050045204
408,0.0588901848285791
409,0.0565923502719973
410,0.0564150307568999
411,0.0561918108022894
412,0.0531389350309228
413,0.054743568337204
414,0.0522778052180088
415,0.0524085347073288
416,0.0501495226483845
417,0.0499388641550315
418,0.0501938978126929
419,0.0478880123620653
420,0.0487883659183828
421,0.0467258722280882
422,0.0469323240791017
423,0.0452541079947839
424,0.0447783898098137
425,0.0456434047118751
426,0.043933835404509
427,0.0433648900647618
428,0.0434051495694157
429,0.0429037141637688
430,0.0408727411807373
431,0.0414400480986616
432,0.0412388512508133
433,0.0398551016448673
434,0.0403873121650841
435,0.0389652039212272
436,0.0402360258893326
437,0.038205513306655
438,0.0387300476445014
439,0.0387363797402736
440,0.0369564194546924
441,0.0376853347510445
442,0.0373858207875072
443,0.0372773600531241
444,0.0359717330396418
445,0.036407287717108
446,0.0366530257379663
447,0.0353719695440691
448,0.0357605885138045
449,0.0360001622447327
450,0.03560573990099
451,0.0347988531401433
452,0.0352954121271797
453,0.035327962341743
454,0.0347574148607739
455,0.0348218647019487
456,0.035924813120242
457,0.0361774624177012
458,0.0351304658505387
459,0.0372090391435893
460,0.0388838817270026
461,0.0381760321060032
462,0.0400616768086737
463,0.0423484702791317
464,0.0432236683356013
465,0.044769674860806
466,0.0468196780761235
467,0.0476307040596591
468,0.0486001549502272
469,0.0486861675460912
470,0.0507901998891126
471,0.0492540537980548
472,0.0472267980468325
473,0.0480638099362781
474,0.0453486930782021
475,0.043372171363945
476,0.0406492210001083
477,0.0404024944928527
478,0.0371600522895691
479,0.0357184337097419
480,0.0344366279844012
481,0.0326505998166592
482,0.0310384614054105
483,0.0278765076515401
484,0.0279789969678764
485,0.0244011738113873
486,0.0216254879458223
487,0.0214026910220754
488,0.0191914986931444
489,0.0167111649552458
490,0.0145559252139553
491,0.0149433777066693
492,0.0119079592111752
493,0.0113918749251808
494,0.0105503221632795
495,0.00951742577161349
496,0.00966424074862461
497,0.00682367067224972
498,0.00937465582754933
499,0.00682844541621618
500,0.00569995197807499
501,0.007303409931607
502,0.00621349087708777
503,0.00568081145956275
504,0.0050059255023066
505,0.00615203349861801
506,0.00409054930528642
507,0.00487877152368597
508,0.00482819679927751
509,0.00365749869176022
510,0.00503872520839645
511,0.00326631168992641
512,0.00544330110702197
513,0.00450104570678027
514,0.00361723933484237
515,0.004600955015057
516,0.00383353491483647
517,0.00464264800322886
518,0.00417982468168077
519,0.00529323010496261
520,0.00364814797121891
521,0.00435117262626941
522,0.00481427703463522
523,0.00435430948467552
524,0.00497637305744698
525,0.0031889270611048
526,0.00614167634033079
527,0.00424016853647373
528,0.00445306257560498
529,0.00604571222274369
530,0.00405927429289435
531,0.00501355619038359
532,0.00398872964914916
533,0.00570504094674647
534,0.00441750521738584
535,0.00475845155578696
536,0.00467307933311049
537,0.00434678451064866
538,0.00419611459360805
539,0.00423916485962261
540,0.00528391374991696
541,0.0040548983668721
542,0.00451998670018905
543,0.0045669077258433
544,0.00437027300597653
545,0.00459287010573836
546,0.00366755880880313
547,0.00435235968289766
548,0.00425236579872024
549,0.00371186310356968
550,0.00460251624265516
551,0.0043780610408817
552,0.00379731485327619
553,0.00394724086935662
554,0.00505235129702961
555,0.00378380041931369
556,0.00451815508389078
557,0.00444313844511318
558,0.0037756080210595
559,0.00437885092182843
560,0.00333823274353846
561,0.00481067271911715
562,0.00440645376142884
563,0.00431088415690263
564,0.00528613068570765
565,0.00447292449650569
566,0.00413553971902325
567,0.00435684392742431
568,0.00512241503400883
569,0.00442563202513101
570,0.0050835189581096
571,0.00427019667782691
572,0.00411548258656305
573,0.00421565099926131
574,0.00379782271663368
575,0.00476001534203622
576,0.00405993035875866
577,0.00374650840176827
578,0.00471855372798201
579,0.00378035510610603
580,0.00445909312398773
581,0.00383983849403744
582,0.00376801206709355
583,0.00380665883704706
584,0.0042051017941224
585,0.00375746577413093
586,0.00389924043175816
587,0.00365604464570058
588,0.00387748021058061
589,0.00457363826629361
590,0.00431349835342503
591,0.00404739666776341
592,0.00416151211263871
593,0.00435770869809435
594,0.00334894004436704
595,0.00410013100848517
596,0.00388049654543519
597,0.00336608045131431
598,0.00473984609381139
599,0.0034806270755464
600,0.00423787167088701
