400,419.615390425308,4.59497876963372E-4
401,420.370778075956,4.60285449096713E-4
402,356.663314402618,3.9386362841708E-4
403,292.351554173044,3.26811764172984E-4
404,230.171135813516,2.619820509821E-4
405,229.349463679058,2.61125370209933E-4
406,574.378850584459,6.20855278525613E-4
407,260.010725251969,2.93093003208947E-4
408,259.593900213104,2.92658418681642E-4
409,415.956234580146,4.55682817010077E-4
410,165.060676627703,1.94097457952561E-4
411,102.434662019252,1.28803163181516E-4
412,163.894963732218,1.92882078019923E-4
413,224.319051393065,2.55880629271602E-4
414,162.465679579285,1.91391896960556E-4
415,70.0338996994849,9.50219152617734E-5
416,221.916896823439,2.5337612711646E-4
417,100.278589717691,1.26555228017735E-4
418,9.10050186517393,3.14923538731101E-5
419,130.486385461832,1.58050074560872E-4
420,129.799313080606,1.57333728376793E-4
421,39.2839674593409,6.29618336418468E-5
422,-21.1049030729995,0
423,429.481699996767,4.69784556221009E-4
424,759.746927770101,8.14121255110175E-4
425,1237.53065229297,0.00131226170905492
426,2698.01599595095,0.00283497333510701
427,2002.73589602349,0.00211006972952168
428,1169.29980506271,0.00124112377892501
429,335.445247150097,3.71741531931779E-4
430,215.949598630246,2.4715458276865E-4
431,186.776135999854,2.16738138733525E-4
432,215.776487849491,2.46974096329951E-4
433,97.5986947075799,1.23761151852427E-4
434,156.351680677592,1.85017401489098E-4
435,568.976906915472,6.15223176523519E-4
436,332.960081021713,3.69150481379445E-4
437,67.539903509897,9.24216584295457E-5
438,537.353702740618,5.82252615840272E-4
439,272.679337502594,3.06301381672818E-4
440,96.5328716331767,1.22649917704302E-4
441,417.551402472312,4.57345949547115E-4
442,300.906110214847,3.35730800572172E-4
443,242.595937566898,2.74936231017814E-4
444,299.442188197813,3.34204505847853E-4
445,678.775265310653,7.29699667216006E-4
446,561.748828527565,6.07687134451563E-4
447,677.175674313646,7.28031923120766E-4
448,561.87939104553,6.07823259791606E-4
449,822.615522807091,8.79668465831656E-4
450,1085.72886737894,0.0011539921695845
451,1491.56136743368,0.00157711580361931
452,1118.64744458395,0.00118831329470967
453,1472.16052754893,0.00155688836034097
454,2083.24078454667,0.00219400465583956
455,1565.56041110912,0.0016542676933049
456,2416.20102245487,0.00254115119002252
457,2929.42320871253,0.00307624001727845
458,4523.61004681072,0.0047383497008932
459,4946.70181605268,0.00517946796251031
460,6154.22884605495,0.00643844358684029
461,9904.05259546946,0.0103480344935032
462,10961.9698958553,0.0114510260296349
463,14980.3819695391,0.0156406488898965
464,18058.3392120977,0.01884974735712
465,24370.9840094553,0.0254313523460466
466,29554.3134289619,0.0308355256936355
467,38223.0223423099,0.03987357862757
468,46901.5394573814,0.0489218576571376
469,57902.6005060902,0.0603916362691033
470,74209.6459494521,0.0773934691125434
471,88274.8052535166,0.0920578967205134
472,99488.2275159305,0.103749084530754
473,116383.334444934,0.121364034147264
474,129407.268232585,0.134942873182867
475,145728.31744165,0.151959306444543
476,152365.051588966,0.158878809121525
477,173784.179269578,0.181210532531684
478,184427.12109664,0.192306933687532
479,195249.691516309,0.203590616795587
480,210473.289413562,0.219462840100772
481,221485.168143191,0.230943897298022
482,236733.481794116,0.24684188941056
483,255493.263148272,0.266400960848156
484,271604.41278112,0.283198551430995
485,289478.02845318,0.301833700699433
486,308428.557229309,0.321591646653873
487,330016.1198243,0.344098981413692
488,347382.439193384,0.362205220219763
489,364085.734155092,0.379620185417474
490,385987.0824841,0.402454675247593
491,404116.720836361,0.421356755446471
492,435612.468125324,0.454194428742104
493,454546.260239682,0.473934924942892
494,486680.74551857,0.507438550668301
495,518475.684689608,0.540588163388206
496,553070.370225837,0.576656810084579
497,584638.568141837,0.609570020880527
498,627211.960723385,0.653957320024546
499,669172.234055123,0.697705377005749
500,710945.980811936,0.741258960153004
501,747459.859142236,0.779328569880509
502,795679.641054123,0.829602831681058
503,840189.693443914,0.876009305080077
504,879257.179090876,0.916741322593006
505,901717.505726336,0.94015860688227
506,930308.949043413,0.969968233752937
507,952530.170969946,0.993136225899895
508,953303.725803317,0.993942739257443
509,959113.453913265,1
510,933400.150709562,0.973191140943314
511,909362.520551324,0.948129349626043
512,876982.340504176,0.914369560919121
513,826484.576145913,0.861720259635907
514,776023.427865032,0.809109134515825
515,719386.908293909,0.75005952666829
516,665258.341805475,0.693624727201536
517,611276.438248408,0.637342839471741
518,553552.863575777,0.577159860824963
519,503640.363863365,0.525120760311257
520,456990.94315669,0.476483767432756
521,412853.062473354,0.430465322702951
522,379518.561554085,0.395710552777438
523,339016.336459391,0.353482666478901
524,304532.279435876,0.317529361797573
525,271413.622281477,0.282999632001088
526,253253.258415626,0.264065517179637
527,224916.414469276,0.234521337287589
528,200924.111329144,0.209506804217546
529,178667.515973628,0.186301931500852
530,163182.366524086,0.170157012826821
531,153132.502189852,0.159678958166131
532,134787.677270508,0.140552523036963
533,123355.08393722,0.12863282602657
534,106804.630586316,0.111377214497643
535,100272.479698558,0.104566751015001
536,87874.9919572117,0.0916410487479012
537,80922.5049315108,0.0843923400429611
538,72717.7221665646,0.0758379795629553
539,67468.1563164395,0.0703647476771149
540,59028.999543104,0.0615660273143013
541,57773.0225071685,0.0602565373950918
542,49264.5190808422,0.0513855157557228
543,48001.2533006469,0.0500684265438042
544,42310.838195364,0.0441355623247259
545,37674.08134251,0.0393012491303643
546,34395.5061602763,0.0358829850796145
547,31255.0146138886,0.0326086879358818
548,27863.9587569687,0.0290731507938307
549,25974.3854289991,0.0271030692128881
550,22322.1500833273,0.0232952246178826
551,20239.4344469194,0.0211237715957142
552,19002.3898767335,0.0198340207898288
553,17545.3789077461,0.0183149315696619
554,16581.7270515739,0.0173102218057249
555,16020.0531013606,0.0167246168506637
556,13809.6057218564,0.0144199898729515
557,12705.3089942179,0.0132686428408924
558,11708.7682661975,0.0122296429228306
559,10878.8847056011,0.0113644008637596
560,9901.13918769106,0.0103449969553897
561,8976.67628768401,0.00938114585492687
562,7886.95640312119,0.00824499673534178
563,7999.93180378723,0.00836278563120376
564,6849.44684527213,0.00716328244581661
565,5484.61960558754,0.00574030458818533
566,5328.31638516721,0.00557734182244657
567,5397.70638643335,0.00564968829419896
568,4418.14558538483,0.00462839175968832
569,3813.19538781251,0.00399766670446887
570,3647.41632921482,0.0038248243675164
571,4425.19630676746,0.00463574288817995
572,4111.15926030295,0.00430832579786881
573,3227.85608129834,0.00338738809326281
574,2604.49870439759,0.00273747159179712
575,2878.39828400184,0.00302304109514425
576,2229.77556799928,0.00234678278494112
577,2977.71492394988,0.00312658927723729
578,2477.13399449107,0.00260468030747128
579,1706.09003417411,0.0018007848026857
580,971.312570588653,0.00103470098594548
581,1680.49243151772,0.00177409657378069
582,1802.59240631725,0.0019013988106537
583,1759.16944324194,0.0018561257437246
584,1777.21410034096,0.00187493922190986
585,1566.91471497495,0.00165567969942373
586,1862.09344168985,0.00196343498151802
587,1589.43566799274,0.001679160193178
588,1662.93098222971,0.00175578689123763
589,759.946858245597,8.14329703939026E-4
590,592.34138251539,6.39583132470422E-4
591,772.90287250038,8.278377296229E-4
592,1246.30664981543,0.00132141162179845
593,1081.42123073044,0.00114950099928008
594,1385.5845198593,0.00146662364524565
595,739.020758168562,7.92512014351384E-4
596,1473.35813432348,0.00155813699304172
597,810.593260418886,8.67133975985892E-4
598,881.250845640246,9.40802039107878E-4
599,886.889804622199,9.46681254834305E-4
600,769.686839824413,8.24484672800576E-4
