300,0.22629994248672
301,0.220864340474222
302,0.218925854868847
303,0.212439787906506
304,0.209372376484056
305,0.205070579697154
306,0.20071289466966
307,0.19738010119253
308,0.193751204544685
309,0.190217914461808
310,0.186440147209521
311,0.183531836420179
312,0.180111829496608
313,0.177036247676242
314,0.174452122142999
315,0.170880052151299
316,0.169809465534695
317,0.166403668636103
318,0.164227049637183
319,0.163211663079171
320,0.160915522229857
321,0.159563707854673
322,0.157562677881115
323,0.15627415103958
324,0.154084982434569
325,0.152369552478482
326,0.151363099762987
327,0.150199139210585
328,0.149119152088573
329,0.146393077430547
330,0.147147224156272
331,0.145599013269608
332,0.141255412329036
333,0.141044570586546
334,0.138726578665628
335,0.138252272101563
336,0.136420321472859
337,0.135831116583194
338,0.133582244109701
339,0.132347471999635
340,0.13148456810292
341,0.12921871178807
342,0.128796426988032
343,0.125403724794545
344,0.125187017555736
345,0.123375283981708
346,0.120839100982127
347,0.120541288833429
348,0.118564102479175
349,0.117629252388501
350,0.117870314191379
351,0.117892909114071
352,0.114892682773537
353,0.11355873490134
354,0.113085105134725
355,0.110744968901918
356,0.109910274283578
357,0.107490598345892
358,0.107648237694759
359,0.104645314745652
360,0.103056782715455
361,0.102957727541591
362,0.098712690720068
363,0.0990419465994946
364,0.0964958074622064
365,0.0960889539803652
366,0.0946743506583515
367,0.0922850278060141
368,0.0929072705543824
369,0.0909637768453801
370,0.0903414913837079
371,0.088540867654829
372,0.0883032221142437
373,0.086617217245016
374,0.086005020269931
375,0.086333367820806
376,0.0837953078482311
377,0.0850954244051717
378,0.0826561407435651
379,0.0836988284832365
380,0.0820167720440826
381,0.0804179094278775
382,0.0822440091101947
383,0.0791521875027741
384,0.080619166289006
385,0.0787858423169465
386,0.0785500648473493
387,0.0782856969008003
388,0.0758137463078314
389,0.0767114588297155
390,0.0754775531649318
391,0.0757931158840999
392,0.0740328511767527
393,0.0737068941684208
394,0.0730147483578776
395,0.0719403475049958
396,0.0720141856615697
397,0.0701340787859742
398,0.0700886185387677
399,0.0678659731250464
400,0.0684642724140724
401,0.067822728130725
402,0.0656989229107239
403,0.0662176389038785
404,0.0636129462949733
405,0.0636521378840635
406,0.0618837112735101
407,0.061186885966
408,0.0596356350260553
409,0.0582486437502343
410,0.0578445142438869
411,0.0546680303619635
412,0.05576415620652
413,0.0538364306970078
414,0.0529106862278131
415,0.0525107994430065
416,0.0505183981144074
417,0.0505016422492141
418,0.0493066967582898
419,0.0489733264326116
420,0.0478648407716733
421,0.0467167007335437
422,0.0460747356281119
423,0.0456341534263079
424,0.0455255575875241
425,0.0445179169881497
426,0.0444894765740397
427,0.0422827033249611
428,0.0437064930147792
429,0.0428500574861271
430,0.0417811353526212
431,0.0426914228180298
432,0.0405242304542987
433,0.0408453955937725
434,0.0401451301811581
435,0.0394904807517518
436,0.0388121552542099
437,0.0381351185472921
438,0.0392406236429109
439,0.0368388148115314
440,0.037689762969755
441,0.036291143383381
442,0.0359338997321481
443,0.0362993707853841
444,0.0346143466210364
445,0.035794621923402
446,0.0336353484177629
447,0.0345418103557267
448,0.0343565841905906
449,0.0334659456794057
450,0.0343497429611384
451,0.0339046637656751
452,0.0342500580729113
453,0.033502988134202
454,0.0340117883619071
455,0.0344486041291593
456,0.0350398914674328
457,0.0360307739183913
458,0.0358968109942914
459,0.0376252956951407
460,0.0382002790370059
461,0.0397292511851094
462,0.0409847439405352
463,0.0418746848954604
464,0.0446822023564524
465,0.0449931713558437
466,0.0468691325876056
467,0.0478417108725619
468,0.0478876094445517
469,0.0482955487218635
470,0.0476923929437203
471,0.047598529038162
472,0.045735588337904
473,0.0456138229581555
474,0.0424393004227207
475,0.0407366219248862
476,0.0396006529988222
477,0.0359673872429071
478,0.0362792026027381
479,0.0325018548649191
480,0.0314446685215359
481,0.0296333027255412
482,0.0265951320999157
483,0.0260762448707225
484,0.0236395107635183
485,0.0215585011926413
486,0.0192439870688494
487,0.0183820326562361
488,0.0158260342444084
489,0.0140860938267407
490,0.0124117620706401
491,0.0107350822059799
492,0.0100806412280994
493,0.00813184389254991
494,0.00818918249687008
495,0.00618373135864444
496,0.00541512839255715
497,0.00497959626352418
498,0.0042282014284128
499,0.00480738986945605
500,0.00345659740948779
501,0.00296783607402253
502,0.00299433412145619
503,0.00299387025749433
504,0.00256082521977042
505,0.00192982468924906
506,0.00269207398417314
507,0.0020952696370936
508,0.00160809241010129
509,9.96728024093048E-4
510,0.00106281453628493
511,0.00122485437416822
512,2.34726591308232E-4
513,8.04901389954188E-4
514,1.67758995404682E-4
515,7.41232034229421E-4
516,0.00132886460634008
517,6.73873414853748E-4
518,3.86824426145751E-4
519,8.76239503353649E-4
520,5.57318343784326E-4
521,0.00128175234293645
522,0.00108387386011034
523,1.69441101561577E-4
524,6.61814518782581E-4
525,3.39411905754615E-4
526,4.59417873915265E-4
527,0.00147913078935224
528,6.63707678078543E-4
529,2.90812662460966E-4
530,9.59085924390368E-4
531,4.28746536987092E-4
532,7.02894607515782E-4
533,0.00101424529768936
534,0.00120589580584946
535,0.00115428317498443
536,0.00136955042624262
537,7.81058567762236E-4
538,0.00178761543320399
539,8.47910603566582E-4
540,7.9591839677532E-4
541,6.9237875470594E-4
542,6.05312678546946E-4
543,3.12604511207983E-4
544,7.81996157330166E-4
545,6.27593291156701E-4
546,1.74278971070461E-5
547,6.65478186275821E-4
548,0.00110509793093155
549,6.31114685339519E-4
550,9.68327005179242E-4
551,2.63629527066889E-4
552,7.5862399083275E-4
553,0.00102336441072874
554,1.77082360008155E-4
555,5.15398745865621E-4
556,7.10357110984935E-4
557,1.96396200635132E-4
558,1.60767110818052E-4
559,5.91327960594535E-4
560,3.76610356223963E-4
561,-2.15950519629581E-4
562,0.00124628666912943
563,0.00111959554222165
564,3.80522987522035E-4
565,0.00128739038450935
566,0.00105270362268282
567,6.88838541286478E-4
568,9.99652934812111E-4
569,0.00163679018582044
570,4.73067897522913E-4
571,8.05979277414247E-4
572,8.78324017725694E-4
573,0.00106476275807322
574,2.57218162466366E-4
575,6.81102008008481E-4
576,7.5649827978031E-4
577,9.59115019010753E-4
578,9.63082532889371E-4
579,5.19003283845703E-4
580,0.00157915306544427
581,1.30086711142743E-4
582,7.6281796447976E-4
583,0.0016937385280907
584,-5.5842249641189E-5
585,2.99474722483836E-4
586,0.00142447068384315
587,8.4644987210989E-4
588,-2.6398588632565E-4
589,0.00112027057122164
590,4.58096450230069E-4
591,3.25593990790183E-4
592,9.84904643254764E-4
593,-9.71250103351025E-5
594,7.04039481807426E-4
595,4.52195567405765E-4
596,2.1777582572601E-4
597,0.00125579214796322
598,3.6014471216447E-4
599,-8.06152458397612E-5
600,2.02185516642123E-4
